100
520
0 20
0 21
0 27
0 46
0 52
0 58
0 71
0 82
0 91
0 95
0 99
1 10
1 21
1 37
1 42
1 87
1 93
2 3
2 7
2 12
2 18
2 21
2 24
2 41
2 45
2 48
2 50
2 62
2 63
2 92
2 99
3 19
3 20
3 22
3 25
3 35
3 71
3 76
3 77
3 93
3 95
4 7
4 27
4 36
4 51
4 58
4 62
4 69
4 89
4 90
4 99
5 26
5 28
5 37
5 39
5 43
5 50
5 69
5 79
5 88
5 91
5 99
6 25
6 44
6 49
6 58
6 61
6 73
6 95
7 15
7 22
7 24
7 35
7 38
7 53
7 80
7 90
7 91
7 94
8 36
8 51
8 56
8 58
8 80
8 81
8 93
8 98
9 22
9 30
9 37
9 57
9 66
9 71
9 73
10 14
10 52
10 54
10 69
10 81
10 99
11 44
11 50
11 55
11 68
11 76
11 81
11 83
11 99
12 17
12 24
12 32
12 33
12 35
12 37
12 73
12 85
12 91
12 92
12 97
13 20
13 47
13 49
13 54
13 57
13 71
13 89
13 98
14 15
14 17
14 21
14 28
14 35
14 54
14 65
14 98
15 25
15 55
15 59
15 67
15 88
16 19
16 49
16 54
16 76
17 47
17 59
17 67
17 68
17 76
17 84
17 86
17 94
18 25
18 35
18 37
18 40
18 53
18 56
18 65
18 67
18 70
18 79
18 80
18 81
18 86
18 90
18 97
19 20
19 32
19 37
19 49
19 66
19 74
19 91
20 22
20 25
20 30
20 49
20 54
20 62
20 74
20 92
20 96
21 37
21 41
21 46
21 51
21 56
21 66
21 67
21 69
21 70
21 81
21 87
21 90
21 91
22 25
22 29
22 58
22 67
22 70
22 84
22 88
23 24
23 31
23 43
23 44
23 54
23 57
23 67
23 89
24 27
24 30
24 42
24 49
24 56
24 65
24 70
24 74
24 75
24 91
24 94
24 98
25 39
25 42
25 63
25 82
25 97
26 38
26 45
26 55
26 59
26 74
26 76
26 82
26 87
27 31
27 51
27 88
28 29
28 34
28 40
28 42
28 44
28 49
28 52
28 54
28 83
28 95
28 98
29 45
29 49
29 51
29 52
29 58
29 60
29 66
29 70
29 79
29 81
30 32
30 38
30 52
30 58
30 66
30 84
30 89
30 92
30 94
30 95
31 39
31 76
31 78
31 83
31 90
31 99
32 48
32 52
32 61
32 67
32 76
32 86
32 89
32 95
32 96
33 36
33 48
34 39
34 52
34 53
34 82
35 58
35 64
35 71
35 75
35 92
36 37
36 57
36 60
36 72
36 80
36 84
36 95
36 96
37 46
37 47
37 48
37 57
37 60
37 84
37 92
38 43
38 44
38 45
38 46
38 65
38 76
38 82
39 48
39 50
39 57
39 58
39 76
39 77
39 79
39 99
40 58
40 60
40 67
40 77
40 91
41 53
41 59
41 78
41 91
41 97
42 52
42 54
42 60
42 73
42 85
43 46
43 50
43 70
43 74
43 75
43 85
43 87
43 89
44 50
44 56
44 58
44 71
44 79
44 82
44 90
44 94
44 98
44 99
45 56
45 58
45 61
45 62
45 78
45 81
45 82
45 98
46 77
47 59
47 64
47 81
47 85
48 51
48 53
48 55
48 56
48 66
48 76
48 84
48 86
48 88
48 90
49 52
49 77
50 57
50 59
50 77
50 86
51 58
51 59
51 64
51 66
51 72
51 75
51 77
51 83
52 56
52 67
52 72
52 79
52 84
52 85
52 88
53 86
54 68
54 79
54 97
55 68
55 77
55 85
55 89
55 90
55 92
56 61
56 62
56 77
56 88
56 92
56 99
57 72
57 74
57 77
57 82
58 60
58 75
58 87
58 93
59 71
59 75
59 77
59 78
59 86
59 87
60 68
60 73
60 75
60 91
60 92
60 98
61 81
61 98
62 77
62 84
62 92
63 64
63 84
63 91
64 67
64 68
64 84
64 91
65 66
65 75
65 84
65 87
65 95
66 74
66 79
66 89
67 78
67 81
67 89
68 72
68 83
68 90
68 94
69 84
69 86
69 99
70 73
70 76
70 81
70 83
70 86
71 73
71 78
71 80
71 86
71 87
71 94
72 73
72 78
72 79
72 80
72 83
73 82
73 96
74 76
74 78
76 82
76 89
76 91
76 96
77 81
77 84
77 88
77 94
77 99
78 97
79 85
79 86
79 89
79 93
79 96
80 88
80 97
81 99
82 84
82 99
84 85
84 91
85 98
86 87
86 99
87 94
88 93
88 97
89 98
90 93
90 97