1000
5040
0 37
0 156
0 301
0 331
0 388
0 425
0 523
0 949
1 17
1 165
1 366
1 368
1 408
1 500
1 548
1 628
1 646
1 876
1 937
1 974
2 39
2 90
2 340
2 397
2 477
2 593
2 661
2 772
2 905
2 989
3 16
3 174
3 242
3 261
3 472
3 482
3 712
3 720
3 731
3 749
3 765
3 860
3 993
4 34
4 77
4 210
4 564
4 609
4 635
4 677
4 688
5 114
5 221
5 317
5 371
5 496
5 504
5 536
5 668
5 795
5 824
6 50
6 127
6 268
6 327
6 384
6 491
6 526
6 570
6 791
6 947
7 97
7 116
7 233
7 303
7 442
7 446
7 547
7 580
7 708
7 758
7 845
7 906
7 936
8 68
8 269
8 305
8 404
8 438
8 545
8 581
8 623
8 733
9 224
9 270
9 370
9 459
9 552
9 721
9 749
9 757
9 760
9 793
9 913
10 201
10 258
10 349
10 418
10 445
10 630
10 749
10 921
11 110
11 131
11 266
11 303
11 390
11 491
11 510
11 660
11 671
11 715
11 853
11 896
12 81
12 204
12 211
12 478
12 499
12 556
12 744
12 953
13 196
13 215
13 334
13 434
13 476
13 504
13 525
14 69
14 73
14 120
14 244
14 324
14 346
14 421
14 659
14 713
14 714
14 762
14 764
14 821
14 973
15 78
15 185
15 188
15 428
15 489
15 516
15 568
15 596
15 630
15 691
15 730
15 732
15 752
15 790
15 883
16 149
16 224
16 319
16 583
16 593
16 653
17 33
17 278
17 394
17 482
17 603
17 741
17 764
17 875
17 967
18 83
18 135
18 161
18 509
18 839
18 968
19 22
19 272
19 282
19 334
19 608
19 623
19 771
19 814
19 819
19 971
20 143
20 172
20 188
20 233
20 274
20 338
20 482
20 775
20 981
20 984
21 149
21 342
21 413
21 522
21 696
21 719
21 734
21 771
21 956
21 977
22 57
22 272
22 295
22 322
22 527
22 594
22 598
22 652
22 731
22 767
22 864
23 139
23 168
23 318
23 334
23 382
23 426
23 516
23 528
23 548
23 847
24 141
24 192
24 219
24 271
24 293
24 338
24 342
24 357
24 406
24 719
25 88
25 328
25 465
25 770
25 845
25 851
25 896
25 940
26 105
26 118
26 192
26 255
26 281
26 334
26 362
26 485
26 519
26 749
27 100
27 157
27 164
27 357
27 407
27 646
27 657
27 737
27 756
27 988
28 47
28 126
28 234
28 264
28 298
28 345
28 371
28 428
28 447
28 519
28 561
28 587
28 710
28 812
28 828
28 976
29 47
29 87
29 147
29 281
29 644
29 813
30 85
30 265
30 310
30 314
30 410
30 415
30 488
30 584
30 640
30 668
31 75
31 94
31 255
31 278
31 410
31 443
31 451
31 575
31 691
31 737
31 928
31 935
31 955
32 186
32 380
32 406
32 424
32 481
32 734
32 737
32 930
33 115
33 194
33 251
33 388
33 425
33 454
33 572
33 598
33 628
33 718
33 737
33 791
33 874
34 47
34 235
34 342
34 461
34 470
34 526
34 719
34 845
34 942
34 951
34 953
35 82
35 119
35 122
35 197
35 589
35 633
35 812
35 970
36 161
36 238
36 240
36 258
36 359
36 442
36 456
36 485
36 677
36 729
36 767
37 296
37 390
37 713
37 749
37 807
37 812
38 66
38 97
38 360
38 437
38 518
38 543
38 903
38 929
38 936
38 947
39 118
39 169
39 212
39 293
39 391
39 426
39 491
39 584
39 964
39 968
40 126
40 137
40 188
40 256
40 333
40 335
40 379
40 382
40 437
40 444
40 454
40 475
40 544
40 586
40 610
40 635
40 660
40 740
40 755
40 897
40 917
40 977
41 124
41 183
41 190
41 266
41 298
41 450
41 470
41 629
41 663
41 926
41 927
42 98
42 111
42 122
42 144
42 292
43 261
43 339
43 352
43 360
43 494
43 544
43 858
43 905
43 938
43 976
44 56
44 115
44 359
44 446
44 467
44 555
44 597
44 614
44 634
44 688
44 772
44 819
45 99
45 216
45 327
45 599
45 613
45 649
45 754
45 874
45 882
46 158
46 166
46 287
46 291
46 560
46 660
46 725
47 94
47 266
47 283
47 286
47 364
47 398
47 517
47 684
47 849
47 893
47 940
47 954
48 119
48 148
48 201
48 287
48 491
48 609
48 624
48 723
48 754
48 758
48 810
48 970
49 121
49 311
49 329
49 330
49 501
49 542
49 545
49 615
49 681
49 746
49 765
49 980
50 201
50 226
50 347
50 353
50 643
50 795
50 859
50 955
51 114
51 176
51 198
51 239
51 361
51 452
51 648
51 803
52 73
52 81
52 105
52 238
52 264
52 472
52 528
52 591
52 601
52 626
52 692
52 865
52 942
53 179
53 290
53 296
53 319
53 372
53 578
53 676
53 860
53 900
53 937
53 948
54 212
54 236
54 434
54 605
54 792
54 935
54 938
55 101
55 106
55 115
55 135
55 161
55 183
55 187
55 241
55 298
55 920
56 281
56 556
56 615
56 645
56 782
57 62
57 95
57 115
57 780
58 83
58 106
58 135
58 252
58 399
58 496
58 643
58 755
58 943
59 356
59 450
59 470
59 537
59 824
60 240
60 251
60 294
60 377
60 680
60 694
60 791
60 813
60 940
60 966
61 103
61 127
61 157
61 177
61 209
61 327
61 339
61 363
61 454
61 487
61 527
61 568
61 619
61 854
61 898
62 277
62 545
62 618
62 689
62 804
62 882
62 990
63 162
63 203
63 287
63 408
63 653
63 729
63 732
63 855
64 322
64 387
64 465
64 477
64 572
64 659
64 671
64 688
64 827
64 847
64 878
65 99
65 148
65 443
65 478
65 545
65 563
65 624
65 752
65 872
65 888
66 85
66 153
66 156
66 613
66 651
66 657
66 828
66 868
66 893
67 68
67 114
67 131
67 150
67 209
67 255
67 284
67 369
67 381
67 503
67 559
67 639
67 724
67 874
68 69
68 73
68 164
68 183
68 350
68 363
68 462
68 557
68 607
68 618
68 675
68 836
69 198
69 297
69 413
69 476
69 552
69 654
69 839
69 854
69 877
70 99
70 101
70 120
70 140
70 141
70 183
70 186
70 312
70 530
70 600
70 645
70 677
70 678
70 703
70 711
70 771
70 922
71 179
71 218
71 433
71 465
71 598
71 605
71 779
71 912
71 993
72 148
72 213
72 242
72 457
72 629
72 786
72 803
72 901
72 960
73 119
73 165
73 304
73 332
73 356
73 367
73 391
73 527
73 540
73 577
73 674
73 800
73 831
73 848
74 189
74 248
74 269
74 497
74 525
74 693
74 833
75 201
75 203
75 262
75 525
75 723
75 819
75 829
75 985
75 990
76 104
76 136
76 278
76 350
76 461
76 471
76 648
76 714
76 749
76 921
76 935
76 947
76 964
76 999
77 136
77 228
77 258
77 293
77 361
77 439
77 444
77 470
77 496
77 562
77 608
77 620
77 858
78 128
78 178
78 196
78 229
78 335
78 489
78 557
78 622
78 678
78 935
79 90
79 141
79 248
79 256
79 407
79 712
79 944
80 134
80 385
80 387
80 430
80 471
80 657
80 698
80 841
80 894
81 273
81 280
81 445
81 454
81 501
81 624
81 800
81 866
81 879
81 899
81 910
82 148
82 190
82 323
82 338
82 442
82 444
82 983
83 209
83 242
83 330
83 390
83 448
83 457
83 645
83 677
83 850
83 853
84 119
84 331
84 496
84 614
84 762
84 813
85 91
85 115
85 350
85 495
85 553
85 634
85 661
85 683
85 743
85 795
86 135
86 228
86 547
86 698
86 749
87 206
87 382
87 434
87 532
87 590
87 687
87 802
87 817
87 861
88 145
88 216
88 347
88 348
88 360
88 501
88 542
88 595
88 742
88 763
88 787
88 796
88 804
88 806
88 817
88 949
89 379
89 388
89 558
89 775
89 932
90 194
90 441
90 550
90 554
90 668
90 728
90 765
91 382
91 395
91 419
91 645
91 800
91 821
92 163
92 198
92 254
92 256
92 300
92 452
92 488
92 498
92 596
92 636
92 837
92 950
92 955
93 208
93 232
93 254
93 280
93 360
93 432
93 643
93 914
93 920
94 114
94 500
94 516
94 644
94 657
94 814
94 834
94 836
94 875
94 911
95 423
95 456
95 549
95 617
96 133
96 337
96 443
96 451
96 693
96 970
96 978
97 320
97 725
97 799
97 845
98 100
98 138
98 169
98 340
98 575
98 703
98 723
98 732
98 808
99 158
99 496
99 539
99 595
99 604
99 695
99 719
99 747
99 884
100 154
100 179
100 322
100 330
100 438
100 462
100 500
100 522
100 588
100 598
100 601
100 665
101 148
101 165
101 169
101 182
101 343
101 355
101 547
101 583
101 712
101 757
101 777
101 821
102 220
102 255
102 295
102 518
102 651
102 714
102 756
102 850
102 943
102 951
103 104
103 212
103 313
103 354
103 731
103 811
103 925
104 195
104 481
104 504
104 515
104 704
104 742
105 112
105 164
105 252
105 291
105 311
105 400
105 444
105 513
105 652
105 807
105 846
105 865
105 997
106 111
106 328
106 464
106 492
106 757
106 777
106 821
106 995
107 255
107 257
107 488
107 704
107 860
107 870
107 949
108 163
108 211
108 221
108 413
108 627
108 730
108 733
108 760
108 784
108 983
109 124
109 129
109 130
109 144
109 164
109 168
109 242
109 269
109 393
109 467
109 547
109 773
109 854
109 925
109 932
109 951
110 245
110 418
110 421
110 635
110 724
110 817
110 883
110 932
111 158
111 181
111 375
111 558
111 666
111 735
111 809
112 152
112 186
112 199
112 238
112 295
112 320
112 459
112 541
112 791
112 826
113 133
113 142
113 218
113 248
113 267
113 424
113 446
113 516
113 524
113 568
113 813
114 131
114 216
114 237
114 340
114 365
114 508
114 642
114 691
114 716
114 726
115 221
115 222
115 290
115 326
115 416
115 443
115 524
115 588
115 728
116 145
116 299
116 338
116 516
116 562
116 717
116 764
116 783
116 836
116 850
116 908
117 167
117 418
117 480
117 485
117 529
117 544
117 761
117 914
117 933
117 962
117 975
118 745
118 955
119 223
119 231
119 295
119 360
119 411
119 546
119 577
119 645
119 749
119 839
119 936
120 186
120 271
120 376
120 474
120 618
120 709
120 727
120 749
120 779
120 823
121 228
121 441
121 468
121 726
121 831
121 949
121 975
122 157
122 256
122 280
122 317
122 518
122 540
122 617
122 647
122 755
122 868
122 916
122 995
122 997
123 419
123 516
123 560
123 719
123 796
123 899
123 900
124 200
124 441
124 505
124 519
124 629
125 431
125 480
125 502
125 530
125 587
125 708
125 765
125 819
125 824
125 875
126 136
126 165
126 747
126 796
126 878
126 919
127 130
127 280
127 351
127 813
127 895
128 442
128 529
128 613
128 763
128 797
128 839
128 943
129 165
129 294
129 472
129 996
130 159
130 171
130 195
130 548
130 753
130 788
130 819
130 833
130 892
131 154
131 528
131 959
132 207
132 303
132 319
132 363
132 530
132 624
132 859
133 179
133 260
133 349
133 409
133 419
133 468
133 835
133 849
133 921
133 946
133 958
134 171
134 263
134 275
134 408
134 438
134 639
134 645
134 666
134 701
134 737
134 786
134 824
134 868
135 248
135 435
135 440
135 470
135 569
135 580
135 598
135 896
136 287
136 326
136 449
136 554
136 625
136 683
136 721
136 751
136 985
136 997
137 267
137 273
137 447
137 615
137 670
137 809
138 207
138 222
138 473
138 600
138 996
139 157
139 165
139 191
139 216
139 235
139 250
139 349
139 353
139 399
139 457
139 466
139 492
139 747
139 772
139 783
139 810
139 817
139 844
140 158
140 239
140 242
140 247
140 569
140 575
140 596
140 613
140 677
141 228
141 267
141 274
141 339
141 348
141 475
141 539
141 544
141 562
141 690
141 759
141 807
142 196
142 205
142 340
142 368
142 421
142 492
142 557
142 737
142 955
142 961
143 244
143 388
143 409
143 533
143 592
143 737
143 740
143 753
143 924
143 956
144 160
144 228
144 281
144 333
144 833
144 864
144 883
145 223
145 274
145 303
145 366
145 416
145 431
145 441
145 454
145 530
145 574
145 597
145 812
145 975
146 180
146 218
146 260
146 364
146 813
146 822
146 853
147 179
147 187
147 245
147 266
147 309
147 406
147 522
147 728
147 880
148 165
148 174
148 433
148 435
148 990
149 281
149 486
149 737
149 986
150 151
150 386
150 578
150 621
150 641
150 674
150 746
150 777
150 849
151 260
151 449
151 550
151 589
151 651
151 656
151 849
151 851
152 240
152 318
152 345
152 517
152 591
152 667
152 690
152 784
152 891
152 964
153 495
153 597
153 604
153 670
153 815
154 158
154 222
154 256
154 284
154 383
154 392
154 404
154 728
154 805
155 215
155 307
155 407
155 535
155 552
155 624
155 650
155 674
155 758
155 792
155 862
155 894
155 896
155 927
155 981
156 543
156 572
156 627
156 643
156 815
156 916
156 922
156 990
157 172
157 312
157 388
157 400
157 506
157 651
157 664
157 687
157 906
158 174
158 312
158 329
158 331
158 579
158 703
158 760
158 788
158 819
158 885
158 961
159 169
159 176
159 284
159 608
159 750
160 203
160 262
160 280
160 520
160 534
160 582
160 669
160 771
160 923
160 958
161 377
161 444
161 468
161 484
161 488
161 491
161 669
161 691
161 833
162 281
162 425
162 435
162 437
162 561
162 665
162 678
162 727
162 733
162 765
162 794
162 910
163 392
163 614
163 953
163 989
164 262
164 393
164 613
164 633
164 637
164 793
164 887
165 267
165 501
165 529
165 603
165 616
165 633
165 746
165 778
165 821
165 836
166 192
166 230
166 254
166 307
166 349
166 426
166 459
166 490
166 543
166 912
167 188
167 467
167 599
167 739
167 799
168 207
168 251
168 338
168 428
168 482
169 195
169 367
169 456
169 507
169 573
169 597
169 729
169 772
169 784
169 808
169 957
170 408
170 485
170 649
170 719
170 771
170 838
171 195
171 289
171 389
171 393
171 429
171 510
171 568
171 929
171 991
172 190
172 220
172 233
172 378
172 428
172 625
172 668
172 687
172 750
172 908
173 174
173 220
173 253
173 307
173 464
173 467
173 525
173 536
173 656
173 735
173 771
174 424
174 563
174 701
175 248
175 265
175 294
175 318
175 363
175 367
175 416
175 633
175 833
175 970
176 253
176 324
176 395
176 409
176 425
176 564
176 600
176 739
176 778
176 833
177 250
177 304
177 325
177 327
177 436
177 474
177 752
177 926
178 270
178 294
178 385
178 438
178 656
178 817
178 843
178 875
178 930
179 402
179 535
179 560
179 643
179 699
179 835
179 943
179 954
180 271
180 339
180 604
180 689
180 773
180 840
180 852
180 978
181 252
181 266
181 277
181 286
181 382
181 472
181 601
181 627
181 650
182 202
182 295
182 305
182 346
182 677
182 689
182 693
182 951
183 463
183 534
183 578
183 631
183 689
183 830
183 993
184 298
184 302
184 338
184 506
184 517
184 545
184 672
184 739
184 877
184 894
185 199
185 225
185 249
185 350
185 564
185 599
185 627
185 752
186 303
186 319
186 347
186 362
186 533
186 626
187 247
187 585
187 695
187 738
187 857
188 240
188 318
188 422
188 554
188 602
188 661
188 693
188 753
188 779
188 996
189 373
189 682
189 961
190 366
190 732
190 914
190 933
190 945
191 198
191 205
191 311
191 373
191 402
191 621
191 732
191 972
192 218
192 309
192 327
192 553
192 682
192 717
192 832
192 918
192 955
193 222
193 378
193 413
193 701
193 804
193 842
193 873
193 881
193 989
194 329
194 346
194 500
194 577
194 595
194 771
194 943
195 203
195 225
195 246
195 269
195 330
195 343
195 361
195 399
195 413
195 525
195 758
195 822
195 952
196 221
196 377
196 426
196 476
196 555
196 612
196 772
196 820
196 874
196 953
196 989
197 315
197 374
197 474
197 493
197 508
197 615
197 646
197 808
197 961
198 335
198 368
198 476
198 539
198 902
199 245
199 261
199 273
199 304
199 319
199 371
199 409
199 445
199 692
199 834
199 986
200 528
200 590
200 745
200 823
201 242
201 307
201 430
201 434
201 481
201 745
201 825
201 975
202 341
202 376
202 518
202 534
202 546
202 670
202 830
202 908
203 210
203 303
203 304
203 360
203 528
203 539
203 594
203 629
203 755
203 772
203 775
203 784
203 998
204 210
204 247
204 262
204 283
204 287
204 454
204 504
204 524
204 579
204 585
204 697
205 370
205 737
205 751
205 795
205 977
205 981
206 267
206 317
206 337
206 393
206 417
206 438
206 530
206 544
206 547
206 670
206 759
206 785
206 935
206 941
206 986
207 251
207 631
207 655
207 658
207 712
207 808
207 813
207 888
207 956
208 218
208 419
208 529
208 549
208 563
208 670
208 673
208 716
208 835
208 842
208 881
209 329
209 471
209 532
209 535
209 670
209 689
209 693
209 764
209 931
209 999
210 240
210 246
210 256
210 264
210 430
210 451
210 547
210 873
210 955
210 970
211 381
211 394
211 414
211 423
211 436
211 455
211 457
211 487
211 750
211 810
211 853
212 259
212 312
212 354
212 362
212 441
212 472
212 513
212 514
212 823
212 878
212 925
212 962
213 296
213 456
213 470
213 590
213 713
213 878
213 897
213 981
213 996
214 365
214 433
214 442
214 623
214 638
214 911
215 364
215 435
215 521
215 527
215 643
215 683
215 713
215 835
215 878
216 370
216 438
217 229
217 263
217 314
217 347
217 349
217 416
217 486
217 513
217 551
217 625
217 631
217 964
218 576
218 737
218 777
218 801
218 831
218 833
218 953
219 279
219 305
219 396
219 410
219 711
219 834
219 845
219 853
220 500
220 514
220 574
220 619
220 664
220 707
220 805
221 290
221 364
221 441
221 644
221 814
221 970
221 982
222 400
222 487
222 535
222 694
222 696
223 277
223 297
223 374
223 411
223 415
223 455
223 585
223 624
223 725
223 745
223 848
223 850
223 938
224 230
224 237
224 390
224 401
224 452
224 531
224 642
224 684
224 781
225 252
225 371
225 424
225 429
225 626
225 627
225 639
225 659
225 776
225 780
225 958
226 240
226 346
226 539
226 575
226 648
226 680
226 731
226 765
226 943
227 378
227 640
227 654
227 768
227 916
228 342
228 409
228 610
228 636
228 691
228 867
228 875
228 914
229 282
229 311
229 339
229 348
229 376
229 558
229 627
229 673
229 786
229 816
229 920
230 408
230 591
230 759
230 778
230 947
230 951
230 996
231 233
231 294
231 303
231 331
231 384
231 465
231 483
231 616
231 748
231 880
231 995
232 305
232 378
232 496
232 749
232 764
232 765
232 805
232 865
232 922
232 959
233 247
233 542
233 556
233 738
233 950
233 965
234 335
234 466
234 500
234 557
234 795
234 836
234 889
234 896
234 906
235 715
235 716
235 725
235 841
235 945
235 981
236 322
236 327
236 513
236 540
236 695
236 783
236 844
237 312
237 369
237 396
237 421
237 572
237 678
237 720
237 867
237 889
238 334
238 361
238 366
238 456
238 634
238 877
238 896
239 345
239 420
239 691
239 778
239 947
240 308
240 322
240 335
240 399
240 400
240 724
241 254
241 563
241 654
241 808
242 625
242 790
242 949
243 263
243 317
243 318
243 327
243 546
243 761
243 818
243 931
244 343
244 376
244 405
244 623
244 628
244 986
244 987
245 521
245 608
245 703
245 736
245 752
245 967
246 475
246 478
246 486
246 552
246 599
246 668
246 957
247 431
247 593
247 714
247 851
247 857
248 267
248 388
248 389
248 464
248 569
248 680
248 888
249 261
249 283
249 518
249 523
249 592
249 746
249 768
249 777
249 931
250 331
250 695
250 745
250 839
250 982
251 340
251 368
251 437
251 503
251 541
251 556
251 686
251 916
251 958
252 392
252 482
252 545
252 620
252 866
252 963
252 973
253 377
253 552
253 642
253 652
253 865
253 875
253 999
254 269
254 300
254 424
254 432
254 457
254 542
254 555
254 683
254 690
254 705
255 545
255 631
255 761
255 778
255 906
256 298
256 382
256 659
256 755
257 310
257 648
257 730
258 364
258 403
258 448
258 467
258 527
258 631
258 703
258 890
259 355
259 579
259 614
259 684
259 724
259 762
259 801
259 809
259 919
259 962
260 307
260 314
260 367
260 434
260 574
260 662
260 713
260 787
260 830
260 994
261 353
261 367
261 555
261 572
261 853
261 984
262 269
262 438
262 690
262 770
262 952
263 310
263 322
263 400
263 426
263 496
263 578
263 590
263 739
263 939
264 375
264 399
264 464
264 537
264 570
264 682
264 716
264 729
264 748
264 989
265 325
265 362
265 368
265 463
265 596
265 607
265 637
265 644
265 784
265 821
265 997
265 998
266 351
266 395
266 488
266 639
266 845
266 962
266 995
267 283
267 315
267 527
267 573
267 788
267 837
267 870
267 951
268 323
268 421
268 437
268 463
268 479
268 611
268 732
268 784
268 962
268 997
269 296
269 470
269 484
269 708
269 763
270 310
270 325
270 364
270 482
270 588
270 761
270 802
270 895
271 294
271 318
271 476
271 519
271 535
271 540
271 565
271 582
271 606
271 633
271 670
271 895
272 347
272 412
272 532
272 649
272 774
272 792
272 805
272 820
272 850
272 912
273 322
273 385
273 523
273 634
273 647
273 706
273 787
273 877
274 400
274 430
274 440
274 459
274 540
274 636
274 671
274 699
274 759
274 792
275 321
275 495
275 499
275 517
275 706
275 898
276 402
276 453
276 468
276 505
276 616
276 635
276 726
276 810
276 924
277 278
277 295
277 299
277 351
277 377
277 602
277 673
277 783
278 279
278 325
278 468
278 526
278 558
278 594
278 869
279 558
279 562
280 513
280 564
280 700
280 798
280 840
280 904
280 967
281 287
281 352
281 522
281 856
281 945
282 377
282 565
282 580
282 627
282 629
282 706
282 789
282 869
282 932
282 956
282 992
283 531
283 842
284 352
284 410
284 449
284 462
284 493
284 524
284 544
284 625
284 760
284 794
284 839
284 975
285 341
285 523
285 766
285 779
285 910
285 912
286 363
286 391
286 453
286 531
286 562
286 698
286 715
286 720
286 749
286 861
286 911
286 925
287 302
287 358
287 385
287 871
287 984
288 384
288 401
288 521
288 618
288 851
288 856
288 858
288 904
289 488
289 797
289 867
289 877
289 914
289 946
289 966
289 972
290 313
290 348
290 533
290 586
290 626
290 705
290 758
291 302
291 397
291 433
291 492
291 866
291 885
292 414
292 566
292 569
292 899
292 927
292 960
293 313
293 434
293 991
294 580
294 805
294 933
295 305
295 372
295 481
295 522
295 605
295 625
295 655
295 729
295 732
295 766
296 461
296 592
296 655
296 658
296 660
296 784
296 893
296 976
297 388
297 400
297 542
297 592
297 652
297 685
297 760
297 879
297 889
297 928
298 580
298 581
298 596
298 626
298 733
298 734
298 935
298 980
298 988
299 433
299 874
299 899
300 393
300 734
300 824
301 672
302 641
302 687
302 883
302 966
302 971
303 419
303 434
303 463
303 508
303 559
303 577
303 604
303 836
303 938
304 354
304 437
304 465
304 558
304 573
304 816
304 949
305 374
305 398
305 511
305 587
305 605
305 611
305 792
305 874
305 899
305 921
306 380
306 404
306 410
306 450
306 459
306 464
306 551
306 794
307 438
307 447
307 460
307 507
307 616
307 632
307 651
307 823
307 882
307 891
307 975
308 889
309 321
309 339
309 404
309 677
309 705
309 768
309 847
309 857
309 947
310 349
310 351
310 622
310 733
310 742
310 819
310 986
311 390
311 584
311 693
311 700
311 880
311 974
312 731
312 817
313 344
313 387
313 423
313 543
313 561
313 572
313 653
313 926
313 935
314 363
314 371
314 676
315 373
315 414
315 800
315 872
315 905
316 354
316 400
316 588
316 592
316 606
316 714
316 808
316 832
317 489
317 642
317 742
317 763
317 782
317 799
317 848
317 928
317 975
318 357
318 621
318 681
318 728
318 773
318 989
319 588
319 734
319 771
319 843
319 891
320 326
320 973
321 734
321 851
321 914
322 363
322 408
322 451
322 526
322 732
322 755
323 381
323 413
323 633
323 692
324 345
324 550
324 597
324 823
324 928
325 431
325 468
325 513
325 544
326 345
326 455
326 476
326 681
326 806
326 928
326 969
326 989
327 503
327 546
327 606
327 721
327 797
327 877
327 971
327 998
328 454
328 479
328 482
328 529
328 537
328 701
328 759
328 762
328 970
328 979
329 402
329 506
329 588
329 644
329 802
329 838
329 876
329 927
330 347
330 371
330 671
330 771
330 805
330 823
330 933
331 657
331 816
331 940
331 950
331 961
331 966
332 563
332 568
332 673
332 761
332 984
333 337
333 344
333 396
333 417
333 449
333 604
333 731
333 985
334 468
334 618
334 633
334 725
334 777
334 924
334 936
334 966
335 336
336 374
336 410
336 590
336 808
336 858
337 381
337 393
337 396
337 526
337 614
337 656
337 700
337 723
338 387
338 414
338 607
338 643
338 665
338 678
338 732
338 905
338 908
338 983
338 987
339 369
339 462
339 495
339 553
339 628
339 727
339 977
340 341
340 353
340 391
340 667
340 723
340 776
340 840
340 850
340 940
341 428
341 554
341 566
341 598
341 676
341 732
341 791
341 955
342 353
342 508
342 545
342 583
342 593
342 619
342 642
342 686
342 687
342 833
342 850
342 886
342 908
342 973
343 463
343 498
343 513
343 520
343 712
343 857
343 867
343 987
344 494
344 550
344 672
344 936
345 407
345 616
345 742
345 845
345 898
346 454
346 514
346 743
346 775
347 406
347 420
347 462
347 637
347 797
347 947
347 975
348 586
348 607
348 659
348 781
349 459
349 465
349 540
349 852
349 875
350 448
350 488
350 539
350 641
350 778
350 785
350 919
351 361
351 459
351 599
351 622
351 663
351 903
351 943
352 381
352 433
352 896
352 910
353 524
353 525
353 638
353 975
353 976
354 372
354 381
354 666
354 727
354 941
355 417
355 506
355 628
355 645
355 685
355 722
355 961
356 387
356 393
356 427
356 648
356 685
356 910
356 963
356 970
357 384
357 402
357 465
357 551
357 568
357 610
357 742
357 824
357 877
358 375
358 477
359 421
359 520
359 527
359 576
359 641
359 746
359 810
360 395
360 400
360 402
360 444
360 489
360 539
361 362
361 432
361 621
361 754
361 819
361 883
361 893
362 397
362 402
362 526
362 794
362 828
363 368
363 388
363 406
364 619
364 791
364 797
364 823
364 824
364 869
364 909
364 954
365 523
365 612
365 619
365 716
365 777
365 789
365 798
365 922
365 935
365 971
366 454
366 504
366 653
366 763
366 879
367 373
367 431
367 437
367 474
367 485
367 508
367 591
367 651
367 658
367 689
367 841
368 626
369 403
369 520
369 535
369 609
369 913
369 919
369 936
370 385
370 696
370 886
370 898
371 511
371 514
371 709
371 780
372 454
372 537
372 542
372 751
372 828
373 454
373 474
373 496
373 698
373 967
373 998
374 401
374 434
374 613
374 658
374 762
375 499
375 638
375 742
375 754
375 770
375 839
375 902
376 663
376 809
376 877
376 968
376 969
377 468
377 501
377 655
377 724
377 776
377 871
377 894
378 402
378 418
378 480
378 739
378 821
378 885
378 946
378 961
378 967
379 591
379 657
379 698
379 749
379 784
379 860
379 941
380 392
380 393
380 458
380 504
380 688
380 764
380 813
380 932
381 400
381 480
381 601
381 681
381 748
381 811
381 833
382 490
382 639
382 710
382 827
382 892
383 461
383 672
383 750
383 764
383 797
383 853
384 415
384 462
384 491
384 506
384 515
384 693
384 720
384 742
384 748
384 758
384 996
385 420
385 458
385 482
385 543
385 574
385 591
385 625
385 741
385 786
386 485
386 772
387 396
387 424
387 501
387 709
387 726
387 877
387 906
387 934
388 406
388 408
388 458
388 723
389 423
389 452
389 729
389 796
389 829
390 442
390 607
390 613
390 626
390 712
390 800
390 917
391 429
391 586
391 600
391 831
392 395
392 424
392 534
392 562
392 636
392 741
392 783
392 861
392 899
392 928
393 451
393 926
393 959
394 571
394 894
394 901
394 944
395 427
395 432
395 735
395 800
395 852
395 912
395 930
396 843
396 891
396 987
397 437
397 455
397 550
397 571
397 601
397 715
397 722
397 950
398 502
398 561
398 588
398 698
398 829
398 978
399 522
399 670
399 674
399 808
399 871
399 886
399 947
399 961
400 685
400 690
400 886
400 929
401 421
401 578
401 600
401 615
401 671
401 970
402 421
402 578
402 598
403 439
403 447
403 647
403 731
403 985
404 422
404 593
404 668
404 686
404 795
404 912
404 913
404 925
404 931
405 716
405 738
405 820
405 850
406 455
406 462
406 482
406 699
406 843
406 875
406 899
407 600
407 641
407 827
407 844
407 880
407 900
408 700
408 962
409 480
409 590
409 617
409 749
409 761
409 802
409 916
410 428
410 527
410 591
410 720
410 842
410 865
410 968
411 415
411 609
411 613
411 675
411 731
411 943
412 480
412 717
412 803
413 670
413 713
413 959
414 448
414 558
414 576
414 583
414 738
414 787
414 877
414 988
415 425
415 720
415 864
415 876
416 424
416 517
416 958
417 483
417 603
417 721
417 757
417 821
417 892
417 978
418 502
418 666
418 801
418 866
418 952
418 969
419 523
419 543
419 562
419 755
419 782
419 824
419 849
419 937
420 434
420 578
420 926
420 941
421 582
421 605
421 920
422 775
423 487
423 517
423 843
423 907
423 939
424 500
424 506
424 554
424 598
424 867
424 967
424 984
425 484
425 531
425 572
425 747
425 830
426 613
426 618
426 670
426 678
426 686
426 694
426 768
426 771
426 872
427 436
427 450
427 535
427 698
427 890
428 498
428 922
429 444
429 469
429 553
429 574
429 668
429 695
429 811
429 854
430 742
430 821
430 834
430 986
431 510
431 558
431 795
431 879
432 470
432 475
432 695
432 974
433 480
433 526
433 813
433 883
433 888
433 970
433 987
434 436
434 467
434 509
434 936
435 893
436 551
436 605
436 772
436 776
436 786
436 818
436 840
437 537
437 665
437 762
437 779
437 842
437 920
437 930
438 544
438 551
438 648
438 799
438 928
438 986
439 449
439 496
439 590
439 596
439 608
439 618
439 639
439 856
439 897
439 918
439 969
439 975
440 560
440 756
440 994
441 444
441 643
441 887
442 454
442 486
442 493
442 668
442 735
442 809
442 822
443 515
443 633
443 761
443 788
443 861
443 905
443 933
443 945
443 956
443 981
444 596
444 628
444 769
444 770
444 809
444 818
444 840
444 865
444 919
444 921
444 957
445 488
445 614
445 733
445 815
445 882
445 895
445 897
446 526
446 634
446 722
446 830
447 778
447 802
447 889
447 946
447 962
448 524
448 542
448 705
448 794
448 996
449 487
449 492
449 536
449 555
449 571
449 582
449 632
449 826
449 989
450 569
450 625
450 727
450 926
450 992
451 452
451 554
451 579
451 595
451 655
451 679
451 797
451 835
451 900
451 921
451 977
452 472
452 518
452 580
453 551
453 772
453 990
454 518
454 526
454 671
454 676
454 795
454 808
455 685
455 882
455 885
455 909
455 949
456 468
456 649
456 684
456 751
456 783
456 876
457 570
457 778
457 878
458 542
458 626
458 767
458 809
459 499
459 879
459 946
460 498
460 520
460 544
460 552
460 564
460 752
460 870
460 935
460 991
461 482
461 495
461 621
461 677
461 711
461 837
461 909
461 929
461 957
461 972
462 591
462 732
462 740
462 822
462 908
462 928
463 471
463 742
463 754
463 985
464 513
464 699
464 992
465 475
465 582
465 683
465 737
465 739
465 818
466 555
466 593
466 637
466 782
466 824
466 992
467 590
467 592
467 674
467 783
467 949
467 995
467 996
468 540
468 567
468 663
468 736
468 818
468 858
468 956
469 690
469 698
469 775
469 866
469 868
469 907
469 944
469 969
470 689
470 783
470 812
470 846
470 972
471 508
472 539
472 615
472 861
473 546
473 854
474 546
474 765
474 877
474 903
474 943
474 978
475 563
475 580
475 641
475 694
475 894
476 550
476 701
476 831
476 846
476 904
476 914
477 594
477 651
477 692
477 699
477 805
477 824
477 833
477 834
477 861
477 866
477 959
478 703
478 710
478 806
478 968
479 516
479 523
479 704
480 530
480 552
480 556
480 599
480 612
480 733
480 867
480 894
481 668
481 734
481 864
482 589
482 611
482 733
482 743
482 811
482 840
482 968
482 972
483 684
483 691
483 837
484 519
484 712
484 847
484 914
485 573
485 622
485 645
485 699
485 750
485 904
485 971
486 588
486 600
486 617
486 699
486 881
486 894
487 765
487 770
487 896
487 932
488 514
488 731
488 736
488 769
488 877
488 882
488 907
488 956
489 692
489 732
489 846
489 848
489 871
490 574
490 661
490 707
490 894
491 762
491 993
492 709
492 980
493 861
493 937
494 661
494 732
494 780
494 936
495 545
495 675
495 690
495 942
496 535
496 603
496 728
496 791
496 814
496 856
496 944
496 977
497 504
497 540
497 759
497 841
497 903
497 918
498 833
498 980
499 533
499 774
500 562
500 835
500 846
500 878
500 946
501 509
501 568
501 734
501 767
501 951
501 987
502 530
502 543
502 577
502 603
502 625
502 765
502 768
502 804
502 859
502 964
503 609
503 879
503 883
503 927
503 981
504 619
504 691
504 837
504 978
505 560
505 570
505 586
505 604
505 746
505 897
505 912
506 635
506 643
506 651
506 682
506 738
506 875
506 890
506 910
507 552
507 628
507 715
507 953
507 958
507 962
508 620
508 633
508 674
508 841
508 921
508 962
509 578
509 599
509 634
509 793
509 820
509 955
510 519
510 825
510 875
511 538
511 888
512 712
512 783
512 923
512 998
513 569
513 694
513 720
513 725
513 729
513 911
514 610
514 684
514 775
514 788
514 848
514 938
514 978
515 551
515 552
515 574
515 699
515 754
515 775
515 878
516 558
516 627
516 656
516 844
516 859
516 914
516 992
517 614
517 651
517 661
517 717
517 844
517 862
517 885
518 555
518 675
518 685
518 711
518 731
518 883
518 946
519 601
519 627
519 630
519 720
519 724
519 734
519 973
520 577
520 767
520 821
520 867
520 949
521 708
521 775
521 852
521 948
522 552
522 667
522 695
522 817
522 847
523 599
523 621
523 677
523 814
523 954
523 961
524 638
524 698
524 702
524 805
524 844
524 902
524 909
524 946
524 977
525 612
525 621
525 862
525 915
525 947
526 529
526 715
526 761
526 788
526 832
527 569
527 620
527 653
527 660
527 826
527 885
527 926
527 967
528 651
528 695
528 748
528 750
529 753
529 852
529 939
530 559
530 609
530 671
530 710
530 744
530 911
530 953
531 577
531 610
531 713
531 906
531 979
531 995
532 558
532 707
532 794
532 819
532 856
532 862
532 880
532 986
532 993
533 557
533 583
533 603
533 730
533 737
533 835
533 903
533 909
534 671
534 818
534 820
534 965
535 580
535 699
535 717
535 850
536 542
536 618
536 764
536 923
537 725
537 947
538 735
538 754
538 794
538 871
538 881
539 615
539 665
539 727
539 731
539 749
539 760
539 822
539 847
540 567
540 578
540 670
540 780
540 927
540 930
540 986
541 682
541 998
542 589
542 598
542 610
542 759
542 963
543 610
543 687
543 777
543 801
543 810
543 816
543 827
543 846
543 933
543 991
544 628
544 658
545 560
545 609
545 610
545 764
545 785
545 938
546 692
546 728
546 733
546 751
546 869
546 876
546 948
547 724
547 728
547 773
547 827
548 964
549 691
549 807
549 867
549 956
550 646
550 659
550 699
550 871
550 872
550 969
550 998
551 698
551 713
551 752
551 757
552 607
552 653
552 764
552 873
552 969
552 983
553 678
553 757
554 808
554 860
554 918
554 974
555 560
555 649
555 700
555 708
555 921
556 796
558 621
558 623
558 651
558 778
558 821
558 993
559 709
559 722
559 742
559 854
559 908
561 593
561 602
561 661
561 772
561 800
561 848
563 883
563 892
563 907
563 942
563 958
564 802
564 823
564 874
565 594
565 626
565 688
565 699
565 735
565 762
565 869
565 923
566 941
566 958
566 962
567 615
567 984
567 997
568 636
568 747
568 756
568 826
568 829
568 955
568 974
569 618
569 788
569 839
569 894
570 768
571 633
571 729
571 740
571 773
571 916
571 975
572 640
572 643
572 804
573 654
573 666
573 785
573 873
573 974
574 583
574 754
574 960
574 987
575 737
575 754
575 782
575 927
576 615
576 630
576 747
576 776
577 643
578 587
578 634
578 649
578 818
579 589
579 607
579 778
579 814
579 870
579 931
579 978
580 597
580 623
580 721
580 725
580 939
581 595
581 740
581 914
581 968
582 628
582 637
582 735
582 745
582 865
582 916
582 962
583 960
584 692
584 866
585 678
585 715
585 803
585 832
585 890
585 962
586 614
586 857
586 990
587 657
587 825
587 828
587 980
588 597
588 708
588 883
588 981
588 987
589 632
589 734
590 943
591 635
591 742
591 797
592 665
592 818
592 823
592 959
592 984
593 621
593 661
593 669
593 698
593 787
593 991
594 613
594 888
595 897
595 973
596 727
596 754
596 798
596 962
597 613
597 617
597 635
597 929
597 954
598 617
598 636
598 642
599 637
599 791
599 841
599 905
600 728
600 779
600 916
600 940
601 609
601 634
601 638
601 767
601 831
601 888
601 907
601 915
601 965
602 679
602 687
602 775
602 790
602 852
602 894
602 954
603 609
603 720
603 830
603 857
603 894
603 951
604 753
604 809
604 929
604 946
605 680
605 940
606 613
606 690
606 757
606 812
606 827
606 867
607 625
607 639
607 654
607 716
608 801
608 894
609 658
609 815
610 728
610 761
610 865
610 874
610 899
611 673
611 683
611 717
611 753
611 858
611 913
612 991
613 701
613 821
614 779
614 808
614 841
614 935
614 996
615 650
615 778
615 804
615 988
616 682
616 754
616 769
616 918
616 961
616 963
617 811
617 867
617 898
618 757
618 796
618 812
618 840
618 927
618 988
619 649
619 681
619 901
619 903
619 962
619 965
620 655
620 821
620 849
620 887
620 890
620 897
620 973
621 646
621 806
622 885
622 915
622 918
623 927
623 968
623 973
624 719
624 721
624 742
624 748
624 770
624 823
624 927
625 641
625 840
626 627
626 711
626 966
626 977
627 640
627 723
627 731
627 914
627 927
628 750
628 920
629 892
629 898
630 753
630 774
630 905
631 706
631 876
631 956
632 721
633 672
633 759
633 899
633 997
634 736
634 809
634 904
634 920
635 820
635 856
636 647
636 660
636 841
636 874
637 716
637 792
637 818
637 822
638 699
638 744
638 746
638 799
638 822
638 878
639 859
639 997
640 849
640 897
640 977
641 922
642 703
642 904
643 645
643 807
643 887
643 891
643 919
643 921
643 980
644 714
644 772
644 842
644 855
644 863
644 902
645 783
646 759
646 891
646 943
646 981
646 996
647 712
647 753
647 990
648 689
648 853
648 925
649 704
649 775
649 788
649 869
649 887
649 939
650 801
650 806
650 810
650 824
650 846
650 923
650 932
651 804
651 890
651 989
652 674
652 859
652 984
653 856
654 750
654 826
655 680
655 819
655 882
655 969
656 686
657 830
657 845
657 891
657 920
657 956
658 696
658 783
658 824
658 829
658 889
659 674
659 700
659 839
659 845
659 854
659 916
660 838
660 871
661 707
661 765
661 878
661 898
662 793
662 861
662 972
663 736
663 984
664 737
664 740
664 775
664 841
664 965
664 972
664 983
665 717
665 758
665 824
665 833
665 908
665 959
666 714
666 759
666 795
666 918
667 819
667 930
668 774
668 874
669 813
669 875
669 912
670 686
670 751
670 912
671 677
671 705
671 820
671 829
671 912
672 673
672 909
673 974
674 804
674 813
674 849
675 742
675 836
675 873
676 680
676 780
676 784
676 860
676 950
678 770
678 869
678 915
679 728
679 765
679 771
679 852
679 976
680 807
680 878
680 879
681 845
681 948
682 757
682 896
682 910
683 932
683 975
683 978
683 984
683 998
684 735
685 764
685 913
686 714
686 720
686 744
686 850
687 857
687 944
687 989
688 699
688 830
688 991
689 692
689 882
689 929
689 940
690 727
690 732
690 828
690 835
690 837
690 853
690 854
690 904
690 912
691 766
691 772
691 882
691 887
691 908
693 723
693 734
693 777
693 825
693 841
693 943
694 740
694 783
695 827
695 881
696 715
696 740
696 951
697 784
697 984
699 703
699 754
699 812
699 862
699 875
699 917
699 962
699 968
700 720
700 730
700 738
700 746
700 751
700 775
700 870
700 945
700 955
700 963
701 777
701 856
701 863
701 913
701 944
702 771
702 846
702 929
703 705
703 880
704 857
705 860
705 937
705 995
706 770
706 774
706 926
707 745
707 750
707 785
707 801
707 804
708 764
708 935
708 946
709 740
709 773
710 770
710 820
710 894
710 896
710 940
711 895
711 993
712 899
712 923
712 932
712 974
713 770
713 840
713 917
714 982
714 995
715 873
715 954
716 742
716 881
717 723
717 771
717 910
717 944
717 960
718 811
718 919
720 735
720 918
720 924
720 940
720 994
721 888
722 742
722 812
722 821
723 781
723 922
724 760
724 995
725 873
725 884
725 933
725 977
726 803
726 830
726 901
726 913
726 948
727 748
728 977
730 833
730 861
730 878
730 966
730 969
732 809
732 811
732 818
733 738
733 799
733 807
733 907
733 942
734 984
735 777
735 785
735 797
735 830
736 813
736 845
736 866
736 874
736 889
737 773
738 808
738 854
739 769
740 749
740 765
741 858
742 904
742 907
742 916
742 941
744 911
744 927
745 860
745 905
746 773
746 778
746 800
746 989
747 785
747 800
747 899
748 985
749 758
749 829
749 928
749 945
749 976
750 811
750 824
750 870
750 952
751 760
751 914
751 984
753 771
754 765
754 824
755 772
755 784
755 850
755 852
755 906
756 891
756 909
756 941
756 952
757 972
758 769
758 974
759 762
759 915
759 929
759 938
761 762
761 823
762 769
762 987
763 861
763 895
763 966
763 969
763 986
764 831
765 862
767 851
768 807
768 808
768 974
769 837
769 855
770 897
770 908
770 912
771 794
771 829
772 812
773 879
773 928
773 936
774 960
774 973
775 941
775 989
776 823
776 960
777 872
777 952
777 955
778 830
778 834
778 846
778 895
779 833
779 978
780 865
781 877
781 994
782 831
782 916
783 955
784 957
784 974
785 941
786 801
786 845
786 908
786 975
786 996
787 910
787 935
788 888
788 917
789 829
789 862
789 934
789 973
790 792
790 842
790 961
791 815
791 932
792 828
793 795
793 945
794 797
794 824
795 939
795 961
795 965
795 996
796 876
797 826
797 881
797 916
797 971
798 917
798 947
799 958
800 993
801 880
801 901
801 992
803 838
804 833
804 875
806 827
806 902
807 942
809 856
809 966
809 982
810 813
810 874
811 831
812 981
812 983
813 984
813 988
814 891
814 939
815 829
815 937
815 961
816 994
817 951
818 887
818 932
819 894
820 865
821 864
821 917
822 953
822 965
822 973
823 831
823 853
823 929
824 914
825 914
825 981
826 869
828 832
829 898
830 949
830 954
831 851
831 941
832 868
832 961
832 972
833 861
834 874
834 943
835 865
835 915
836 896
836 949
837 900
837 923
839 867
840 869
841 842
842 923
842 998
843 892
844 868
844 923
844 968
845 852
845 985
848 972
849 887
849 890
850 913
850 934
851 858
851 928
853 992
854 872
854 908
854 964
856 861
856 944
856 986
857 934
857 964
857 989
857 994
858 911
858 976
859 905
860 902
861 987
862 883
862 916
862 922
862 997
863 878
863 920
863 934
864 946
864 953
865 976
866 967
867 877
868 893
869 895
869 929
871 982
872 968
874 926
875 913
875 925
875 966
880 941
881 911
881 940
881 995
881 998
882 885
885 954
885 965
885 983
886 910
886 942
888 945
888 976
888 978
889 901
890 967
892 946
893 940
894 999
895 899
895 936
896 898
899 973
899 985
902 912
902 991
903 922
904 971
907 954
907 997
908 957
909 911
909 965
910 921
910 931
912 970
913 950
915 960
915 996
918 931
919 968
921 987
922 924
922 935
923 945
924 987
925 934
925 972
927 998
931 955
933 980
934 947
934 967
936 939
937 946
941 971
944 945
944 988
951 954
951 982
951 991
952 966
953 957
953 994
953 997
956 962
962 985
962 991
964 983
966 968
974 976
976 985
978 987
979 994
981 986
982 988
997 998