150
109
1 88
2 13
2 32
2 62
3 25
3 37
3 44
3 116
5 106
6 9
6 44
6 107
7 28
7 46
9 41
10 96
11 57
11 105
12 46
12 86
13 102
14 93
15 84
15 105
16 65
17 63
17 127
18 57
18 73
18 95
18 111
19 94
20 48
20 84
20 95
20 123
21 90
21 109
21 116
22 44
25 40
25 130
26 140
27 56
28 32
28 52
29 68
29 88
29 114
29 145
30 44
31 88
32 94
33 83
33 86
34 109
38 109
39 87
41 47
44 116
47 113
49 52
50 52
52 83
54 58
54 101
55 60
57 139
58 81
59 85
60 76
61 89
62 64
62 76
63 147
64 130
66 96
68 115
68 123
69 149
71 79
72 96
72 99
74 112
77 137
78 104
81 115
81 136
82 141
83 87
83 117
84 98
84 100
87 141
88 118
92 120
94 113
101 110
101 116
110 140
116 119
116 135
124 128
124 129
130 141
131 141
133 135
136 148
137 148