200
192
0 18
0 70
0 141
1 36
1 93
3 82
4 16
4 63
4 100
4 171
5 107
5 191
7 29
7 70
7 164
8 43
8 58
10 35
11 35
12 130
12 170
13 82
13 118
13 125
14 20
14 34
14 63
14 126
15 68
15 118
16 18
16 128
17 194
19 59
19 183
20 44
20 152
20 162
20 193
21 87
21 139
22 48
23 63
24 137
25 147
26 157
27 58
27 98
27 157
28 64
28 172
28 177
29 101
30 101
30 122
30 145
31 190
32 48
33 71
33 122
33 132
34 166
34 174
35 66
35 154
36 151
36 156
36 176
37 92
38 68
38 192
39 64
39 139
39 145
40 103
41 173
42 189
43 162
44 84
44 118
45 122
46 93
46 118
46 144
46 170
47 177
48 93
49 52
51 90
51 115
51 157
52 71
53 61
53 117
54 66
54 191
56 93
56 156
59 86
61 73
61 111
62 67
62 157
62 169
63 160
63 181
64 75
66 101
66 157
66 163
69 196
70 161
70 177
72 86
73 87
73 108
73 183
76 144
77 110
77 174
78 115
80 143
83 150
83 165
83 173
85 117
85 174
85 189
86 149
86 199
89 144
92 154
92 179
92 183
93 121
94 106
94 190
95 150
95 190
96 148
98 149
98 176
99 119
99 194
101 182
101 194
102 149
103 149
104 170
105 117
108 147
109 132
112 132
115 145
115 181
117 147
117 170
119 193
126 190
127 172
131 145
133 155
133 169
133 182
135 138
138 188
139 184
140 147
142 188
143 171
143 197
144 147
146 179
147 169
147 176
149 181
150 157
150 166
151 154
151 188
152 197
155 189
158 196
164 170
168 180
169 183
173 177
173 196
176 186
179 185
180 198
184 197