250
288
0 88
1 68
1 161
2 5
2 70
2 77
2 141
2 170
2 237
3 60
3 89
3 91
5 114
6 62
6 107
6 144
7 147
7 226
8 121
9 25
9 46
9 241
10 178
11 17
11 68
11 90
11 206
12 23
12 24
13 17
13 119
13 183
13 247
14 154
15 211
15 242
16 80
17 158
17 182
17 186
18 141
20 73
20 197
20 234
22 31
22 55
22 180
22 183
22 214
22 240
23 90
23 228
23 237
23 248
24 132
24 236
25 231
26 141
27 164
27 183
27 233
27 243
28 52
28 64
28 239
29 33
29 76
29 245
30 52
30 146
31 66
31 69
31 122
31 199
32 49
32 133
35 52
35 229
36 95
37 53
38 89
38 175
39 150
40 60
40 194
40 221
41 126
42 63
43 202
45 112
45 113
45 227
46 64
46 86
46 152
48 70
49 73
50 220
52 106
52 189
52 235
53 206
53 207
55 121
55 155
55 181
55 195
55 213
56 172
56 230
57 82
58 89
58 152
59 92
60 237
61 165
61 198
62 63
62 237
63 131
63 152
64 114
64 245
65 176
66 113
66 165
67 81
67 120
67 125
68 188
69 240
70 108
70 218
70 248
71 105
71 160
71 248
72 77
72 90
72 134
74 99
75 112
75 187
76 141
76 238
77 151
77 191
78 97
78 125
79 118
80 124
80 192
80 232
81 97
82 155
83 90
83 119
83 165
84 142
85 225
86 93
86 142
87 157
87 196
87 207
88 177
89 96
89 100
90 107
91 146
92 167
92 204
93 104
93 196
93 238
94 209
95 157
96 194
97 136
97 188
99 157
101 195
102 117
102 154
102 200
102 245
104 211
104 214
104 248
105 141
105 221
106 144
107 234
110 122
110 180
110 248
112 116
112 207
112 224
112 234
114 137
114 221
116 214
116 248
117 230
119 207
124 136
124 215
126 174
126 192
126 213
127 243
128 157
128 232
129 158
131 182
132 179
133 139
133 147
133 170
133 233
134 246
135 149
135 173
135 196
137 143
137 188
138 172
138 204
141 154
141 164
141 185
144 148
144 245
146 221
146 236
148 235
149 158
149 202
151 197
152 153
152 211
160 238
160 243
162 195
162 198
162 228
163 201
163 202
163 240
167 193
169 194
171 245
174 222
175 189
177 218
179 191
179 219
180 199
181 200
181 236
183 211
183 218
184 204
185 189
186 193
187 198
187 229
191 195
194 198
194 239
197 220
199 212
199 239
200 209
200 218
202 225
203 210
203 224
207 227
208 245
214 218
216 240
224 230
230 238
231 241
232 236
232 241