300
469
0 18
0 74
0 136
0 221
1 19
1 39
2 156
2 211
2 224
2 255
3 112
3 157
3 239
4 33
4 128
4 269
4 274
5 179
7 83
7 88
7 130
7 217
7 243
7 247
8 19
8 61
8 84
8 207
8 246
8 287
10 37
10 64
10 106
10 117
10 228
10 268
11 257
12 208
12 276
13 16
13 107
13 149
13 233
13 299
14 140
14 142
14 208
15 58
15 102
15 193
15 244
16 224
16 275
17 52
17 113
18 41
18 121
18 192
18 197
19 57
19 103
19 158
19 199
19 224
19 265
19 286
20 108
20 121
20 156
20 165
20 242
21 26
21 58
21 115
21 125
21 164
22 29
22 43
22 134
22 152
22 175
23 26
23 170
23 262
23 277
24 60
24 65
24 79
24 113
24 233
24 268
26 34
26 187
27 69
27 218
27 268
28 91
28 112
28 216
28 221
28 289
29 33
30 42
30 131
30 219
31 32
31 234
31 254
32 89
32 108
32 231
33 254
33 273
33 291
34 74
35 83
35 177
35 222
35 278
36 46
38 92
38 277
39 275
40 155
41 116
41 126
41 157
41 257
41 286
42 44
42 129
42 255
42 266
42 295
43 58
43 246
43 274
44 299
45 85
45 112
45 136
45 176
46 102
46 270
47 54
47 89
47 187
47 241
48 238
48 281
50 116
50 218
50 278
51 67
51 186
51 211
51 225
52 166
52 203
52 217
53 79
53 87
53 97
53 240
55 95
55 123
55 247
56 132
56 281
57 140
58 97
58 98
58 107
58 122
58 171
58 270
59 256
59 280
60 89
60 252
62 69
62 71
62 120
63 169
64 164
64 195
64 283
65 91
65 187
65 216
65 236
66 95
66 143
67 152
68 96
68 116
68 133
69 208
69 245
70 227
71 166
71 275
72 139
73 95
73 109
74 172
74 235
75 197
75 245
76 238
78 129
78 149
78 160
78 246
79 89
80 111
80 121
81 110
82 286
84 236
85 179
85 208
85 236
85 246
86 150
86 199
87 116
87 156
87 258
87 262
88 187
88 189
88 288
89 184
90 106
90 164
90 184
92 130
92 260
93 136
93 165
93 186
93 225
93 236
94 253
95 167
95 243
96 160
96 184
96 233
96 250
97 170
97 217
97 290
98 125
98 157
98 267
99 142
99 214
100 128
100 130
100 291
101 252
102 117
102 276
102 298
103 115
103 244
103 266
103 295
104 228
105 190
105 219
105 256
106 173
106 255
107 166
107 169
107 170
107 229
107 254
108 146
109 142
110 129
110 207
110 209
110 240
110 260
111 191
111 254
111 263
112 117
112 230
112 296
113 230
113 273
114 275
115 120
115 142
116 185
117 175
117 219
119 125
119 163
119 197
119 262
120 173
120 198
120 242
121 177
122 192
122 266
123 127
123 223
124 152
124 285
125 156
125 225
125 230
125 233
126 163
126 230
126 258
127 268
127 273
128 132
128 218
128 280
129 152
129 199
129 227
130 131
130 152
131 156
132 156
133 174
133 195
133 213
133 297
134 200
134 232
134 267
135 145
135 159
135 269
136 150
136 225
136 240
137 287
139 144
140 188
140 208
140 247
141 292
142 168
142 288
142 291
143 156
143 243
144 164
144 201
145 162
145 170
145 272
146 158
147 191
147 256
147 282
148 209
148 253
149 159
150 167
150 226
151 236
153 161
153 196
154 230
155 247
156 246
156 281
157 193
157 223
159 268
160 183
160 294
161 202
162 198
162 270
164 202
166 290
167 189
168 288
170 267
170 280
172 219
172 271
173 227
174 205
175 233
175 299
176 201
176 283
177 262
178 181
178 187
178 214
178 235
180 184
181 231
182 243
184 255
186 204
187 203
187 212
187 223
187 267
188 237
189 218
189 268
192 204
193 243
196 227
196 288
196 289
198 270
200 270
201 233
203 211
204 248
205 268
206 216
206 277
207 243
212 235
212 271
214 283
216 230
217 258
220 285
221 265
221 274
225 291
226 246
227 282
228 237
229 246
231 234
233 258
233 295
234 280
237 259
237 288
238 276
240 254
241 282
243 248
246 271
247 271
255 298
261 270
262 294
266 287
268 285
268 293
270 274
272 288
274 278
277 294
291 294