350
595
0 7
0 10
0 143
0 212
0 250
1 10
1 54
1 82
2 225
2 314
2 326
3 63
3 106
3 111
3 233
3 260
4 126
4 245
4 282
4 319
5 141
6 136
6 175
7 44
7 159
8 17
8 63
8 303
8 306
9 67
9 186
9 318
9 335
10 13
10 104
10 163
10 274
10 309
11 85
11 164
12 19
12 67
12 79
12 88
12 138
12 162
12 242
12 258
12 280
12 314
13 29
13 122
13 204
13 211
14 70
14 242
14 317
15 154
17 23
17 290
18 183
19 31
19 155
19 208
19 242
19 280
19 335
20 104
20 111
20 221
20 241
20 274
20 292
20 327
21 103
21 142
22 60
22 287
22 345
23 188
23 250
23 274
23 315
23 335
24 233
24 247
24 328
24 333
25 175
26 166
26 283
26 287
26 311
26 337
28 29
28 272
29 122
29 226
29 230
29 265
29 340
31 114
31 137
31 138
31 250
31 328
32 77
32 149
32 214
32 215
32 319
33 221
33 238
33 283
34 204
34 209
34 323
36 61
36 201
36 241
36 300
36 324
37 213
38 69
38 82
38 96
38 304
38 309
38 329
39 310
40 74
40 82
40 132
41 179
42 163
42 281
42 295
42 340
43 77
43 153
45 63
45 64
45 204
45 348
46 213
46 336
47 53
47 79
47 115
47 126
47 153
47 254
47 265
47 281
48 207
49 122
49 157
49 281
50 53
50 135
51 187
51 200
51 214
51 298
51 325
52 153
52 177
53 66
53 151
53 173
53 209
53 323
54 72
54 121
54 123
54 133
54 308
54 345
55 68
56 152
57 134
57 146
58 173
58 181
58 216
58 238
58 261
58 268
58 313
59 146
60 160
60 210
60 229
60 317
63 76
63 79
63 101
63 263
63 297
63 335
64 113
64 154
65 135
65 287
66 106
66 166
66 243
67 262
68 113
68 174
69 136
70 159
70 166
71 230
71 269
71 322
73 110
73 210
73 344
74 99
74 195
74 274
75 115
75 317
75 347
76 164
76 194
76 343
77 115
77 190
77 246
78 131
78 163
79 113
80 114
80 166
81 223
81 329
82 128
82 239
82 250
82 262
82 310
83 283
83 336
84 101
84 194
84 227
85 295
85 325
85 329
86 226
86 307
87 201
88 122
88 261
88 322
89 119
89 326
89 335
90 147
91 105
91 134
93 106
93 190
94 95
94 194
95 183
95 219
95 221
97 160
97 233
97 271
97 278
98 132
98 218
98 336
99 231
99 340
100 181
100 187
100 263
100 342
102 174
103 164
103 261
103 282
103 289
104 185
104 196
104 256
104 290
105 111
105 184
105 273
106 204
106 222
106 230
106 245
106 280
106 289
107 324
107 331
108 232
109 207
109 249
109 255
109 339
110 138
112 281
113 117
113 133
113 160
113 273
113 327
113 338
114 197
116 119
116 208
116 225
116 238
116 262
116 314
117 198
117 248
117 268
117 283
118 185
118 229
118 243
119 248
119 334
120 291
120 297
121 256
121 257
121 269
121 311
122 151
122 251
122 267
122 268
122 301
122 322
122 324
123 160
123 166
125 147
125 152
125 225
125 246
126 279
126 309
126 314
127 167
127 258
127 339
127 343
127 346
128 164
128 215
129 163
129 165
129 199
129 236
130 195
130 342
131 274
132 200
132 218
132 322
133 188
133 246
133 250
133 256
135 164
135 292
136 230
136 290
137 169
137 198
137 301
137 311
137 314
138 308
139 279
139 346
140 196
140 251
140 265
141 193
141 342
142 261
144 204
144 211
144 270
144 316
144 346
145 221
145 255
146 228
147 195
147 205
147 324
149 255
149 309
150 208
151 164
151 257
151 260
152 280
152 331
153 245
154 243
154 277
154 286
154 311
155 159
155 322
156 253
156 297
156 336
157 195
158 244
159 249
159 274
160 193
160 199
160 277
160 304
161 310
162 253
163 328
164 278
165 251
165 313
165 343
167 278
167 331
168 348
169 232
169 246
169 341
172 204
172 230
173 321
174 228
174 232
174 284
175 201
175 257
177 344
178 232
179 214
180 250
181 194
181 209
181 289
181 304
182 313
184 208
184 333
186 200
188 311
188 328
188 336
189 265
189 283
190 274
191 276
191 296
192 229
192 280
192 289
192 292
193 267
193 271
193 342
194 292
194 311
195 299
195 341
196 239
196 251
196 339
197 240
197 252
197 269
198 250
199 247
199 311
200 243
200 340
201 203
201 270
202 252
202 256
202 327
204 237
204 284
204 304
205 247
205 265
205 304
206 316
207 234
207 246
207 262
207 278
208 314
210 296
211 344
213 220
213 329
215 333
219 229
221 330
222 309
224 235
224 309
226 279
226 324
228 287
228 298
230 255
231 283
231 331
232 237
234 297
235 292
236 292
237 245
237 257
237 320
238 248
239 329
240 287
240 300
241 243
241 305
244 264
244 327
246 262
247 329
249 276
249 293
249 303
250 256
250 264
250 327
254 302
255 293
255 314
257 349
258 279
258 343
259 315
260 297
260 320
261 268
262 348
263 290
264 340
265 282
267 328
277 349
278 289
278 294
278 302
281 282
282 288
285 316
286 332
288 291
289 294
290 331
291 334
295 309
295 331
295 346
298 304
298 317
298 328
299 307
299 318
301 334
306 315
307 323
309 348
312 313
322 325
322 338
329 346
330 339
332 341