400
756
0 260
0 378
1 26
1 68
1 139
1 257
2 71
2 97
2 197
3 15
3 90
3 117
3 165
3 398
4 20
4 123
4 207
4 208
4 282
5 198
5 206
5 229
5 233
5 250
5 366
5 373
6 268
6 351
7 104
7 266
8 78
8 80
8 212
8 261
8 274
9 268
10 70
10 98
10 150
10 212
10 213
11 126
11 144
12 136
12 344
13 26
13 65
13 165
13 185
13 218
13 378
13 390
14 88
14 117
14 234
14 273
14 280
14 319
15 232
15 283
16 84
16 162
16 177
16 326
17 20
17 205
17 286
17 334
17 370
18 24
18 66
18 152
18 185
18 317
18 395
19 42
19 72
19 245
19 270
19 364
20 153
20 180
21 47
21 146
21 156
21 310
22 204
22 232
22 255
23 92
23 110
23 129
23 390
24 44
24 47
24 53
24 181
24 183
24 314
25 117
25 345
26 43
26 105
27 219
28 396
29 130
29 147
29 184
30 72
30 181
30 327
30 338
30 386
31 117
31 140
31 175
31 228
31 254
31 351
31 365
32 126
32 148
32 348
33 53
33 184
33 229
34 44
34 107
34 114
34 274
34 282
34 333
35 96
35 135
35 264
35 297
36 143
36 198
36 301
37 265
37 330
37 333
37 342
37 352
38 39
38 79
38 141
38 196
38 213
38 254
39 45
39 244
40 224
40 294
40 351
41 132
41 205
42 202
43 339
43 383
44 83
44 101
44 292
45 50
46 172
47 177
47 241
47 322
48 187
48 245
48 309
48 314
49 298
49 336
49 371
50 106
50 244
50 283
50 305
50 332
51 76
51 130
51 342
51 356
52 326
52 368
54 135
54 233
54 268
55 123
55 198
55 399
56 60
56 145
56 209
56 361
57 70
57 91
57 126
59 145
59 334
60 174
60 192
60 266
60 349
61 89
61 92
61 192
61 343
62 139
62 147
62 295
62 377
63 373
63 386
64 185
64 217
64 271
65 392
65 396
66 332
66 355
67 184
67 190
67 227
67 276
68 74
68 91
68 196
68 239
68 262
69 95
69 101
69 288
71 137
71 271
71 274
71 292
71 296
71 374
71 380
72 86
73 131
73 233
73 300
73 339
74 128
74 221
74 302
75 166
75 182
75 248
75 289
75 366
76 93
76 252
76 264
76 305
76 348
76 372
77 140
77 193
78 216
78 233
78 266
79 247
80 94
80 236
80 338
81 131
81 173
81 306
82 95
82 99
82 101
82 141
82 353
83 154
83 227
83 246
84 236
85 179
85 396
86 223
87 95
87 144
87 310
88 106
88 157
88 207
88 333
88 367
89 157
89 164
89 235
89 362
90 112
90 359
91 225
91 264
91 363
92 134
92 360
93 231
93 399
94 161
94 282
94 311
95 143
95 331
96 147
96 275
96 306
96 343
97 169
97 374
98 192
98 252
98 272
98 289
98 306
98 328
98 334
98 373
98 394
99 119
99 133
99 224
100 141
101 104
101 134
102 289
103 115
103 160
103 199
103 211
103 252
103 314
103 344
104 129
104 169
104 215
104 313
105 387
106 147
106 166
106 270
106 383
107 269
107 280
107 374
108 360
109 124
110 153
110 282
111 182
111 255
112 274
112 356
113 143
113 231
113 356
114 136
114 169
114 173
114 174
114 186
114 270
115 171
115 174
115 243
116 271
116 305
116 332
117 211
117 340
118 348
118 384
119 232
119 278
120 216
120 313
120 364
121 216
121 287
121 336
122 231
124 146
124 247
124 280
125 276
126 335
127 207
128 241
129 178
129 199
129 216
130 196
130 353
131 257
131 376
132 172
132 272
132 339
132 373
132 397
133 156
133 240
133 270
133 282
133 293
134 226
134 232
134 274
134 331
135 219
135 351
135 397
136 199
136 274
136 290
136 397
137 241
137 283
137 296
137 362
139 307
140 217
140 230
140 294
140 351
141 144
141 210
141 336
141 354
142 233
143 309
144 262
145 334
146 218
146 263
146 298
147 197
147 251
148 173
148 179
148 193
148 202
148 313
149 165
149 182
149 207
149 344
150 272
150 380
150 397
151 227
152 203
152 300
153 227
153 261
153 280
154 169
156 212
157 268
158 160
158 189
158 250
158 258
158 314
158 392
159 201
159 344
160 164
161 206
161 256
161 378
162 209
162 266
163 167
163 169
163 206
163 277
163 381
164 207
164 310
165 204
165 209
165 217
165 238
165 264
165 301
166 347
166 366
167 206
167 232
167 316
168 282
168 378
168 396
169 206
169 281
169 397
170 227
171 210
171 225
171 268
172 184
172 388
173 219
173 227
173 279
173 334
173 335
173 357
174 175
175 233
175 246
175 318
175 326
175 389
175 396
176 269
176 367
176 382
177 244
177 288
178 189
179 185
179 228
180 230
180 369
180 380
181 212
181 215
181 313
181 347
183 360
184 207
184 284
184 341
185 213
185 320
186 228
186 264
186 303
187 284
187 298
188 306
188 357
188 386
190 318
191 225
191 279
191 358
191 386
192 284
192 395
193 301
194 290
194 343
194 385
196 248
196 314
196 364
197 327
198 236
198 392
200 305
200 379
201 207
201 253
201 378
202 236
202 333
203 258
203 278
203 295
203 348
203 363
204 242
205 288
205 320
205 390
206 219
206 260
206 325
207 221
208 356
209 234
209 251
212 350
212 367
213 323
214 279
216 379
217 221
219 245
219 297
219 364
220 223
220 239
220 338
220 347
221 335
222 242
222 257
222 287
223 226
223 264
224 339
225 231
225 238
226 290
226 343
227 277
227 356
228 249
228 373
229 235
229 251
229 259
229 274
230 252
231 289
231 310
231 368
232 316
232 376
232 384
233 237
233 250
233 349
234 328
234 363
234 375
235 353
236 267
237 257
237 373
237 388
238 340
239 321
240 247
240 274
240 328
242 364
243 360
244 366
244 369
245 254
245 392
245 399
247 343
249 312
250 282
250 308
251 257
251 275
251 342
251 363
252 382
254 351
256 329
257 359
257 369
258 267
258 284
258 392
259 306
259 339
260 271
260 310
260 397
261 363
263 266
264 310
268 292
268 325
269 355
271 303
272 397
273 304
273 319
273 342
274 283
274 287
274 384
274 396
274 397
275 328
278 280
278 282
279 291
279 310
279 328
279 342
280 342
283 328
284 300
284 368
286 349
286 381
288 370
289 355
291 319
292 303
292 381
293 324
293 340
293 346
293 351
293 382
296 326
298 308
299 390
300 326
300 358
301 304
304 397
306 369
307 370
308 352
310 376
311 385
312 314
312 328
315 330
316 327
317 319
317 390
319 332
319 369
322 361
323 365
323 374
324 357
325 353
326 339
327 370
330 334
331 341
332 397
334 382
335 375
337 367
341 390
346 359
349 381
366 396
368 370
368 375
368 393
369 376
378 399
385 389