450
10152
0 4
0 33
0 40
0 41
0 45
0 69
0 75
0 105
0 118
0 132
0 136
0 143
0 152
0 157
0 159
0 163
0 172
0 185
0 223
0 236
0 248
0 249
0 255
0 258
0 268
0 292
0 295
0 318
0 321
0 327
0 331
0 333
0 345
0 378
0 382
0 386
0 391
0 396
0 417
0 424
0 435
1 2
1 4
1 11
1 32
1 40
1 42
1 49
1 74
1 86
1 99
1 108
1 121
1 150
1 153
1 164
1 174
1 192
1 194
1 203
1 262
1 267
1 274
1 279
1 280
1 289
1 331
1 349
1 368
1 377
1 380
1 404
1 409
1 415
1 429
1 443
2 5
2 80
2 84
2 87
2 105
2 111
2 127
2 136
2 147
2 155
2 158
2 161
2 166
2 176
2 183
2 197
2 202
2 205
2 208
2 247
2 254
2 268
2 274
2 275
2 277
2 279
2 283
2 292
2 305
2 321
2 325
2 331
2 349
2 375
2 385
2 394
2 396
2 398
2 399
2 401
2 435
2 447
3 10
3 20
3 27
3 39
3 40
3 49
3 60
3 68
3 77
3 78
3 79
3 82
3 83
3 93
3 95
3 100
3 126
3 147
3 150
3 155
3 161
3 166
3 187
3 203
3 222
3 228
3 242
3 243
3 251
3 270
3 271
3 279
3 285
3 341
3 352
3 379
3 389
3 392
3 398
3 401
3 405
3 411
3 424
3 428
3 437
3 439
3 444
4 6
4 9
4 26
4 43
4 44
4 51
4 53
4 62
4 67
4 68
4 75
4 85
4 108
4 120
4 140
4 142
4 143
4 160
4 163
4 181
4 184
4 194
4 201
4 202
4 210
4 241
4 242
4 249
4 252
4 271
4 272
4 303
4 308
4 315
4 319
4 320
4 333
4 337
4 349
4 355
4 370
4 373
4 377
4 382
4 387
4 390
4 401
4 402
4 406
4 411
4 415
4 435
4 436
4 443
5 11
5 36
5 67
5 71
5 73
5 82
5 83
5 86
5 92
5 115
5 121
5 126
5 146
5 167
5 201
5 205
5 224
5 235
5 242
5 257
5 267
5 290
5 297
5 300
5 303
5 304
5 312
5 335
5 345
5 360
5 371
5 372
5 395
5 401
5 406
5 407
5 421
5 422
5 426
6 14
6 26
6 29
6 41
6 48
6 49
6 66
6 85
6 96
6 101
6 106
6 110
6 124
6 134
6 155
6 158
6 174
6 178
6 180
6 188
6 190
6 199
6 206
6 212
6 215
6 224
6 229
6 231
6 256
6 264
6 272
6 279
6 283
6 293
6 296
6 298
6 352
6 355
6 358
6 362
6 371
6 373
6 377
6 382
6 384
6 385
6 386
6 393
6 397
6 398
6 424
6 426
6 428
6 430
6 432
6 433
6 434
6 447
7 14
7 25
7 31
7 32
7 35
7 38
7 44
7 54
7 57
7 63
7 67
7 97
7 99
7 101
7 118
7 126
7 127
7 129
7 131
7 135
7 144
7 153
7 154
7 161
7 178
7 187
7 192
7 195
7 219
7 229
7 231
7 246
7 260
7 265
7 284
7 292
7 317
7 354
7 357
7 359
7 383
7 404
7 417
8 36
8 44
8 52
8 83
8 94
8 108
8 117
8 120
8 132
8 169
8 171
8 173
8 181
8 202
8 204
8 205
8 211
8 216
8 230
8 251
8 252
8 256
8 308
8 319
8 323
8 326
8 329
8 356
8 366
8 376
8 381
8 386
8 413
8 417
8 418
8 422
8 437
9 17
9 20
9 23
9 30
9 33
9 34
9 40
9 48
9 59
9 61
9 85
9 88
9 95
9 114
9 126
9 139
9 141
9 144
9 155
9 158
9 169
9 171
9 177
9 184
9 195
9 205
9 211
9 215
9 223
9 228
9 240
9 244
9 245
9 249
9 250
9 252
9 280
9 284
9 299
9 313
9 369
9 370
9 375
9 381
9 383
9 393
9 394
9 412
9 443
9 445
9 448
9 449
10 23
10 37
10 41
10 57
10 67
10 73
10 75
10 81
10 84
10 96
10 99
10 107
10 176
10 188
10 191
10 192
10 212
10 229
10 241
10 245
10 254
10 257
10 264
10 275
10 283
10 302
10 312
10 321
10 322
10 328
10 347
10 357
10 364
10 365
10 368
10 377
10 385
10 422
10 435
10 437
10 443
10 444
11 32
11 39
11 49
11 58
11 60
11 61
11 68
11 86
11 102
11 107
11 118
11 119
11 131
11 146
11 161
11 163
11 167
11 188
11 198
11 215
11 225
11 227
11 234
11 256
11 258
11 259
11 265
11 266
11 287
11 304
11 321
11 322
11 330
11 338
11 339
11 361
11 367
11 375
11 383
11 387
11 406
11 409
11 412
11 420
11 421
11 429
12 17
12 23
12 27
12 35
12 44
12 48
12 52
12 53
12 63
12 68
12 73
12 84
12 88
12 93
12 129
12 140
12 147
12 152
12 154
12 159
12 164
12 170
12 179
12 197
12 200
12 215
12 236
12 250
12 252
12 263
12 266
12 272
12 282
12 296
12 318
12 332
12 336
12 344
12 346
12 359
12 376
12 380
12 391
12 394
12 400
12 412
12 424
12 426
12 428
12 447
13 20
13 23
13 34
13 36
13 56
13 61
13 63
13 65
13 70
13 83
13 109
13 114
13 126
13 127
13 150
13 158
13 166
13 170
13 174
13 207
13 221
13 223
13 230
13 234
13 261
13 266
13 267
13 273
13 280
13 285
13 319
13 325
13 333
13 346
13 370
13 371
13 376
13 382
13 407
13 418
13 430
13 432
14 47
14 69
14 71
14 75
14 88
14 90
14 96
14 99
14 131
14 139
14 142
14 144
14 152
14 159
14 175
14 176
14 204
14 208
14 249
14 284
14 285
14 294
14 312
14 330
14 336
14 341
14 352
14 356
14 379
14 402
14 410
14 412
14 413
14 416
14 423
14 426
14 438
14 439
14 444
15 16
15 35
15 39
15 41
15 53
15 59
15 65
15 68
15 72
15 74
15 78
15 79
15 80
15 87
15 99
15 100
15 101
15 113
15 119
15 121
15 124
15 144
15 147
15 155
15 158
15 173
15 174
15 181
15 182
15 191
15 197
15 206
15 208
15 213
15 226
15 234
15 241
15 259
15 267
15 269
15 280
15 282
15 283
15 284
15 294
15 300
15 304
15 311
15 314
15 323
15 343
15 346
15 366
15 367
15 378
15 383
15 396
15 398
15 420
15 423
15 428
16 18
16 26
16 27
16 29
16 36
16 59
16 66
16 72
16 77
16 85
16 88
16 90
16 96
16 105
16 119
16 123
16 126
16 128
16 131
16 149
16 155
16 167
16 171
16 172
16 202
16 223
16 235
16 236
16 245
16 251
16 254
16 257
16 262
16 277
16 284
16 286
16 288
16 299
16 300
16 304
16 305
16 306
16 320
16 323
16 324
16 327
16 330
16 332
16 342
16 347
16 360
16 367
16 370
16 382
16 393
16 432
17 18
17 39
17 54
17 69
17 77
17 78
17 82
17 102
17 105
17 107
17 109
17 125
17 140
17 144
17 147
17 148
17 165
17 173
17 182
17 190
17 250
17 274
17 287
17 294
17 296
17 303
17 318
17 330
17 334
17 337
17 338
17 343
17 354
17 357
17 359
17 363
17 367
17 375
17 380
17 382
17 388
17 395
17 398
17 404
17 414
17 430
17 449
18 21
18 25
18 39
18 41
18 53
18 58
18 67
18 79
18 81
18 85
18 107
18 130
18 133
18 152
18 153
18 155
18 173
18 178
18 180
18 188
18 196
18 199
18 203
18 204
18 209
18 214
18 224
18 228
18 233
18 234
18 249
18 259
18 260
18 261
18 303
18 305
18 327
18 332
18 334
18 359
18 367
18 372
18 384
18 407
18 429
18 447
18 448
19 79
19 80
19 103
19 113
19 145
19 158
19 164
19 182
19 183
19 184
19 187
19 198
19 220
19 222
19 230
19 240
19 241
19 252
19 276
19 277
19 285
19 296
19 298
19 304
19 318
19 321
19 346
19 360
19 368
19 387
19 389
19 392
19 393
19 398
19 429
19 435
20 22
20 26
20 37
20 42
20 52
20 65
20 66
20 67
20 68
20 80
20 83
20 102
20 103
20 108
20 109
20 113
20 118
20 129
20 144
20 151
20 178
20 184
20 202
20 205
20 207
20 211
20 213
20 220
20 228
20 244
20 248
20 252
20 261
20 263
20 264
20 299
20 310
20 320
20 338
20 350
20 355
20 376
20 377
20 407
20 421
20 434
21 22
21 29
21 35
21 41
21 44
21 55
21 58
21 63
21 65
21 76
21 99
21 104
21 111
21 128
21 156
21 172
21 174
21 198
21 204
21 205
21 217
21 220
21 222
21 224
21 228
21 255
21 268
21 275
21 279
21 292
21 297
21 322
21 326
21 342
21 352
21 358
21 364
21 373
21 377
21 384
21 386
21 388
21 399
21 414
21 417
21 445
22 41
22 63
22 79
22 81
22 83
22 96
22 99
22 100
22 113
22 123
22 144
22 159
22 162
22 169
22 184
22 187
22 203
22 228
22 247
22 248
22 254
22 260
22 279
22 304
22 318
22 324
22 326
22 353
22 368
22 386
22 392
22 394
22 415
22 416
22 419
22 426
22 434
22 444
23 27
23 67
23 77
23 80
23 116
23 125
23 131
23 152
23 158
23 181
23 187
23 199
23 206
23 238
23 243
23 251
23 252
23 263
23 268
23 271
23 280
23 285
23 296
23 313
23 324
23 327
23 332
23 347
23 356
23 360
23 378
23 382
23 392
23 397
23 403
23 406
23 411
23 427
23 429
23 431
23 432
23 438
23 439
23 440
23 444
23 449
24 31
24 38
24 42
24 46
24 47
24 54
24 56
24 58
24 62
24 76
24 88
24 94
24 96
24 99
24 110
24 115
24 139
24 169
24 179
24 181
24 193
24 196
24 215
24 217
24 221
24 224
24 225
24 253
24 255
24 268
24 271
24 281
24 297
24 300
24 319
24 323
24 325
24 326
24 358
24 370
24 373
24 381
24 395
24 403
24 409
24 433
25 42
25 68
25 80
25 87
25 119
25 124
25 127
25 137
25 142
25 153
25 167
25 174
25 176
25 194
25 196
25 243
25 265
25 327
25 330
25 339
25 341
25 345
25 359
25 360
25 369
25 388
25 397
25 427
25 435
25 438
26 34
26 38
26 39
26 60
26 61
26 79
26 106
26 107
26 109
26 112
26 154
26 171
26 183
26 205
26 208
26 225
26 239
26 242
26 243
26 252
26 257
26 258
26 259
26 260
26 273
26 276
26 288
26 296
26 302
26 303
26 315
26 316
26 318
26 323
26 332
26 349
26 357
26 363
26 370
26 374
26 377
26 390
26 396
26 417
26 420
27 49
27 53
27 77
27 85
27 90
27 101
27 114
27 129
27 140
27 142
27 167
27 177
27 184
27 198
27 208
27 210
27 211
27 234
27 239
27 240
27 272
27 281
27 284
27 289
27 340
27 342
27 364
27 383
27 400
27 401
27 409
27 414
27 418
27 444
28 45
28 50
28 56
28 69
28 84
28 88
28 97
28 101
28 117
28 124
28 152
28 156
28 159
28 167
28 186
28 192
28 208
28 209
28 218
28 231
28 237
28 247
28 254
28 260
28 270
28 279
28 291
28 298
28 312
28 315
28 316
28 320
28 342
28 354
28 363
28 384
28 385
28 394
28 406
28 409
28 420
28 422
28 432
28 433
29 37
29 43
29 47
29 52
29 55
29 75
29 77
29 82
29 85
29 87
29 90
29 95
29 103
29 115
29 124
29 128
29 140
29 148
29 159
29 163
29 164
29 167
29 175
29 178
29 190
29 192
29 214
29 259
29 260
29 265
29 270
29 275
29 310
29 321
29 326
29 364
29 382
29 388
29 390
29 395
29 399
29 401
29 424
29 427
29 432
29 433
30 31
30 45
30 49
30 62
30 77
30 79
30 92
30 94
30 96
30 109
30 114
30 118
30 130
30 141
30 158
30 186
30 188
30 204
30 205
30 210
30 227
30 229
30 279
30 296
30 306
30 315
30 335
30 342
30 359
30 360
30 379
30 380
30 384
30 404
30 427
30 438
30 439
31 44
31 53
31 67
31 70
31 76
31 89
31 96
31 109
31 132
31 134
31 145
31 150
31 159
31 164
31 175
31 183
31 184
31 195
31 219
31 229
31 230
31 252
31 258
31 260
31 261
31 262
31 264
31 278
31 286
31 289
31 297
31 334
31 345
31 356
31 371
31 376
31 381
31 389
31 393
31 397
31 398
31 415
31 435
31 437
31 439
31 441
32 54
32 63
32 65
32 67
32 77
32 89
32 95
32 99
32 104
32 123
32 127
32 140
32 152
32 160
32 162
32 165
32 202
32 209
32 213
32 215
32 226
32 234
32 261
32 264
32 270
32 284
32 285
32 287
32 294
32 298
32 302
32 308
32 310
32 316
32 325
32 350
32 352
32 353
32 365
32 384
32 390
32 418
32 427
32 443
32 448
33 38
33 41
33 46
33 53
33 73
33 85
33 92
33 96
33 112
33 119
33 132
33 141
33 144
33 147
33 149
33 158
33 162
33 174
33 222
33 224
33 237
33 243
33 252
33 276
33 284
33 287
33 289
33 297
33 303
33 320
33 345
33 351
33 353
33 360
33 363
33 374
33 396
33 402
33 414
33 423
33 424
33 443
33 445
33 446
34 49
34 58
34 63
34 66
34 73
34 93
34 94
34 121
34 132
34 137
34 139
34 149
34 150
34 165
34 169
34 178
34 182
34 187
34 188
34 226
34 230
34 233
34 239
34 242
34 245
34 246
34 249
34 251
34 253
34 268
34 270
34 278
34 279
34 294
34 310
34 317
34 324
34 333
34 342
34 348
34 359
34 362
34 388
34 389
34 392
34 398
34 417
34 422
34 430
35 50
35 59
35 60
35 63
35 66
35 68
35 70
35 73
35 76
35 107
35 109
35 126
35 131
35 140
35 152
35 156
35 164
35 170
35 198
35 205
35 222
35 228
35 233
35 243
35 244
35 246
35 247
35 251
35 287
35 304
35 316
35 324
35 328
35 350
35 355
35 356
35 369
35 372
35 385
35 386
35 411
35 419
35 428
35 429
35 432
35 441
35 446
35 447
35 449
36 39
36 48
36 51
36 61
36 71
36 81
36 90
36 94
36 99
36 101
36 104
36 122
36 132
36 146
36 157
36 199
36 210
36 236
36 258
36 282
36 302
36 324
36 327
36 342
36 343
36 356
36 362
36 363
36 384
36 424
36 425
36 426
36 427
36 438
36 441
36 445
37 43
37 59
37 61
37 64
37 111
37 115
37 122
37 123
37 129
37 130
37 134
37 136
37 144
37 150
37 163
37 165
37 167
37 176
37 181
37 187
37 189
37 208
37 217
37 230
37 241
37 243
37 247
37 271
37 274
37 275
37 282
37 284
37 291
37 309
37 317
37 335
37 344
37 368
37 376
37 381
37 387
37 400
37 405
37 427
37 429
37 443
37 447
38 41
38 45
38 47
38 62
38 78
38 80
38 88
38 89
38 97
38 100
38 110
38 150
38 152
38 156
38 178
38 180
38 192
38 194
38 202
38 217
38 218
38 221
38 226
38 234
38 250
38 264
38 267
38 269
38 288
38 294
38 296
38 300
38 301
38 319
38 320
38 329
38 331
38 340
38 349
38 350
38 351
38 357
38 365
38 370
38 381
38 394
38 395
38 400
38 401
38 403
38 418
38 423
38 434
38 435
39 41
39 42
39 54
39 55
39 60
39 65
39 78
39 80
39 81
39 89
39 91
39 94
39 100
39 106
39 108
39 111
39 114
39 120
39 121
39 127
39 128
39 134
39 139
39 147
39 158
39 161
39 181
39 199
39 203
39 211
39 218
39 221
39 234
39 258
39 275
39 306
39 310
39 312
39 328
39 332
39 334
39 347
39 374
39 389
39 393
39 404
39 412
39 413
39 436
39 439
39 446
40 49
40 52
40 57
40 68
40 75
40 81
40 93
40 97
40 110
40 122
40 142
40 144
40 147
40 154
40 162
40 172
40 180
40 184
40 198
40 210
40 219
40 258
40 272
40 282
40 314
40 331
40 347
40 350
40 361
40 363
40 366
40 372
40 379
40 404
40 408
40 410
40 428
40 432
40 433
40 437
40 447
40 449
41 50
41 58
41 61
41 63
41 68
41 82
41 83
41 84
41 86
41 106
41 118
41 127
41 137
41 146
41 149
41 154
41 169
41 185
41 205
41 216
41 221
41 223
41 234
41 239
41 241
41 258
41 260
41 268
41 286
41 287
41 326
41 338
41 341
41 344
41 355
41 362
41 376
41 381
41 382
41 394
41 396
41 397
41 425
41 429
41 432
41 434
41 447
42 45
42 57
42 61
42 77
42 85
42 88
42 95
42 96
42 109
42 123
42 129
42 147
42 174
42 175
42 186
42 187
42 189
42 191
42 203
42 205
42 213
42 214
42 219
42 221
42 235
42 236
42 238
42 251
42 257
42 260
42 267
42 268
42 271
42 277
42 300
42 307
42 308
42 329
42 338
42 341
42 343
42 348
42 356
42 357
42 368
42 369
42 403
42 411
42 416
42 421
42 424
42 426
42 436
42 449
43 45
43 67
43 69
43 80
43 105
43 120
43 128
43 142
43 158
43 172
43 180
43 195
43 196
43 199
43 213
43 223
43 239
43 250
43 271
43 272
43 287
43 303
43 314
43 317
43 326
43 342
43 346
43 350
43 358
43 360
43 361
43 378
43 389
43 408
43 410
43 412
43 445
43 446
44 59
44 87
44 104
44 109
44 110
44 129
44 135
44 169
44 172
44 173
44 187
44 191
44 197
44 210
44 241
44 242
44 249
44 264
44 267
44 277
44 281
44 283
44 318
44 321
44 322
44 325
44 331
44 332
44 339
44 346
44 354
44 370
44 382
44 398
44 403
44 405
44 409
44 412
44 432
45 49
45 52
45 65
45 71
45 76
45 81
45 85
45 91
45 118
45 119
45 147
45 183
45 187
45 190
45 202
45 203
45 204
45 220
45 244
45 250
45 259
45 272
45 274
45 276
45 280
45 284
45 289
45 295
45 299
45 326
45 334
45 338
45 339
45 340
45 366
45 368
45 382
45 397
45 401
45 407
45 416
45 420
45 431
45 433
46 49
46 52
46 63
46 74
46 79
46 89
46 93
46 97
46 112
46 152
46 162
46 167
46 177
46 178
46 179
46 186
46 195
46 223
46 236
46 262
46 263
46 272
46 291
46 315
46 318
46 319
46 322
46 333
46 341
46 342
46 368
46 371
46 401
46 407
46 418
46 432
46 435
46 438
46 447
46 449
47 53
47 58
47 63
47 64
47 97
47 109
47 111
47 119
47 124
47 129
47 145
47 158
47 183
47 187
47 211
47 225
47 262
47 284
47 285
47 301
47 321
47 333
47 335
47 344
47 381
47 387
47 399
47 406
48 49
48 63
48 81
48 101
48 121
48 124
48 155
48 168
48 169
48 198
48 200
48 201
48 205
48 214
48 247
48 252
48 263
48 270
48 292
48 299
48 300
48 302
48 306
48 308
48 310
48 312
48 340
48 344
48 347
48 362
48 375
48 389
48 398
48 417
48 424
49 59
49 61
49 72
49 74
49 86
49 95
49 101
49 112
49 143
49 173
49 191
49 206
49 208
49 214
49 222
49 234
49 238
49 264
49 276
49 277
49 287
49 291
49 294
49 302
49 336
49 338
49 342
49 343
49 366
49 369
49 384
49 389
49 394
49 401
49 405
49 413
49 421
49 428
49 437
49 443
50 78
50 86
50 96
50 103
50 105
50 115
50 130
50 157
50 166
50 168
50 178
50 183
50 186
50 199
50 203
50 215
50 224
50 242
50 254
50 259
50 268
50 306
50 307
50 311
50 319
50 330
50 332
50 341
50 353
50 357
50 364
50 381
50 400
50 425
50 429
50 444
50 448
51 55
51 59
51 63
51 69
51 72
51 76
51 80
51 86
51 88
51 93
51 99
51 107
51 140
51 145
51 166
51 179
51 191
51 198
51 215
51 224
51 225
51 226
51 233
51 248
51 265
51 266
51 282
51 288
51 315
51 321
51 329
51 340
51 347
51 350
51 356
51 369
51 406
51 411
51 414
51 416
51 436
51 445
52 89
52 94
52 104
52 133
52 134
52 140
52 150
52 155
52 172
52 203
52 210
52 213
52 215
52 223
52 235
52 241
52 242
52 253
52 262
52 266
52 268
52 276
52 292
52 295
52 299
52 315
52 327
52 333
52 334
52 335
52 396
52 404
52 411
52 428
52 430
52 445
52 446
53 62
53 65
53 72
53 83
53 84
53 97
53 149
53 154
53 170
53 172
53 181
53 183
53 185
53 223
53 228
53 234
53 240
53 243
53 245
53 248
53 260
53 267
53 288
53 306
53 314
53 319
53 345
53 359
53 377
53 390
53 403
53 416
53 419
53 424
53 431
53 438
53 439
54 59
54 66
54 79
54 95
54 116
54 124
54 128
54 132
54 139
54 154
54 167
54 168
54 192
54 220
54 237
54 271
54 273
54 295
54 308
54 312
54 327
54 339
54 340
54 350
54 352
54 356
54 368
54 373
54 378
54 380
54 386
54 389
54 391
54 398
54 412
54 414
54 439
54 448
55 65
55 79
55 89
55 95
55 102
55 119
55 121
55 131
55 134
55 135
55 140
55 143
55 151
55 166
55 167
55 175
55 176
55 178
55 190
55 201
55 204
55 208
55 212
55 218
55 220
55 238
55 241
55 244
55 245
55 247
55 251
55 266
55 279
55 283
55 288
55 293
55 301
55 305
55 314
55 334
55 382
55 388
55 390
55 401
55 405
55 410
55 425
56 62
56 64
56 65
56 76
56 100
56 108
56 109
56 118
56 145
56 150
56 158
56 160
56 167
56 171
56 172
56 206
56 220
56 231
56 236
56 256
56 270
56 283
56 289
56 307
56 331
56 345
56 349
56 359
56 390
56 392
56 395
56 404
56 414
56 437
56 444
56 448
57 79
57 109
57 111
57 133
57 137
57 146
57 166
57 175
57 176
57 178
57 184
57 185
57 189
57 196
57 208
57 216
57 225
57 230
57 232
57 238
57 241
57 243
57 276
57 281
57 291
57 298
57 318
57 326
57 331
57 337
57 342
57 344
57 365
57 372
57 386
57 389
57 394
57 407
57 422
57 423
57 424
57 445
58 65
58 68
58 84
58 105
58 113
58 124
58 143
58 152
58 163
58 174
58 181
58 193
58 197
58 210
58 216
58 225
58 233
58 251
58 253
58 265
58 269
58 278
58 287
58 290
58 291
58 297
58 320
58 328
58 336
58 351
58 352
58 357
58 361
58 363
58 402
58 408
58 415
58 428
58 430
58 433
58 442
59 60
59 65
59 90
59 94
59 97
59 116
59 121
59 122
59 144
59 153
59 179
59 183
59 195
59 218
59 219
59 224
59 234
59 236
59 261
59 267
59 278
59 283
59 286
59 288
59 292
59 293
59 298
59 333
59 346
59 349
59 360
59 369
59 380
59 396
59 402
59 411
59 412
59 435
59 442
59 448
59 449
60 72
60 86
60 95
60 96
60 102
60 121
60 125
60 129
60 138
60 156
60 163
60 195
60 197
60 204
60 206
60 207
60 217
60 220
60 223
60 229
60 237
60 243
60 263
60 264
60 269
60 270
60 273
60 276
60 283
60 308
60 310
60 322
60 344
60 346
60 354
60 362
60 371
60 374
60 379
60 405
60 408
60 412
60 416
60 417
60 419
60 441
61 73
61 75
61 77
61 87
61 110
61 111
61 120
61 133
61 149
61 151
61 164
61 166
61 178
61 186
61 197
61 204
61 207
61 219
61 227
61 233
61 248
61 263
61 264
61 270
61 273
61 274
61 282
61 304
61 306
61 313
61 314
61 319
61 339
61 346
61 355
61 359
61 363
61 373
61 381
61 382
61 399
61 404
61 405
61 414
61 427
61 430
61 448
62 81
62 97
62 110
62 115
62 117
62 120
62 122
62 133
62 135
62 156
62 160
62 165
62 190
62 208
62 210
62 227
62 237
62 244
62 249
62 263
62 266
62 287
62 293
62 317
62 322
62 326
62 342
62 351
62 364
62 375
62 380
62 388
62 390
62 394
62 404
62 411
62 414
62 426
62 434
62 439
62 449
63 81
63 86
63 95
63 101
63 124
63 133
63 140
63 141
63 144
63 148
63 169
63 179
63 201
63 209
63 214
63 230
63 231
63 233
63 240
63 243
63 263
63 267
63 275
63 285
63 287
63 288
63 290
63 291
63 292
63 293
63 296
63 300
63 322
63 330
63 340
63 353
63 358
63 364
63 365
63 368
63 389
63 402
63 419
63 429
63 432
63 440
63 445
63 448
64 71
64 91
64 95
64 155
64 208
64 210
64 224
64 228
64 247
64 265
64 282
64 284
64 287
64 289
64 307
64 312
64 338
64 362
64 365
64 374
64 380
64 389
64 394
64 397
64 407
64 411
64 432
64 436
65 66
65 70
65 80
65 83
65 84
65 89
65 97
65 100
65 143
65 146
65 163
65 165
65 200
65 206
65 224
65 227
65 234
65 241
65 269
65 273
65 275
65 324
65 372
65 386
65 396
65 418
65 421
65 429
65 440
66 73
66 94
66 107
66 111
66 127
66 130
66 133
66 148
66 173
66 182
66 191
66 219
66 222
66 238
66 290
66 294
66 303
66 314
66 315
66 323
66 325
66 331
66 332
66 341
66 345
66 354
66 384
66 386
66 392
66 430
67 74
67 82
67 99
67 118
67 123
67 126
67 129
67 151
67 153
67 177
67 184
67 189
67 230
67 240
67 246
67 251
67 254
67 255
67 260
67 268
67 270
67 273
67 303
67 308
67 310
67 322
67 327
67 329
67 331
67 337
67 341
67 363
67 365
67 403
67 412
67 438
68 70
68 92
68 116
68 128
68 135
68 136
68 138
68 155
68 156
68 162
68 173
68 176
68 202
68 220
68 228
68 229
68 232
68 247
68 254
68 263
68 264
68 266
68 293
68 308
68 329
68 334
68 336
68 343
68 355
68 358
68 401
68 410
68 418
68 420
68 443
68 448
69 79
69 80
69 82
69 86
69 95
69 150
69 159
69 160
69 173
69 183
69 212
69 228
69 237
69 239
69 240
69 250
69 255
69 277
69 299
69 308
69 312
69 330
69 332
69 334
69 344
69 353
69 370
69 373
69 385
69 396
69 397
69 408
69 416
69 424
69 430
69 432
69 433
69 434
69 435
69 437
69 442
70 71
70 77
70 94
70 96
70 101
70 103
70 109
70 118
70 137
70 139
70 151
70 167
70 169
70 179
70 181
70 186
70 189
70 200
70 204
70 206
70 215
70 220
70 232
70 245
70 248
70 258
70 289
70 292
70 311
70 314
70 342
70 352
70 385
70 405
70 410
70 415
70 435
70 437
70 446
70 448
71 107
71 113
71 135
71 142
71 152
71 171
71 176
71 178
71 206
71 208
71 211
71 213
71 228
71 231
71 234
71 235
71 243
71 263
71 268
71 270
71 295
71 298
71 300
71 302
71 305
71 325
71 331
71 345
71 351
71 373
71 392
71 393
71 399
71 425
71 430
72 77
72 78
72 105
72 108
72 124
72 143
72 144
72 159
72 164
72 174
72 176
72 198
72 211
72 217
72 224
72 247
72 255
72 259
72 260
72 265
72 280
72 295
72 328
72 359
72 362
72 365
72 374
72 393
72 406
72 408
72 411
72 431
72 438
72 449
73 85
73 88
73 93
73 104
73 115
73 121
73 122
73 124
73 145
73 197
73 200
73 204
73 213
73 239
73 248
73 249
73 256
73 272
73 278
73 289
73 293
73 294
73 305
73 307
73 308
73 310
73 315
73 323
73 325
73 341
73 343
73 355
73 366
73 381
73 405
73 418
73 428
73 446
74 79
74 80
74 91
74 100
74 113
74 121
74 123
74 125
74 127
74 129
74 132
74 135
74 137
74 142
74 173
74 199
74 229
74 235
74 252
74 256
74 281
74 293
74 308
74 309
74 320
74 326
74 327
74 333
74 345
74 348
74 357
74 361
74 362
74 364
74 367
74 371
74 382
74 383
74 384
74 403
74 415
74 429
74 431
74 443
75 84
75 97
75 115
75 123
75 128
75 146
75 147
75 159
75 184
75 196
75 202
75 213
75 217
75 221
75 263
75 266
75 271
75 314
75 319
75 325
75 340
75 362
75 363
75 380
75 401
75 442
76 100
76 122
76 143
76 150
76 160
76 192
76 211
76 212
76 236
76 244
76 277
76 300
76 301
76 306
76 308
76 325
76 341
76 343
76 344
76 355
76 375
76 380
76 381
76 409
76 413
76 417
76 421
76 441
77 84
77 89
77 92
77 115
77 125
77 138
77 155
77 178
77 187
77 204
77 228
77 235
77 238
77 258
77 263
77 275
77 283
77 286
77 291
77 339
77 351
77 358
77 359
77 369
77 378
77 387
77 421
78 110
78 113
78 129
78 134
78 186
78 188
78 189
78 195
78 222
78 226
78 231
78 248
78 277
78 294
78 311
78 323
78 324
78 349
78 354
78 358
78 359
78 362
78 374
78 380
78 387
78 389
78 397
78 403
78 411
78 440
78 449
79 98
79 104
79 116
79 131
79 135
79 136
79 138
79 152
79 154
79 171
79 183
79 207
79 218
79 220
79 234
79 235
79 248
79 260
79 265
79 269
79 282
79 285
79 290
79 304
79 309
79 316
79 342
79 373
79 377
79 379
79 389
79 396
79 407
79 430
79 434
80 97
80 104
80 109
80 110
80 113
80 119
80 122
80 129
80 138
80 156
80 163
80 172
80 175
80 177
80 179
80 181
80 227
80 232
80 243
80 255
80 270
80 274
80 278
80 281
80 290
80 310
80 319
80 334
80 343
80 348
80 360
80 372
80 373
80 376
80 382
80 391
80 392
80 402
80 404
80 406
80 409
80 417
80 432
80 433
80 436
80 446
81 88
81 89
81 108
81 114
81 127
81 129
81 131
81 141
81 158
81 162
81 163
81 165
81 171
81 184
81 202
81 206
81 208
81 212
81 221
81 260
81 264
81 274
81 275
81 282
81 304
81 305
81 319
81 325
81 326
81 327
81 343
81 357
81 361
81 368
81 380
81 390
81 394
81 395
81 422
81 430
81 432
81 436
81 440
82 85
82 91
82 101
82 102
82 106
82 108
82 119
82 122
82 133
82 147
82 161
82 163
82 164
82 176
82 177
82 187
82 198
82 199
82 200
82 215
82 237
82 264
82 281
82 283
82 288
82 305
82 318
82 323
82 341
82 361
82 378
82 395
83 92
83 100
83 129
83 137
83 146
83 155
83 161
83 167
83 176
83 187
83 196
83 210
83 212
83 229
83 232
83 249
83 257
83 260
83 263
83 281
83 287
83 291
83 295
83 298
83 319
83 324
83 341
83 348
83 389
83 396
83 400
83 419
83 429
83 443
83 446
83 449
84 85
84 96
84 102
84 113
84 132
84 149
84 151
84 153
84 157
84 159
84 160
84 161
84 168
84 175
84 183
84 233
84 241
84 268
84 270
84 276
84 282
84 286
84 288
84 300
84 305
84 307
84 309
84 320
84 323
84 324
84 331
84 333
84 346
84 348
84 368
84 392
84 395
84 397
84 401
84 410
84 425
84 426
84 432
84 449
85 109
85 112
85 130
85 148
85 149
85 182
85 191
85 205
85 208
85 211
85 238
85 242
85 251
85 263
85 292
85 307
85 310
85 348
85 353
85 368
85 391
85 394
85 412
85 444
86 88
86 91
86 111
86 131
86 143
86 147
86 158
86 161
86 179
86 183
86 204
86 215
86 221
86 233
86 249
86 250
86 264
86 275
86 290
86 293
86 298
86 301
86 303
86 330
86 344
86 348
86 370
86 383
86 390
86 394
86 403
86 436
86 446
86 448
87 117
87 130
87 149
87 157
87 166
87 173
87 178
87 190
87 202
87 210
87 211
87 212
87 217
87 224
87 225
87 232
87 254
87 258
87 263
87 266
87 277
87 281
87 293
87 301
87 307
87 315
87 324
87 330
87 335
87 345
87 360
87 394
87 398
87 402
87 418
87 431
87 432
87 441
87 448
88 112
88 116
88 128
88 132
88 146
88 153
88 154
88 157
88 161
88 171
88 172
88 177
88 180
88 187
88 209
88 210
88 211
88 214
88 217
88 224
88 237
88 257
88 258
88 269
88 278
88 285
88 286
88 314
88 321
88 325
88 336
88 337
88 343
88 345
88 376
88 389
88 393
88 414
88 415
88 425
88 441
89 91
89 96
89 118
89 124
89 131
89 139
89 141
89 148
89 157
89 162
89 166
89 168
89 176
89 189
89 203
89 218
89 230
89 250
89 254
89 262
89 264
89 271
89 273
89 283
89 284
89 289
89 293
89 308
89 312
89 322
89 327
89 346
89 369
89 371
89 393
89 400
89 408
89 411
89 416
89 417
89 424
89 428
89 438
90 102
90 111
90 112
90 113
90 115
90 123
90 130
90 137
90 144
90 229
90 238
90 249
90 270
90 272
90 277
90 282
90 294
90 302
90 314
90 319
90 321
90 327
90 329
90 342
90 364
90 388
90 401
90 424
90 430
90 440
90 447
91 102
91 104
91 120
91 143
91 155
91 162
91 166
91 171
91 178
91 185
91 186
91 189
91 191
91 193
91 204
91 215
91 242
91 244
91 265
91 267
91 272
91 283
91 290
91 305
91 330
91 336
91 345
91 346
91 348
91 361
91 369
91 390
91 391
91 393
91 401
91 402
91 406
91 416
91 420
91 428
91 440
91 447
92 97
92 102
92 113
92 122
92 126
92 134
92 138
92 150
92 155
92 161
92 170
92 182
92 191
92 197
92 205
92 208
92 215
92 228
92 236
92 242
92 244
92 262
92 274
92 276
92 286
92 289
92 292
92 301
92 342
92 349
92 376
92 392
92 402
92 406
92 418
92 425
92 426
92 428
92 433
92 434
92 440
93 106
93 116
93 122
93 152
93 158
93 161
93 174
93 186
93 198
93 212
93 216
93 217
93 219
93 226
93 228
93 229
93 230
93 270
93 274
93 288
93 293
93 294
93 295
93 299
93 309
93 321
93 328
93 331
93 342
93 359
93 366
93 390
93 405
93 448
94 95
94 105
94 111
94 114
94 130
94 144
94 155
94 172
94 211
94 231
94 233
94 285
94 288
94 305
94 330
94 347
94 356
94 366
94 390
94 412
94 415
94 417
94 427
94 439
95 136
95 149
95 154
95 183
95 184
95 188
95 195
95 211
95 216
95 218
95 219
95 228
95 248
95 270
95 275
95 286
95 294
95 300
95 312
95 323
95 338
95 346
95 365
95 375
95 379
95 382
95 383
95 384
95 387
96 100
96 115
96 124
96 129
96 153
96 154
96 171
96 175
96 188
96 198
96 227
96 234
96 249
96 274
96 300
96 302
96 316
96 321
96 326
96 329
96 333
96 335
96 336
96 341
96 358
96 368
96 372
96 374
96 396
96 404
96 414
96 431
96 433
96 440
97 105
97 118
97 119
97 139
97 140
97 151
97 164
97 177
97 178
97 187
97 205
97 222
97 230
97 261
97 264
97 269
97 271
97 273
97 277
97 291
97 293
97 303
97 330
97 331
97 335
97 342
97 382
97 384
97 390
97 398
97 399
97 409
97 415
97 419
97 423
97 427
97 431
98 124
98 136
98 145
98 148
98 160
98 165
98 166
98 179
98 187
98 190
98 203
98 209
98 210
98 212
98 226
98 227
98 231
98 237
98 238
98 252
98 262
98 266
98 267
98 277
98 278
98 281
98 284
98 288
98 290
98 300
98 301
98 305
98 317
98 327
98 333
98 342
98 360
98 368
98 378
98 390
98 393
98 412
98 414
98 434
98 438
98 447
99 106
99 109
99 118
99 129
99 132
99 139
99 147
99 149
99 182
99 218
99 241
99 246
99 247
99 249
99 278
99 284
99 285
99 304
99 307
99 316
99 320
99 328
99 329
99 332
99 338
99 347
99 360
99 379
99 382
99 398
99 401
99 405
99 416
99 429
99 449
100 103
100 119
100 123
100 154
100 180
100 191
100 213
100 221
100 233
100 247
100 250
100 265
100 278
100 284
100 300
100 301
100 312
100 328
100 329
100 343
100 344
100 354
100 372
100 383
100 388
100 402
100 436
100 441
100 448
101 114
101 123
101 133
101 138
101 141
101 145
101 147
101 155
101 167
101 177
101 179
101 180
101 189
101 190
101 224
101 234
101 238
101 252
101 259
101 282
101 297
101 306
101 309
101 334
101 350
101 358
101 381
101 414
101 427
101 428
101 439
102 108
102 120
102 123
102 127
102 142
102 152
102 173
102 182
102 188
102 199
102 208
102 209
102 237
102 240
102 241
102 268
102 281
102 292
102 295
102 357
102 358
102 362
102 366
102 396
102 397
102 402
102 428
102 434
102 441
102 443
102 445
102 448
102 449
103 114
103 118
103 134
103 152
103 163
103 166
103 173
103 176
103 177
103 200
103 202
103 216
103 219
103 241
103 251
103 258
103 268
103 274
103 299
103 305
103 306
103 308
103 312
103 352
103 360
103 399
103 411
103 422
104 111
104 120
104 151
104 163
104 178
104 192
104 197
104 213
104 219
104 262
104 285
104 291
104 295
104 304
104 313
104 317
104 337
104 346
104 348
104 374
104 382
104 383
104 392
104 408
104 414
104 445
105 123
105 131
105 156
105 159
105 169
105 171
105 172
105 182
105 187
105 196
105 203
105 209
105 213
105 220
105 232
105 234
105 235
105 237
105 260
105 278
105 280
105 291
105 293
105 304
105 313
105 333
105 337
105 342
105 377
105 390
105 396
105 407
105 408
105 416
105 421
105 422
105 433
105 436
105 447
105 449
106 111
106 123
106 157
106 187
106 188
106 198
106 213
106 215
106 217
106 219
106 224
106 229
106 233
106 234
106 238
106 242
106 253
106 255
106 263
106 286
106 313
106 314
106 320
106 326
106 327
106 338
106 340
106 341
106 349
106 366
106 376
106 392
106 401
106 406
106 408
106 410
106 415
106 418
106 429
106 446
107 121
107 122
107 140
107 146
107 153
107 165
107 167
107 169
107 173
107 183
107 184
107 210
107 230
107 262
107 265
107 267
107 276
107 289
107 295
107 302
107 327
107 351
107 360
107 392
107 405
107 408
107 428
107 435
107 437
108 119
108 130
108 167
108 172
108 174
108 176
108 180
108 206
108 222
108 231
108 270
108 283
108 284
108 286
108 291
108 318
108 322
108 323
108 328
108 342
108 353
108 356
108 368
108 384
108 395
108 403
108 404
108 408
108 410
108 429
108 431
108 432
108 447
109 125
109 134
109 143
109 152
109 153
109 156
109 162
109 175
109 177
109 181
109 184
109 185
109 188
109 190
109 192
109 215
109 224
109 246
109 266
109 269
109 283
109 286
109 289
109 320
109 327
109 339
109 347
109 351
109 380
109 398
109 409
109 431
109 432
109 437
109 440
110 115
110 126
110 128
110 129
110 135
110 142
110 180
110 192
110 193
110 202
110 216
110 221
110 227
110 264
110 265
110 285
110 292
110 311
110 314
110 328
110 359
110 365
110 373
110 378
110 390
110 429
110 433
110 445
110 447
111 120
111 122
111 123
111 125
111 129
111 147
111 151
111 161
111 167
111 175
111 176
111 181
111 239
111 241
111 242
111 262
111 264
111 272
111 298
111 305
111 309
111 328
111 346
111 364
111 373
111 389
111 395
111 398
111 403
111 416
111 427
111 438
111 446
111 447
111 449
112 114
112 119
112 122
112 164
112 166
112 171
112 187
112 191
112 192
112 200
112 217
112 219
112 234
112 252
112 259
112 265
112 271
112 279
112 280
112 295
112 301
112 304
112 305
112 312
112 314
112 315
112 332
112 352
112 363
112 367
112 374
112 381
112 399
112 406
112 414
112 439
113 114
113 134
113 136
113 152
113 157
113 158
113 172
113 185
113 193
113 194
113 208
113 225
113 228
113 240
113 241
113 261
113 262
113 269
113 311
113 316
113 321
113 332
113 372
113 373
113 375
113 376
113 383
113 384
113 393
113 400
113 401
113 408
113 411
113 414
113 420
113 422
113 423
113 431
113 433
114 129
114 145
114 150
114 152
114 189
114 219
114 270
114 274
114 275
114 282
114 300
114 303
114 309
114 313
114 327
114 336
114 340
114 344
114 350
114 351
114 352
114 373
114 378
114 389
114 393
114 402
114 404
114 410
114 426
114 428
115 134
115 152
115 153
115 161
115 163
115 169
115 170
115 173
115 190
115 203
115 208
115 209
115 214
115 220
115 228
115 232
115 238
115 249
115 252
115 255
115 256
115 281
115 302
115 304
115 347
115 351
115 353
115 354
115 359
115 360
115 366
115 380
115 387
115 412
115 416
115 421
115 428
115 429
115 434
115 438
115 440
116 127
116 151
116 156
116 157
116 165
116 172
116 173
116 177
116 188
116 199
116 213
116 234
116 238
116 244
116 246
116 250
116 252
116 253
116 254
116 256
116 257
116 261
116 265
116 268
116 270
116 273
116 314
116 320
116 321
116 322
116 323
116 326
116 345
116 376
116 378
116 383
116 395
116 400
116 407
116 415
116 420
116 429
116 435
116 438
116 445
117 118
117 123
117 127
117 144
117 149
117 151
117 157
117 188
117 217
117 223
117 229
117 236
117 285
117 286
117 304
117 305
117 308
117 326
117 332
117 337
117 339
117 343
117 357
117 370
117 373
117 379
117 386
117 394
117 412
117 413
117 414
117 419
117 432
117 434
117 437
118 123
118 134
118 135
118 154
118 173
118 179
118 181
118 185
118 199
118 219
118 226
118 231
118 238
118 252
118 253
118 287
118 288
118 293
118 296
118 310
118 329
118 344
118 356
118 362
118 422
119 125
119 132
119 152
119 169
119 186
119 188
119 213
119 217
119 219
119 223
119 224
119 229
119 231
119 246
119 251
119 260
119 275
119 276
119 285
119 287
119 290
119 294
119 299
119 308
119 309
119 312
119 323
119 334
119 343
119 344
119 353
119 375
119 378
119 382
119 385
119 392
119 396
119 403
119 412
119 422
119 431
119 440
119 449
120 138
120 139
120 154
120 159
120 161
120 162
120 181
120 209
120 218
120 226
120 230
120 233
120 237
120 282
120 323
120 331
120 332
120 341
120 356
120 357
120 362
120 378
120 382
120 398
120 400
120 406
120 409
120 416
120 420
120 425
120 442
121 129
121 133
121 156
121 170
121 172
121 175
121 194
121 197
121 201
121 211
121 253
121 272
121 280
121 295
121 313
121 314
121 332
121 335
121 338
121 339
121 345
121 355
121 357
121 370
121 376
121 384
121 414
121 421
121 427
122 129
122 144
122 156
122 176
122 181
122 203
122 223
122 229
122 230
122 242
122 250
122 255
122 263
122 267
122 283
122 315
122 330
122 332
122 337
122 363
122 376
122 378
122 388
122 390
122 419
122 420
122 443
123 154
123 162
123 164
123 186
123 202
123 205
123 218
123 222
123 247
123 277
123 302
123 304
123 306
123 311
123 314
123 316
123 320
123 351
123 379
123 388
123 402
123 409
123 438
123 447
124 153
124 163
124 166
124 186
124 187
124 192
124 203
124 206
124 226
124 229
124 249
124 265
124 276
124 281
124 288
124 304
124 312
124 313
124 318
124 321
124 323
124 332
124 339
124 340
124 359
124 387
124 388
124 390
124 401
124 423
124 441
125 127
125 131
125 142
125 150
125 157
125 159
125 165
125 175
125 182
125 186
125 198
125 203
125 214
125 216
125 223
125 224
125 227
125 229
125 231
125 235
125 243
125 262
125 297
125 300
125 302
125 306
125 332
125 340
125 349
125 356
125 363
125 364
125 381
125 386
125 397
125 405
125 414
125 418
125 433
125 434
125 438
125 439
126 160
126 161
126 204
126 213
126 217
126 235
126 236
126 237
126 248
126 262
126 291
126 297
126 305
126 318
126 333
126 344
126 347
126 365
126 372
126 400
126 417
126 443
126 446
127 128
127 133
127 140
127 141
127 152
127 156
127 173
127 174
127 186
127 190
127 191
127 193
127 197
127 204
127 212
127 214
127 219
127 227
127 252
127 260
127 265
127 274
127 278
127 282
127 286
127 292
127 323
127 326
127 328
127 330
127 345
127 347
127 351
127 356
127 359
127 361
127 369
127 370
127 381
127 391
127 402
127 405
127 410
127 423
127 428
127 446
128 151
128 165
128 171
128 176
128 178
128 184
128 207
128 222
128 243
128 247
128 248
128 249
128 252
128 260
128 262
128 270
128 277
128 280
128 282
128 291
128 303
128 304
128 307
128 329
128 339
128 356
128 365
128 389
128 391
128 398
128 401
128 402
128 421
128 424
128 435
128 438
128 447
129 132
129 163
129 167
129 168
129 172
129 184
129 185
129 200
129 212
129 225
129 232
129 235
129 242
129 244
129 262
129 270
129 275
129 276
129 297
129 304
129 311
129 324
129 326
129 329
129 333
129 335
129 337
129 340
129 354
129 368
129 383
129 406
129 410
129 414
129 428
129 430
129 440
130 133
130 135
130 166
130 213
130 231
130 264
130 275
130 281
130 284
130 296
130 300
130 303
130 307
130 344
130 357
130 367
130 372
130 382
130 404
130 409
130 418
130 420
130 422
130 426
130 438
130 442
131 144
131 145
131 152
131 157
131 170
131 178
131 182
131 190
131 192
131 193
131 195
131 199
131 203
131 206
131 208
131 222
131 225
131 234
131 235
131 240
131 250
131 251
131 258
131 266
131 268
131 297
131 303
131 313
131 323
131 331
131 332
131 338
131 346
131 354
131 361
131 366
131 368
131 404
131 411
131 414
131 425
131 442
131 445
131 449
132 139
132 141
132 149
132 182
132 221
132 234
132 245
132 251
132 260
132 296
132 298
132 301
132 320
132 331
132 357
132 418
132 448
133 141
133 149
133 157
133 163
133 166
133 171
133 174
133 212
133 226
133 240
133 244
133 253
133 278
133 284
133 287
133 288
133 289
133 290
133 303
133 346
133 359
133 381
133 396
133 423
133 428
133 441
134 143
134 144
134 151
134 164
134 172
134 178
134 189
134 192
134 236
134 246
134 252
134 256
134 269
134 276
134 279
134 282
134 291
134 296
134 321
134 329
134 352
134 353
134 366
134 373
134 399
134 430
135 137
135 166
135 169
135 174
135 178
135 184
135 214
135 217
135 230
135 236
135 239
135 244
135 247
135 250
135 265
135 274
135 291
135 304
135 319
135 320
135 338
135 342
135 351
135 353
135 373
135 384
135 386
135 396
135 428
136 138
136 145
136 159
136 176
136 190
136 210
136 212
136 213
136 221
136 259
136 273
136 276
136 303
136 312
136 318
136 319
136 320
136 334
136 340
136 350
136 351
136 352
136 353
136 359
136 377
136 390
136 396
136 397
136 400
136 427
136 433
137 138
137 147
137 156
137 157
137 183
137 230
137 241
137 244
137 250
137 256
137 271
137 275
137 280
137 287
137 291
137 294
137 322
137 325
137 360
137 381
137 384
137 390
137 393
137 395
137 398
137 401
137 407
137 412
137 428
137 440
138 139
138 156
138 157
138 159
138 169
138 194
138 200
138 205
138 231
138 246
138 257
138 263
138 286
138 287
138 313
138 321
138 323
138 328
138 340
138 341
138 345
138 358
138 361
138 365
138 368
138 377
138 398
138 424
138 431
138 444
139 150
139 161
139 167
139 171
139 190
139 208
139 219
139 224
139 231
139 237
139 239
139 248
139 258
139 266
139 270
139 276
139 283
139 304
139 306
139 308
139 324
139 325
139 337
139 388
139 396
139 398
139 408
139 429
140 141
140 147
140 150
140 161
140 171
140 178
140 191
140 200
140 202
140 214
140 215
140 231
140 241
140 242
140 250
140 268
140 279
140 294
140 310
140 327
140 347
140 351
140 369
140 384
140 396
140 405
140 415
140 422
140 435
140 443
141 147
141 156
141 174
141 181
141 188
141 203
141 205
141 211
141 219
141 224
141 228
141 245
141 247
141 276
141 300
141 308
141 311
141 314
141 338
141 370
141 379
141 383
141 385
141 389
141 392
141 395
141 397
141 423
141 449
142 143
142 145
142 152
142 153
142 165
142 177
142 179
142 186
142 194
142 233
142 234
142 236
142 241
142 243
142 251
142 262
142 266
142 288
142 292
142 300
142 301
142 304
142 306
142 316
142 325
142 333
142 351
142 356
142 359
142 365
142 368
142 379
142 385
142 387
142 404
142 410
142 416
142 419
142 431
142 446
142 447
143 149
143 156
143 165
143 167
143 187
143 205
143 215
143 225
143 226
143 233
143 272
143 274
143 279
143 312
143 351
143 364
143 370
143 378
143 406
143 410
143 411
143 412
143 413
143 422
143 423
143 430
143 440
143 444
144 154
144 164
144 166
144 167
144 208
144 214
144 218
144 226
144 235
144 249
144 258
144 264
144 288
144 297
144 305
144 315
144 322
144 340
144 351
144 354
144 356
144 357
144 361
144 362
144 371
144 379
144 384
144 387
144 393
144 394
144 399
144 405
144 413
144 417
144 421
144 437
145 146
145 155
145 160
145 172
145 177
145 197
145 206
145 214
145 247
145 257
145 275
145 290
145 293
145 315
145 324
145 338
145 353
145 359
145 374
145 376
145 392
145 401
145 406
145 407
145 425
145 427
145 433
145 443
146 162
146 163
146 169
146 187
146 193
146 208
146 212
146 249
146 260
146 268
146 272
146 276
146 281
146 283
146 292
146 299
146 300
146 319
146 334
146 360
146 371
146 391
146 395
146 409
146 411
146 434
146 439
147 148
147 150
147 156
147 158
147 169
147 171
147 193
147 200
147 203
147 208
147 209
147 218
147 244
147 245
147 248
147 302
147 307
147 320
147 328
147 334
147 341
147 349
147 360
147 361
147 369
147 391
147 405
147 406
147 418
147 440
147 445
147 446
148 171
148 186
148 188
148 192
148 194
148 197
148 201
148 204
148 218
148 238
148 244
148 267
148 274
148 299
148 307
148 312
148 317
148 335
148 355
148 359
148 377
148 381
148 387
148 390
148 394
148 401
148 406
148 439
148 447
149 157
149 160
149 173
149 194
149 196
149 220
149 226
149 243
149 244
149 245
149 247
149 249
149 253
149 266
149 274
149 290
149 299
149 311
149 317
149 323
149 355
149 369
149 371
149 385
149 386
149 397
149 398
149 403
149 406
149 407
149 417
149 419
149 431
149 443
149 448
150 181
150 211
150 221
150 224
150 235
150 244
150 245
150 247
150 261
150 273
150 276
150 279
150 280
150 296
150 302
150 330
150 332
150 346
150 356
150 370
150 379
150 384
150 389
150 393
150 415
150 421
150 426
150 448
151 152
151 189
151 195
151 204
151 211
151 220
151 222
151 231
151 237
151 266
151 267
151 280
151 291
151 293
151 312
151 320
151 328
151 331
151 334
151 349
151 353
151 366
151 368
151 387
151 389
151 390
151 404
151 409
151 422
151 437
152 158
152 172
152 199
152 217
152 245
152 246
152 263
152 312
152 318
152 323
152 354
152 366
152 372
152 393
152 400
152 414
152 418
152 439
153 163
153 176
153 187
153 194
153 208
153 219
153 221
153 228
153 230
153 241
153 243
153 276
153 277
153 280
153 281
153 293
153 303
153 316
153 325
153 327
153 351
153 356
153 374
153 377
153 380
153 390
153 402
153 407
153 417
153 444
154 164
154 174
154 189
154 191
154 194
154 202
154 227
154 240
154 249
154 275
154 279
154 282
154 283
154 287
154 291
154 299
154 310
154 317
154 337
154 340
154 341
154 344
154 345
154 350
154 355
154 383
154 384
154 417
154 426
154 430
154 438
155 162
155 165
155 182
155 189
155 191
155 192
155 199
155 214
155 226
155 235
155 249
155 262
155 279
155 285
155 290
155 321
155 327
155 340
155 372
155 399
155 423
155 424
155 435
156 157
156 158
156 175
156 179
156 185
156 189
156 207
156 227
156 238
156 256
156 285
156 293
156 311
156 314
156 319
156 338
156 339
156 357
156 359
156 387
156 389
156 398
156 399
156 406
156 415
156 424
156 439
157 182
157 191
157 196
157 207
157 210
157 211
157 214
157 234
157 242
157 245
157 248
157 264
157 276
157 277
157 281
157 290
157 295
157 305
157 314
157 315
157 330
157 340
157 347
157 350
157 351
157 353
157 354
157 360
157 362
157 363
157 369
157 371
157 373
157 376
157 409
157 411
157 416
157 421
157 425
157 440
157 446
157 448
158 160
158 161
158 163
158 165
158 178
158 188
158 205
158 215
158 217
158 223
158 224
158 227
158 230
158 240
158 242
158 250
158 257
158 280
158 281
158 306
158 308
158 335
158 339
158 341
158 350
158 361
158 382
158 392
158 399
158 410
158 423
158 426
158 437
158 442
159 220
159 246
159 253
159 254
159 259
159 262
159 266
159 271
159 274
159 278
159 279
159 280
159 318
159 321
159 334
159 338
159 343
159 361
159 367
159 369
159 372
159 379
159 405
159 410
159 423
159 425
159 434
159 436
159 444
159 446
159 448
160 163
160 177
160 189
160 218
160 228
160 230
160 237
160 238
160 251
160 254
160 256
160 261
160 282
160 290
160 293
160 297
160 311
160 316
160 325
160 397
160 401
160 413
160 418
160 421
160 422
161 168
161 172
161 188
161 195
161 212
161 227
161 231
161 247
161 248
161 251
161 265
161 287
161 305
161 310
161 314
161 317
161 320
161 334
161 339
161 358
161 372
161 373
161 380
161 386
161 398
161 408
161 417
161 433
161 436
162 171
162 176
162 178
162 182
162 193
162 201
162 210
162 236
162 240
162 244
162 277
162 283
162 287
162 313
162 318
162 319
162 323
162 331
162 345
162 346
162 350
162 351
162 355
162 375
162 403
162 420
162 439
162 448
163 168
163 175
163 176
163 199
163 222
163 244
163 250
163 261
163 281
163 289
163 296
163 316
163 326
163 335
163 336
163 354
163 357
163 380
163 381
163 383
163 398
163 403
163 404
163 421
163 427
163 428
163 438
163 440
163 441
163 446
164 166
164 181
164 187
164 196
164 208
164 209
164 217
164 239
164 247
164 249
164 259
164 267
164 276
164 281
164 289
164 296
164 301
164 309
164 316
164 338
164 339
164 349
164 357
164 361
164 363
164 392
164 405
164 410
164 415
165 170
165 205
165 211
165 213
165 225
165 228
165 229
165 250
165 255
165 299
165 321
165 325
165 340
165 341
165 355
165 358
165 363
165 368
165 384
165 416
165 419
165 422
165 425
165 426
165 431
165 447
166 176
166 180
166 188
166 212
166 221
166 231
166 244
166 247
166 256
166 260
166 262
166 264
166 265
166 269
166 279
166 285
166 286
166 289
166 295
166 302
166 307
166 329
166 331
166 333
166 339
166 341
166 343
166 346
166 374
166 377
166 386
166 406
166 421
166 439
166 442
167 171
167 186
167 195
167 202
167 224
167 236
167 251
167 253
167 256
167 260
167 262
167 266
167 278
167 286
167 294
167 295
167 314
167 336
167 343
167 356
167 359
167 375
167 376
167 393
167 400
167 426
167 430
167 431
167 432
167 436
167 444
167 449
168 188
168 204
168 234
168 239
168 245
168 252
168 253
168 256
168 257
168 260
168 271
168 279
168 294
168 298
168 299
168 305
168 327
168 350
168 384
168 388
168 410
168 415
168 427
168 439
168 447
169 171
169 187
169 205
169 215
169 219
169 250
169 261
169 267
169 292
169 307
169 310
169 325
169 327
169 342
169 343
169 345
169 353
169 367
169 368
169 371
169 375
169 377
169 386
169 392
169 402
169 407
169 439
169 441
169 449
170 173
170 174
170 175
170 177
170 196
170 204
170 208
170 229
170 246
170 260
170 276
170 281
170 288
170 295
170 297
170 311
170 319
170 326
170 341
170 348
170 353
170 355
170 357
170 363
170 375
170 376
170 396
170 404
170 435
171 183
171 184
171 195
171 200
171 201
171 219
171 222
171 233
171 235
171 239
171 241
171 253
171 264
171 297
171 315
171 336
171 337
171 340
171 344
171 345
171 346
171 350
171 363
171 382
171 388
171 395
171 403
171 404
171 424
171 428
171 443
172 176
172 195
172 196
172 208
172 218
172 225
172 232
172 239
172 243
172 253
172 269
172 284
172 297
172 319
172 325
172 343
172 348
172 358
172 365
172 366
172 381
172 400
172 406
172 413
172 424
172 430
172 441
172 443
173 181
173 195
173 201
173 208
173 218
173 224
173 233
173 237
173 243
173 283
173 284
173 290
173 308
173 309
173 310
173 312
173 319
173 329
173 336
173 343
173 345
173 361
173 362
173 371
173 380
173 386
173 393
173 407
173 411
173 412
173 415
173 419
173 434
174 178
174 186
174 191
174 215
174 222
174 224
174 228
174 240
174 252
174 291
174 302
174 308
174 334
174 339
174 348
174 354
174 356
174 360
174 361
174 380
174 382
174 396
174 399
174 402
174 406
174 408
174 440
175 178
175 179
175 190
175 193
175 199
175 200
175 211
175 212
175 223
175 235
175 236
175 258
175 259
175 275
175 286
175 318
175 319
175 340
175 360
175 395
175 396
175 401
175 424
175 425
175 449
176 199
176 205
176 208
176 218
176 220
176 258
176 262
176 275
176 295
176 317
176 330
176 339
176 355
176 363
176 368
176 373
176 384
176 398
176 425
176 430
176 435
177 213
177 215
177 231
177 236
177 238
177 244
177 249
177 251
177 256
177 261
177 275
177 280
177 283
177 290
177 300
177 307
177 310
177 325
177 331
177 336
177 339
177 344
177 352
177 363
177 369
177 381
177 405
177 409
177 410
177 427
177 431
177 434
177 444
178 190
178 195
178 197
178 209
178 225
178 264
178 309
178 321
178 328
178 329
178 357
178 381
178 382
178 391
178 393
178 394
178 403
178 422
178 424
178 425
178 426
178 433
178 437
178 445
178 446
179 185
179 199
179 226
179 241
179 256
179 268
179 273
179 274
179 308
179 327
179 341
179 362
179 365
179 367
179 371
179 377
179 379
179 380
179 391
179 394
179 396
179 398
179 399
179 404
180 195
180 198
180 200
180 202
180 216
180 218
180 223
180 228
180 239
180 263
180 274
180 279
180 286
180 293
180 295
180 297
180 311
180 315
180 316
180 333
180 362
180 398
180 422
180 424
180 442
180 448
181 195
181 215
181 217
181 222
181 229
181 234
181 262
181 264
181 267
181 279
181 300
181 312
181 318
181 329
181 330
181 332
181 336
181 337
181 339
181 358
181 359
181 365
181 367
181 368
181 375
181 413
181 418
181 425
181 436
181 442
181 446
182 193
182 217
182 229
182 233
182 237
182 240
182 266
182 267
182 271
182 295
182 304
182 311
182 320
182 325
182 327
182 331
182 333
182 358
182 376
182 389
182 394
182 396
182 407
182 414
182 428
182 432
182 433
183 191
183 192
183 197
183 201
183 217
183 218
183 220
183 223
183 227
183 247
183 268
183 282
183 285
183 305
183 323
183 356
183 357
183 362
183 413
183 415
183 444
183 448
184 185
184 195
184 200
184 207
184 235
184 253
184 292
184 293
184 296
184 319
184 329
184 340
184 354
184 368
184 411
184 445
184 447
185 188
185 194
185 222
185 227
185 230
185 256
185 264
185 265
185 267
185 278
185 279
185 294
185 350
185 355
185 369
185 371
185 372
185 384
185 389
185 399
185 409
185 410
186 198
186 200
186 220
186 247
186 260
186 263
186 283
186 287
186 299
186 315
186 316
186 322
186 338
186 344
186 351
186 371
186 374
186 393
186 394
186 407
186 411
186 416
186 417
186 436
186 446
187 192
187 202
187 203
187 208
187 225
187 227
187 238
187 253
187 262
187 270
187 274
187 279
187 287
187 304
187 308
187 312
187 329
187 334
187 346
187 348
187 350
187 353
187 362
187 371
187 379
187 380
187 392
187 396
187 403
187 405
187 427
187 434
187 436
187 441
187 442
187 444
188 200
188 209
188 227
188 232
188 255
188 258
188 284
188 286
188 299
188 302
188 304
188 318
188 327
188 345
188 355
188 382
188 402
188 419
188 420
188 428
188 429
188 432
188 433
188 434
188 443
188 449
189 191
189 192
189 196
189 205
189 213
189 235
189 236
189 250
189 252
189 258
189 286
189 288
189 290
189 294
189 299
189 311
189 329
189 337
189 338
189 339
189 370
189 376
189 382
189 407
189 413
189 419
189 425
189 433
189 446
190 197
190 200
190 205
190 210
190 220
190 222
190 224
190 236
190 246
190 255
190 259
190 263
190 280
190 281
190 297
190 332
190 335
190 336
190 339
190 345
190 351
190 364
190 369
190 380
190 394
190 400
190 423
190 433
190 442
191 225
191 230
191 235
191 240
191 243
191 248
191 249
191 250
191 274
191 276
191 290
191 292
191 299
191 347
191 351
191 357
191 372
191 375
191 384
191 400
191 416
191 419
191 426
191 435
191 441
191 447
192 202
192 225
192 236
192 237
192 244
192 252
192 261
192 263
192 294
192 315
192 349
192 354
192 357
192 360
192 366
192 383
192 388
192 393
192 407
192 415
192 420
192 431
192 445
193 195
193 208
193 218
193 220
193 225
193 252
193 254
193 262
193 275
193 276
193 294
193 301
193 307
193 310
193 313
193 342
193 348
193 357
193 359
193 375
193 385
193 386
193 398
193 410
193 421
193 436
193 442
194 247
194 251
194 254
194 262
194 278
194 280
194 283
194 289
194 311
194 316
194 318
194 325
194 332
194 345
194 346
194 351
194 358
194 359
194 366
194 369
194 372
194 391
194 412
194 414
194 415
194 417
194 425
194 433
194 441
194 443
194 446
195 206
195 211
195 215
195 219
195 223
195 240
195 251
195 254
195 255
195 256
195 271
195 285
195 287
195 296
195 302
195 304
195 313
195 320
195 324
195 337
195 343
195 348
195 353
195 361
195 402
195 409
195 410
195 418
196 209
196 225
196 227
196 230
196 241
196 247
196 263
196 269
196 285
196 332
196 342
196 358
196 364
196 365
196 396
196 416
196 426
196 448
197 205
197 206
197 216
197 235
197 236
197 244
197 251
197 264
197 287
197 288
197 291
197 292
197 342
197 343
197 347
197 355
197 358
197 361
197 394
197 407
197 413
197 415
197 416
197 417
197 419
197 422
197 439
197 442
197 445
198 202
198 209
198 232
198 240
198 241
198 248
198 252
198 272
198 275
198 303
198 308
198 311
198 321
198 326
198 368
198 371
198 387
198 401
198 419
198 420
198 422
198 426
198 431
198 440
199 204
199 206
199 216
199 220
199 222
199 226
199 229
199 239
199 242
199 246
199 273
199 283
199 287
199 302
199 305
199 332
199 333
199 334
199 352
199 354
199 362
199 365
199 371
199 395
199 416
199 435
199 438
200 215
200 219
200 222
200 226
200 228
200 229
200 232
200 241
200 249
200 331
200 335
200 336
200 340
200 345
200 347
200 348
200 351
200 372
200 386
200 397
200 402
200 408
200 426
200 440
201 208
201 239
201 255
201 304
201 314
201 316
201 325
201 327
201 328
201 330
201 335
201 343
201 344
201 345
201 356
201 359
201 360
201 369
201 398
201 414
201 417
201 432
201 436
201 437
202 207
202 210
202 230
202 236
202 245
202 249
202 254
202 265
202 271
202 287
202 289
202 310
202 311
202 317
202 321
202 365
202 371
202 374
202 375
202 403
202 413
202 414
202 418
202 445
202 449
203 211
203 221
203 226
203 231
203 243
203 266
203 268
203 294
203 296
203 318
203 324
203 348
203 379
203 383
203 397
203 402
203 408
203 415
203 430
203 438
203 445
204 220
204 223
204 249
204 256
204 262
204 268
204 286
204 308
204 318
204 327
204 333
204 366
204 394
204 411
204 432
204 436
204 448
205 207
205 208
205 218
205 230
205 259
205 307
205 311
205 316
205 336
205 355
205 363
205 365
205 381
205 384
205 393
205 394
205 397
205 400
205 423
205 430
205 434
205 435
206 214
206 223
206 237
206 256
206 270
206 273
206 276
206 291
206 303
206 309
206 324
206 338
206 342
206 346
206 355
206 357
206 364
206 368
206 375
206 388
206 394
206 410
206 412
207 229
207 243
207 247
207 256
207 268
207 269
207 271
207 295
207 297
207 318
207 320
207 333
207 334
207 353
207 361
207 371
207 378
207 381
207 403
207 410
207 412
207 428
207 430
207 432
207 441
208 212
208 241
208 251
208 257
208 268
208 272
208 278
208 282
208 286
208 288
208 289
208 291
208 300
208 325
208 328
208 335
208 341
208 346
208 362
208 363
208 383
208 384
208 386
208 393
208 395
208 396
208 425
208 431
208 438
208 439
208 445
209 220
209 239
209 242
209 249
209 269
209 283
209 292
209 299
209 321
209 322
209 358
209 366
209 367
209 375
209 376
209 378
209 379
209 384
209 389
209 391
209 448
210 230
210 235
210 237
210 244
210 252
210 278
210 298
210 300
210 302
210 305
210 313
210 319
210 333
210 341
210 360
210 361
210 384
210 388
210 389
210 399
210 407
210 432
210 435
210 441
210 443
211 215
211 221
211 222
211 232
211 251
211 255
211 260
211 261
211 278
211 279
211 288
211 294
211 312
211 338
211 340
211 341
211 342
211 348
211 373
211 374
211 389
211 391
211 398
211 405
211 410
211 415
211 420
211 430
211 435
211 440
211 445
212 229
212 235
212 244
212 270
212 285
212 291
212 304
212 324
212 331
212 348
212 349
212 355
212 365
212 375
212 379
212 394
212 407
212 413
212 415
212 417
212 420
212 423
212 443
213 217
213 218
213 224
213 255
213 267
213 269
213 279
213 289
213 292
213 324
213 334
213 341
213 346
213 363
213 366
213 376
213 394
213 395
213 408
213 409
214 216
214 232
214 245
214 253
214 254
214 267
214 272
214 277
214 299
214 317
214 321
214 342
214 351
214 361
214 381
214 386
214 390
214 396
214 402
214 403
214 412
214 449
215 232
215 238
215 241
215 246
215 248
215 276
215 278
215 295
215 311
215 332
215 333
215 369
215 375
215 377
215 382
215 397
215 398
215 409
215 418
215 428
215 430
216 223
216 225
216 238
216 260
216 265
216 281
216 284
216 289
216 293
216 302
216 303
216 313
216 320
216 354
216 356
216 376
216 380
216 386
216 395
216 404
216 408
216 409
216 420
216 426
216 432
216 433
217 218
217 219
217 245
217 248
217 265
217 282
217 283
217 295
217 300
217 312
217 324
217 333
217 337
217 341
217 343
217 362
217 367
217 398
217 399
217 403
217 409
217 415
217 417
217 419
218 222
218 260
218 269
218 270
218 271
218 294
218 295
218 296
218 312
218 335
218 339
218 362
218 364
218 374
218 393
218 400
218 404
218 406
218 411
218 417
218 429
218 431
218 438
218 439
218 449
219 223
219 233
219 276
219 282
219 286
219 291
219 296
219 313
219 316
219 318
219 329
219 334
219 348
219 365
219 367
219 369
219 370
219 383
219 384
219 387
219 399
219 425
219 431
220 225
220 254
220 257
220 258
220 266
220 274
220 276
220 294
220 309
220 310
220 319
220 321
220 323
220 341
220 362
220 369
220 373
220 377
220 381
220 390
220 391
220 400
220 402
220 417
220 420
220 444
220 447
220 449
221 232
221 237
221 286
221 289
221 306
221 309
221 331
221 362
221 366
221 367
221 372
221 380
221 393
221 399
221 403
221 410
221 413
221 418
221 427
221 432
221 438
222 229
222 244
222 260
222 262
222 266
222 273
222 299
222 333
222 342
222 344
222 356
222 359
222 368
222 372
222 391
222 399
222 409
222 413
222 415
222 423
222 436
222 445
223 235
223 238
223 254
223 255
223 261
223 275
223 278
223 280
223 281
223 284
223 299
223 314
223 337
223 361
223 370
223 377
223 378
223 389
223 390
223 395
223 411
223 426
223 445
224 226
224 229
224 230
224 244
224 249
224 252
224 268
224 272
224 274
224 287
224 301
224 304
224 312
224 314
224 316
224 322
224 335
224 341
224 347
224 359
224 377
224 381
224 395
224 397
224 420
224 429
224 432
224 435
224 436
224 442
224 443
225 234
225 237
225 243
225 260
225 269
225 271
225 280
225 283
225 290
225 294
225 318
225 320
225 322
225 330
225 331
225 334
225 342
225 381
225 392
225 398
225 416
225 417
226 228
226 245
226 248
226 264
226 268
226 283
226 284
226 297
226 306
226 307
226 316
226 321
226 336
226 353
226 359
226 360
226 371
226 376
226 383
226 392
226 393
226 414
226 416
226 441
226 448
227 240
227 249
227 251
227 263
227 277
227 284
227 295
227 320
227 324
227 325
227 327
227 357
227 368
227 373
227 381
227 399
227 402
227 419
227 434
228 243
228 245
228 255
228 257
228 270
228 290
228 292
228 314
228 330
228 332
228 350
228 366
228 370
228 371
228 405
228 414
228 417
228 423
228 426
228 437
228 439
228 449
229 243
229 247
229 271
229 273
229 276
229 282
229 293
229 317
229 346
229 359
229 375
229 392
229 410
229 421
229 434
229 441
230 238
230 247
230 249
230 251
230 260
230 272
230 279
230 301
230 307
230 308
230 310
230 315
230 321
230 326
230 329
230 343
230 345
230 348
230 350
230 356
230 360
230 361
230 407
230 410
230 413
230 416
230 430
230 444
231 247
231 251
231 272
231 273
231 302
231 330
231 341
231 350
231 400
231 401
231 406
231 434
232 251
232 287
232 295
232 296
232 304
232 320
232 324
232 336
232 341
232 343
232 353
232 354
232 358
232 359
232 363
232 365
232 370
232 372
232 375
232 380
232 388
232 394
232 400
232 418
232 441
232 447
233 235
233 237
233 244
233 249
233 250
233 280
233 284
233 288
233 320
233 322
233 343
233 363
233 390
233 427
233 431
234 246
234 266
234 270
234 300
234 326
234 330
234 334
234 350
234 354
234 375
234 376
234 392
234 395
234 402
235 255
235 256
235 259
235 262
235 269
235 274
235 276
235 280
235 286
235 290
235 294
235 300
235 308
235 309
235 315
235 336
235 365
235 376
235 381
235 384
235 400
235 401
235 426
235 433
235 437
235 441
235 442
235 443
236 240
236 244
236 246
236 261
236 277
236 286
236 299
236 303
236 304
236 308
236 322
236 325
236 330
236 340
236 351
236 354
236 370
236 381
236 420
236 427
236 428
237 263
237 280
237 287
237 302
237 312
237 339
237 347
237 348
237 373
237 389
237 391
237 401
237 403
237 404
237 408
237 411
237 414
237 427
237 431
237 434
237 435
238 240
238 247
238 250
238 259
238 265
238 272
238 288
238 289
238 292
238 295
238 309
238 310
238 322
238 324
238 328
238 331
238 342
238 345
238 352
238 364
238 370
238 386
238 396
238 407
238 408
238 409
238 419
238 425
238 433
238 441
239 245
239 258
239 267
239 271
239 272
239 284
239 299
239 301
239 306
239 309
239 310
239 311
239 326
239 330
239 353
239 363
239 365
239 372
239 373
239 382
239 403
239 406
239 418
239 434
239 449
240 247
240 270
240 276
240 286
240 293
240 295
240 302
240 316
240 325
240 329
240 344
240 354
240 357
240 381
240 388
240 390
240 415
240 424
240 425
240 432
240 437
241 267
241 293
241 299
241 302
241 305
241 312
241 335
241 365
241 367
241 373
241 380
241 398
241 405
241 423
241 428
242 265
242 277
242 278
242 280
242 298
242 312
242 313
242 320
242 332
242 337
242 353
242 367
242 372
242 380
242 381
242 386
242 388
242 389
242 399
242 402
242 407
242 408
242 410
242 435
242 447
243 244
243 263
243 264
243 300
243 312
243 325
243 341
243 343
243 362
243 367
243 368
243 379
243 389
243 391
243 410
243 436
243 447
243 448
243 449
244 256
244 271
244 272
244 278
244 285
244 307
244 308
244 319
244 337
244 346
244 347
244 385
244 393
244 427
244 428
244 446
244 448
245 247
245 267
245 270
245 272
245 282
245 284
245 286
245 290
245 306
245 310
245 316
245 321
245 352
245 356
245 360
245 381
245 386
245 393
245 400
245 404
245 426
245 438
246 250
246 256
246 265
246 281
246 308
246 309
246 311
246 317
246 325
246 338
246 344
246 360
246 372
246 377
246 390
246 402
246 409
246 412
246 413
246 420
246 429
246 447
247 255
247 257
247 273
247 276
247 284
247 295
247 311
247 318
247 320
247 324
247 328
247 330
247 333
247 344
247 349
247 354
247 360
247 361
247 378
247 384
247 386
247 413
247 448
248 260
248 268
248 292
248 295
248 296
248 302
248 320
248 322
248 324
248 331
248 332
248 353
248 358
248 360
248 361
248 362
248 372
248 374
248 383
248 390
248 392
248 413
248 438
248 446
249 259
249 271
249 276
249 284
249 285
249 288
249 289
249 291
249 301
249 310
249 313
249 315
249 318
249 330
249 353
249 379
249 385
249 388
249 396
249 397
249 399
249 411
249 419
250 252
250 294
250 320
250 348
250 373
250 381
250 383
250 400
250 408
250 413
250 420
250 441
251 252
251 264
251 267
251 286
251 288
251 298
251 300
251 306
251 320
251 321
251 338
251 339
251 353
251 364
251 376
251 379
251 386
251 404
251 410
251 416
251 428
251 436
251 448
252 255
252 256
252 275
252 282
252 298
252 303
252 309
252 310
252 317
252 318
252 327
252 330
252 334
252 345
252 346
252 350
252 371
252 385
252 411
252 414
252 415
252 434
253 255
253 256
253 258
253 272
253 287
253 289
253 337
253 341
253 349
253 352
253 356
253 358
253 397
253 401
253 440
253 444
253 446
254 262
254 265
254 314
254 320
254 322
254 340
254 380
254 385
254 395
254 399
254 414
254 415
254 441
255 258
255 267
255 270
255 297
255 298
255 306
255 325
255 335
255 337
255 340
255 347
255 371
255 374
255 384
255 392
255 397
255 403
255 411
255 422
255 426
255 429
255 436
255 438
255 444
255 447
256 261
256 262
256 273
256 280
256 312
256 315
256 316
256 317
256 318
256 323
256 329
256 382
256 396
256 404
256 415
256 426
256 433
256 438
257 276
257 295
257 296
257 297
257 303
257 309
257 317
257 318
257 335
257 337
257 354
257 386
257 398
257 401
257 406
257 408
257 427
257 431
257 433
257 435
257 439
257 442
257 447
258 269
258 277
258 282
258 287
258 291
258 296
258 309
258 339
258 349
258 361
258 366
258 379
258 384
258 389
258 392
258 413
258 417
258 418
258 421
258 432
258 444
259 265
259 271
259 290
259 297
259 298
259 325
259 342
259 343
259 354
259 356
259 360
259 370
259 377
259 383
259 390
259 391
259 402
260 281
260 299
260 303
260 318
260 322
260 349
260 350
260 351
260 357
260 363
260 384
260 394
260 397
260 407
260 421
260 423
260 434
260 440
260 449
261 292
261 307
261 311
261 316
261 322
261 323
261 324
261 325
261 328
261 344
261 355
261 372
261 379
261 382
261 383
261 386
261 391
261 392
261 394
261 395
261 398
261 404
261 411
261 416
261 417
261 423
261 449
262 264
262 278
262 284
262 305
262 309
262 327
262 329
262 331
262 334
262 340
262 341
262 344
262 358
262 383
262 385
262 394
262 402
262 403
262 432
262 436
262 441
263 265
263 269
263 289
263 307
263 312
263 332
263 343
263 344
263 353
263 390
263 398
263 402
263 404
263 419
263 427
263 429
263 432
263 439
264 271
264 280
264 291
264 298
264 307
264 363
264 372
264 386
264 393
264 400
264 415
264 417
264 419
264 421
264 435
265 285
265 289
265 296
265 298
265 303
265 322
265 333
265 334
265 338
265 339
265 343
265 346
265 351
265 360
265 362
265 366
265 368
265 390
265 392
265 398
265 399
265 400
265 405
265 407
265 428
265 430
265 432
265 434
265 441
265 449
266 274
266 275
266 282
266 288
266 289
266 290
266 291
266 313
266 318
266 324
266 341
266 342
266 344
266 354
266 377
266 390
266 413
267 273
267 276
267 280
267 284
267 303
267 308
267 315
267 316
267 319
267 321
267 322
267 331
267 352
267 375
267 384
267 389
267 392
267 396
267 397
267 408
267 416
267 435
267 440
268 296
268 305
268 311
268 323
268 345
268 364
268 374
268 380
268 384
268 389
268 397
268 400
268 428
268 436
269 271
269 285
269 298
269 306
269 312
269 313
269 319
269 333
269 340
269 350
269 358
269 374
269 407
269 421
269 429
269 432
269 433
269 435
269 448
270 292
270 305
270 306
270 310
270 314
270 315
270 335
270 337
270 341
270 352
270 357
270 358
270 373
270 380
270 383
270 391
270 397
270 403
270 413
270 423
270 434
270 442
271 278
271 305
271 313
271 315
271 319
271 326
271 331
271 341
271 358
271 364
271 368
271 370
271 373
271 384
271 390
271 403
271 420
271 436
272 287
272 294
272 301
272 302
272 327
272 331
272 332
272 336
272 341
272 343
272 347
272 356
272 375
272 407
272 417
272 431
273 278
273 300
273 307
273 359
273 360
273 364
273 368
273 375
273 386
273 396
273 411
273 423
273 437
274 282
274 286
274 289
274 295
274 313
274 327
274 336
274 342
274 354
274 368
274 374
274 376
274 386
274 394
274 396
274 417
274 427
274 431
274 446
275 276
275 286
275 289
275 294
275 304
275 317
275 319
275 345
275 393
275 408
275 410
275 417
275 426
275 430
275 431
275 439
275 449
276 289
276 300
276 302
276 306
276 313
276 320
276 327
276 332
276 351
276 377
276 388
276 397
276 399
276 403
276 413
276 433
276 434
277 278
277 279
277 323
277 326
277 329
277 331
277 341
277 343
277 364
277 365
277 370
277 373
277 379
277 384
277 417
277 447
277 449
278 290
278 304
278 306
278 307
278 311
278 325
278 331
278 337
278 338
278 363
278 367
278 391
278 398
278 399
278 416
278 434
279 295
279 302
279 314
279 325
279 334
279 350
279 363
279 367
279 380
279 384
279 385
279 388
279 405
279 420
279 425
279 430
279 431
279 448
280 283
280 292
280 295
280 313
280 318
280 323
280 334
280 356
280 366
280 370
280 379
280 381
280 396
280 410
280 418
280 446
280 449
281 284
281 287
281 317
281 328
281 335
281 337
281 341
281 343
281 349
281 363
281 370
281 398
281 413
281 420
281 423
281 425
281 430
281 435
281 440
281 441
282 298
282 300
282 304
282 331
282 336
282 342
282 343
282 350
282 353
282 369
282 376
282 395
282 407
282 420
282 424
282 429
282 438
282 449
283 284
283 287
283 302
283 309
283 311
283 326
283 327
283 331
283 333
283 345
283 359
283 362
283 364
283 389
283 397
283 403
283 404
283 422
283 435
283 440
283 445
284 303
284 309
284 312
284 327
284 332
284 337
284 338
284 343
284 351
284 375
284 388
284 431
284 433
284 435
284 449
285 293
285 311
285 312
285 318
285 327
285 333
285 339
285 350
285 359
285 365
285 370
285 379
285 396
285 403
285 409
285 429
285 436
285 442
286 292
286 301
286 312
286 316
286 321
286 328
286 367
286 384
286 389
286 401
286 406
286 412
287 293
287 314
287 322
287 329
287 334
287 335
287 343
287 355
287 359
287 374
287 394
287 402
287 414
287 419
288 294
288 300
288 304
288 309
288 313
288 332
288 335
288 344
288 362
288 366
288 378
288 382
288 391
288 401
288 403
288 409
288 418
288 425
288 436
289 292
289 293
289 304
289 314
289 315
289 316
289 342
289 348
289 365
289 374
289 376
289 425
289 431
289 444
290 293
290 302
290 309
290 311
290 323
290 325
290 326
290 328
290 343
290 365
290 374
290 385
290 392
290 405
290 409
290 412
290 417
290 423
290 431
291 308
291 309
291 352
291 356
291 362
291 402
291 409
291 411
291 429
291 438
291 449
292 303
292 316
292 331
292 363
292 377
292 384
292 386
292 387
292 403
292 406
292 422
292 425
292 428
292 430
292 434
292 448
293 296
293 304
293 348
293 371
293 385
293 410
293 423
293 424
293 431
293 439
293 445
293 447
294 303
294 312
294 319
294 337
294 338
294 345
294 351
294 361
294 366
294 375
294 382
294 386
294 392
294 393
294 395
294 398
294 402
294 414
294 421
294 441
295 306
295 309
295 311
295 318
295 325
295 336
295 337
295 369
295 385
295 389
295 396
295 401
295 405
295 408
295 409
295 412
295 427
295 429
295 443
296 304
296 309
296 312
296 316
296 332
296 346
296 355
296 367
296 383
296 414
296 422
296 426
296 431
296 440
296 445
297 302
297 307
297 309
297 312
297 314
297 321
297 323
297 349
297 356
297 379
297 400
297 408
297 409
297 410
297 411
297 425
297 434
297 441
298 301
298 343
298 347
298 355
298 362
298 375
298 388
298 401
298 407
298 417
298 418
298 423
298 426
298 427
298 433
298 434
298 441
299 312
299 341
299 360
299 389
299 411
299 419
299 426
299 446
300 305
300 324
300 327
300 340
300 345
300 352
300 357
300 361
300 366
300 367
300 375
300 412
300 413
300 416
300 424
300 429
300 430
301 303
301 304
301 329
301 352
301 367
301 406
301 425
301 435
301 447
302 305
302 308
302 321
302 326
302 329
302 344
302 352
302 361
302 384
302 396
302 400
302 425
302 426
302 429
302 445
303 326
303 339
303 355
303 357
303 360
303 369
303 381
303 386
303 401
303 403
303 405
303 416
303 432
303 442
303 449
304 320
304 335
304 343
304 357
304 359
304 368
304 380
304 381
304 385
304 386
304 388
304 411
304 423
304 442
304 448
305 328
305 330
305 331
305 345
305 358
305 359
305 377
305 400
305 409
305 411
305 414
305 423
305 434
305 436
305 448
306 312
306 317
306 319
306 334
306 340
306 342
306 349
306 351
306 355
306 373
306 381
306 386
306 400
306 402
306 431
306 436
306 437
306 445
307 317
307 318
307 324
307 329
307 335
307 349
307 350
307 358
307 363
307 364
307 382
307 385
307 388
307 400
307 407
307 410
307 416
307 419
307 422
307 448
308 309
308 316
308 337
308 346
308 385
308 444
308 446
309 325
309 348
309 357
309 358
309 362
309 372
309 375
309 389
309 395
309 397
309 410
309 413
309 429
310 318
310 326
310 334
310 342
310 345
310 352
310 360
310 368
310 379
310 383
310 398
310 400
310 401
310 406
310 409
310 420
310 425
310 433
311 345
311 348
311 352
311 353
311 402
311 409
311 410
311 413
311 418
311 419
311 425
311 427
311 429
312 325
312 326
312 330
312 332
312 347
312 353
312 356
312 370
312 383
312 388
312 390
312 403
312 406
312 413
312 417
312 434
313 321
313 325
313 331
313 340
313 346
313 348
313 354
313 363
313 373
313 384
313 393
313 396
313 401
313 413
314 318
314 327
314 332
314 337
314 361
314 386
314 409
314 411
314 412
314 416
314 420
314 427
314 443
314 449
315 321
315 324
315 332
315 339
315 344
315 351
315 354
315 400
315 409
315 421
315 433
315 437
315 440
315 445
316 318
316 323
316 329
316 352
316 383
316 400
316 402
316 404
316 405
316 409
316 428
316 432
316 437
316 438
317 323
317 347
317 364
317 391
317 393
317 394
317 430
317 431
317 434
317 440
317 445
318 319
318 336
318 342
318 345
318 362
318 372
318 374
318 385
318 400
318 407
318 412
318 420
318 428
318 443
319 340
319 353
319 360
319 364
319 376
319 381
319 382
319 386
319 392
319 398
319 423
319 426
319 436
320 325
320 342
320 384
320 391
320 397
320 405
320 440
321 325
321 335
321 337
321 362
321 364
321 374
321 386
321 389
321 395
321 403
321 408
321 415
321 437
321 439
322 325
322 329
322 349
322 353
322 364
322 365
322 369
322 376
322 381
322 395
322 408
322 413
322 424
322 425
322 429
322 433
322 447
322 449
323 328
323 359
323 369
323 371
323 389
323 394
323 395
323 404
323 409
323 412
323 425
323 429
323 432
324 331
324 359
324 365
324 366
324 377
324 378
324 380
324 392
324 402
324 416
324 421
324 428
324 433
324 435
324 440
325 346
325 352
325 369
325 370
325 380
325 386
325 388
325 390
325 401
325 402
325 408
325 410
325 417
325 424
325 435
325 448
326 377
326 381
326 434
327 336
327 354
327 357
327 360
327 363
327 365
327 385
327 430
327 436
328 341
328 342
328 351
328 354
328 372
328 380
328 387
328 429
328 432
328 443
329 336
329 342
329 343
329 348
329 360
329 361
329 362
329 366
329 376
329 410
329 419
329 428
329 443
329 444
330 342
330 343
330 348
330 361
330 365
330 370
330 371
330 374
330 386
330 388
330 414
330 425
330 431
330 445
330 449
331 338
331 341
331 348
331 353
331 357
331 382
331 395
331 397
331 400
331 409
331 410
331 426
331 439
332 338
332 360
332 366
332 386
332 392
332 406
332 425
332 426
332 439
332 447
333 343
333 354
333 373
333 377
333 381
333 391
333 439
333 445
333 449
334 355
334 369
334 391
334 402
334 410
334 415
334 417
335 352
335 361
335 363
335 396
335 397
335 423
335 429
336 340
336 359
336 366
336 387
336 404
336 408
336 421
336 438
337 347
337 351
337 353
337 368
337 385
337 387
337 388
337 394
337 408
337 409
337 422
337 431
337 439
338 353
338 365
338 367
338 374
338 394
338 396
338 398
338 418
338 419
338 430
339 356
339 357
339 359
339 361
339 371
339 372
339 378
339 396
339 404
339 407
339 416
339 420
339 425
339 439
339 447
340 346
340 364
340 365
340 369
340 370
340 393
340 403
340 405
340 437
340 448
341 342
341 346
341 348
341 358
341 361
341 365
341 370
341 371
341 377
341 382
341 392
341 400
341 413
341 447
341 448
342 349
342 355
342 366
342 391
342 408
342 425
342 442
342 448
343 355
343 363
343 384
343 388
343 400
343 410
343 421
343 430
343 440
344 353
344 357
344 374
344 383
344 384
344 395
344 415
344 428
344 432
344 436
344 440
344 441
345 353
345 354
345 369
345 371
345 381
345 385
345 392
345 400
345 403
345 409
345 410
345 421
345 428
345 432
345 438
345 448
346 349
346 416
346 419
346 428
346 437
346 439
347 360
347 371
347 381
347 388
347 402
347 417
347 432
347 439
347 444
347 447
348 352
348 389
348 394
348 405
348 408
348 427
348 444
349 368
349 377
349 389
349 410
349 412
349 428
349 441
349 445
350 354
350 368
350 371
350 382
350 390
350 394
350 399
350 403
350 408
350 409
350 414
350 441
351 353
351 354
351 358
351 379
351 387
351 394
351 415
351 422
351 441
352 354
352 360
352 373
352 375
352 393
352 399
352 400
352 410
352 444
352 445
353 361
353 387
353 388
353 391
353 401
353 407
353 408
353 414
354 355
354 365
354 366
354 372
354 387
354 395
354 403
354 411
354 413
354 422
354 429
354 446
354 449
355 384
355 391
355 393
355 397
355 398
355 420
355 426
356 358
356 359
356 388
356 394
356 399
356 410
356 424
356 433
357 360
357 371
357 384
357 394
357 407
357 413
357 423
358 379
358 381
358 389
358 394
358 400
358 401
358 406
358 416
359 374
359 395
359 416
359 418
359 419
359 420
359 432
359 441
360 366
360 372
360 373
360 376
360 383
360 396
360 397
360 428
360 434
361 371
361 415
361 426
361 439
361 440
362 368
362 375
362 383
362 412
362 422
362 431
362 440
363 406
363 408
363 432
363 435
363 436
363 447
364 366
364 368
364 384
364 386
364 403
364 411
364 419
364 420
364 436
365 387
365 396
365 420
365 422
365 425
366 368
366 415
366 419
366 423
366 429
366 439
366 447
367 374
367 385
367 386
367 387
367 397
367 398
367 404
367 422
367 429
367 436
367 446
367 447
368 390
368 396
368 397
368 401
368 407
368 414
368 422
368 428
368 431
369 373
369 385
369 389
369 391
369 397
369 399
369 415
369 420
369 428
369 434
369 439
369 440
370 378
370 396
370 414
370 425
370 432
370 444
370 446
371 390
371 413
371 423
371 435
371 447
372 374
372 391
372 398
372 400
372 408
372 418
372 423
372 428
372 429
372 433
372 438
372 440
372 444
372 446
372 449
373 377
373 379
373 391
373 403
373 429
373 447
374 388
374 391
374 405
374 406
374 407
374 408
374 409
374 410
374 417
374 437
374 440
375 387
375 396
375 401
375 415
375 420
375 425
376 383
376 386
376 406
376 407
376 418
376 422
376 436
376 437
376 444
376 446
376 447
377 382
377 390
377 394
377 408
377 416
377 427
377 434
377 441
378 397
378 400
378 413
378 424
378 430
378 432
378 434
378 444
379 388
379 394
379 435
380 385
380 397
380 401
380 402
380 412
380 413
380 426
380 447
381 385
381 389
381 396
381 397
381 404
381 448
382 393
382 407
382 410
382 429
382 440
383 388
383 425
383 443
383 444
383 446
383 449
384 401
384 421
384 434
385 396
385 417
385 426
385 445
385 447
386 392
386 393
386 409
386 413
386 420
386 431
386 441
386 446
387 390
387 402
387 410
387 426
387 430
387 444
388 395
388 397
388 398
388 430
388 434
389 406
389 421
389 423
389 425
389 426
389 436
390 391
390 404
391 417
391 423
392 414
392 422
393 396
393 423
393 449
394 403
394 408
394 410
394 411
394 426
394 448
395 397
395 416
395 418
395 423
395 441
396 409
396 410
396 411
396 412
396 434
396 443
397 402
397 405
397 406
397 415
397 427
397 428
397 439
398 405
398 406
398 407
398 424
399 403
399 430
399 431
399 441
400 404
400 423
400 439
400 443
401 422
401 426
401 431
401 434
401 442
401 448
402 411
402 419
402 428
402 434
402 437
403 405
403 411
403 423
403 425
403 428
403 431
403 442
403 449
404 421
404 422
404 430
404 439
405 407
405 411
405 432
405 436
406 423
406 426
407 410
407 414
407 421
407 426
407 432
407 448
408 412
408 414
408 428
408 439
408 440
408 446
409 413
409 420
409 422
409 427
409 432
409 440
409 443
409 449
410 415
410 435
410 442
410 448
411 424
411 445
411 447
412 428
412 437
412 448
415 417
415 419
415 425
415 448
416 436
416 442
417 425
417 432
417 433
417 435
417 440
417 441
417 445
418 430
418 431
419 427
419 439
419 443
419 449
420 435
421 429
421 439
421 449
422 435
422 438
422 446
423 429
423 444
424 430
424 444
425 433
425 441
425 445
426 435
426 436
427 445
428 444
429 437
429 439
429 446
429 448
431 433
431 435
431 440
431 442
431 446
432 435
432 444
432 448
434 437
434 438
435 442
438 447
439 444
439 448
441 443
441 444
443 445
444 446