50
120
0 20
0 21
0 27
0 46
1 4
1 10
1 23
1 34
1 43
1 47
2 4
2 13
2 24
2 40
2 45
3 44
4 5
4 12
4 16
4 21
4 27
4 30
4 33
5 6
5 10
5 13
5 15
5 27
5 28
6 14
6 21
6 37
6 38
6 40
6 43
7 11
7 47
8 11
8 12
8 28
8 30
8 37
9 17
9 26
9 41
9 48
10 13
10 20
10 40
10 41
11 12
11 33
11 35
11 44
11 46
12 13
12 20
12 39
12 49
13 22
13 25
13 33
14 17
14 36
14 41
15 16
15 19
15 31
16 20
16 32
16 39
16 41
17 20
17 23
17 38
18 34
18 44
18 45
18 48
20 22
20 37
20 42
20 44
21 38
21 39
22 24
22 29
22 43
23 25
23 32
24 27
24 36
24 41
24 43
25 49
27 42
27 44
28 38
29 30
29 48
31 44
32 33
32 38
33 35
33 43
33 48
34 35
35 37
35 42
35 49
36 44
36 45
36 47
36 49
40 43
41 47
42 46
42 47
43 46
45 46