500
1263
0 387
0 419
0 490
1 6
1 142
1 145
1 320
1 413
2 53
2 56
2 121
2 203
2 257
2 339
2 420
2 422
3 113
3 173
3 233
4 267
4 289
4 388
4 481
5 212
5 274
5 338
6 8
6 45
6 132
6 333
7 35
7 134
7 212
7 299
8 40
8 116
8 174
8 254
8 330
8 379
9 56
9 92
9 195
9 197
9 232
10 86
10 175
10 332
10 379
10 407
10 496
11 60
11 288
11 361
11 388
11 401
12 24
12 107
12 275
13 41
13 94
13 113
13 128
13 488
14 57
14 61
14 121
14 130
14 351
14 368
14 379
14 426
15 217
16 107
16 316
16 403
16 417
16 425
16 494
17 89
17 123
17 212
17 251
17 275
17 276
17 351
17 475
18 119
18 140
18 280
18 287
18 473
19 33
19 71
20 32
20 95
20 104
21 129
21 298
21 327
21 338
21 406
21 478
22 113
22 401
22 425
22 440
23 24
23 162
23 214
23 287
23 320
23 383
23 389
24 293
24 392
25 43
25 71
25 225
25 291
25 391
26 54
26 59
26 105
26 201
26 261
26 287
26 364
26 367
26 381
26 389
26 472
26 494
27 42
27 61
27 169
27 207
27 245
27 252
27 379
27 380
28 35
28 462
29 186
29 229
29 275
30 147
30 355
30 382
30 451
31 45
31 66
31 263
31 333
31 434
32 303
32 416
32 499
33 37
33 47
33 51
33 62
33 82
33 176
33 396
34 208
34 214
34 234
34 262
34 373
34 390
34 468
35 98
35 140
35 168
35 293
36 62
36 110
36 143
36 169
36 212
37 84
37 123
37 138
37 177
38 46
38 131
38 132
38 317
39 191
39 197
40 51
40 169
40 301
40 337
40 426
40 479
41 115
41 260
41 299
41 336
41 372
41 435
41 458
42 94
42 118
42 386
43 160
43 168
43 373
44 59
44 104
44 217
44 266
44 285
45 50
45 77
45 79
45 478
46 203
46 376
47 119
47 134
47 184
47 349
47 377
47 439
48 126
48 336
48 395
49 288
49 339
49 347
49 348
49 363
49 371
50 368
51 84
51 111
51 119
51 199
51 382
51 405
51 408
51 429
51 450
52 156
52 361
52 380
52 446
53 130
53 150
53 170
53 185
53 230
53 251
53 262
53 445
53 476
54 63
54 243
54 276
54 346
54 382
54 449
55 301
55 391
55 436
56 284
58 444
59 101
59 212
59 233
59 236
59 251
59 273
59 369
59 395
59 469
60 345
60 359
60 465
61 255
61 289
62 121
62 234
62 286
62 299
63 195
63 231
63 271
63 330
64 81
64 193
64 232
64 338
64 416
64 475
65 92
65 130
65 145
65 428
65 454
65 468
66 149
66 163
66 206
66 254
67 122
67 136
67 256
67 322
68 79
68 205
68 220
68 461
69 265
70 344
71 159
71 213
71 416
71 455
71 478
71 490
72 153
72 259
72 286
72 385
72 430
72 442
73 131
73 141
74 192
74 340
75 166
75 253
75 267
75 271
75 274
75 295
75 312
75 359
75 475
76 82
76 153
76 292
76 302
76 400
76 481
77 94
77 134
77 423
77 483
77 489
78 124
78 164
78 365
78 381
78 431
79 138
80 166
80 336
80 401
80 409
80 485
81 96
81 161
81 270
81 319
81 426
81 498
82 83
82 152
82 317
83 205
83 253
83 298
83 374
83 495
85 86
85 343
85 423
87 333
88 106
88 181
88 188
88 230
90 102
90 120
90 316
90 415
91 252
92 218
92 222
92 266
92 373
92 461
92 471
92 482
93 108
93 155
93 173
93 178
93 223
93 330
93 383
93 420
94 165
94 244
94 268
95 315
95 336
95 412
95 447
96 374
97 225
97 293
97 441
98 244
98 279
98 307
98 320
98 327
98 353
98 395
99 133
99 180
99 394
99 450
100 192
100 287
100 447
101 282
101 324
101 449
101 471
102 164
102 230
102 244
102 268
102 403
102 426
103 139
103 178
103 250
103 296
103 303
103 373
104 158
104 162
104 179
104 230
104 258
104 260
104 271
104 385
104 446
104 451
104 482
105 109
105 298
105 340
105 427
105 459
105 478
106 168
106 217
106 299
106 431
107 158
107 253
107 416
108 288
108 335
108 354
108 376
109 222
110 158
110 209
110 225
110 227
110 268
110 474
111 400
112 118
112 144
112 185
112 421
112 481
112 493
113 117
113 172
113 414
114 122
114 222
114 310
115 303
115 442
115 456
116 153
116 366
116 382
116 391
117 163
117 189
117 358
117 406
118 400
118 444
120 200
120 244
120 335
120 393
121 128
121 320
121 338
121 339
121 358
121 429
122 135
122 312
122 443
123 250
123 307
123 370
123 373
123 424
123 445
124 356
125 270
125 360
126 378
127 285
127 298
127 335
127 416
128 272
128 304
128 391
128 404
128 458
128 473
129 136
129 241
129 249
129 279
129 417
130 423
131 187
131 452
132 142
132 156
132 427
133 199
133 236
133 418
133 461
134 293
134 313
134 340
134 452
135 165
135 197
135 248
135 298
136 241
136 254
136 285
136 338
136 412
136 493
137 277
137 391
139 272
139 480
140 351
140 366
140 373
141 197
141 363
142 205
142 266
143 149
143 170
143 298
143 326
143 353
143 488
144 192
145 206
145 220
145 280
145 345
145 477
146 207
146 450
146 492
147 331
147 344
147 389
147 433
147 462
148 303
148 467
149 269
149 352
149 374
149 487
150 172
150 389
150 475
151 312
151 445
152 196
152 200
152 213
152 488
152 489
153 246
153 416
153 453
154 237
154 338
154 467
155 389
155 442
156 252
156 300
157 257
157 304
157 402
157 414
158 166
158 173
159 179
159 280
159 308
159 318
159 376
159 409
160 161
160 171
160 233
160 303
160 433
161 190
161 206
161 253
161 329
162 449
163 187
163 215
163 428
163 451
164 327
164 334
164 346
165 168
165 218
165 243
165 291
165 345
165 459
165 477
166 230
166 235
166 277
166 321
166 429
167 182
167 280
168 215
168 390
168 446
168 463
169 184
169 195
169 216
169 227
169 323
169 358
169 363
170 274
170 310
170 339
170 459
170 468
171 173
171 197
171 269
171 435
172 213
172 315
172 318
172 341
172 385
173 233
173 416
173 441
174 217
174 365
174 435
175 245
175 251
175 322
176 337
177 347
178 331
178 359
178 410
178 449
178 450
179 315
179 362
179 471
180 242
180 315
180 410
181 210
181 234
181 240
181 356
181 425
182 328
182 369
183 195
183 220
184 220
184 350
184 374
184 482
185 292
185 338
185 351
185 446
185 488
186 464
187 215
187 224
187 307
187 309
188 203
188 270
188 297
188 356
188 383
188 496
189 248
189 314
189 316
189 387
190 274
190 407
190 423
190 427
190 440
190 461
191 195
191 205
191 391
191 404
192 257
192 407
192 412
192 413
192 475
192 476
193 433
193 485
194 257
194 295
194 358
195 245
195 388
196 328
196 342
196 357
197 198
197 356
197 405
197 471
198 212
198 462
198 469
198 483
199 248
199 325
199 370
199 485
200 415
200 493
201 204
201 250
201 281
201 497
202 244
202 396
202 486
203 279
203 317
203 389
203 470
204 250
205 220
205 319
205 385
205 455
206 291
206 491
206 495
207 313
207 316
207 369
207 433
208 339
208 358
208 387
208 499
210 465
211 255
211 262
211 401
212 302
212 321
212 375
212 411
212 413
212 465
213 221
213 331
213 386
213 392
213 394
213 430
214 257
215 225
215 336
216 329
217 247
217 267
217 288
217 354
217 494
218 449
218 486
219 314
219 403
219 478
220 445
221 332
221 481
222 267
222 283
222 396
222 448
223 422
225 228
225 281
225 466
226 269
226 279
226 352
226 491
227 279
227 354
227 399
227 453
228 452
228 467
229 402
229 407
229 463
230 285
230 301
230 317
230 361
231 309
231 395
231 496
232 401
232 447
233 249
233 267
233 294
233 302
233 388
233 453
234 244
234 277
234 437
234 484
235 267
235 305
235 383
235 413
235 462
236 240
236 241
236 260
236 310
236 348
236 375
237 289
237 326
237 340
237 367
237 390
238 334
238 472
239 328
239 482
240 288
240 304
240 396
240 434
242 272
242 284
242 379
242 380
243 321
243 322
243 329
243 355
243 373
243 408
243 467
244 345
244 422
245 456
247 249
247 252
247 454
247 460
248 389
249 407
250 268
250 367
250 467
250 488
251 325
251 342
251 484
252 301
252 305
252 326
252 369
252 460
253 307
253 323
253 437
253 445
254 443
254 447
254 475
255 340
255 496
256 423
256 459
256 467
256 473
257 444
258 290
258 366
259 277
259 299
259 478
260 272
260 328
260 333
260 400
260 487
261 386
261 413
261 417
261 418
261 429
261 437
262 497
263 266
263 268
263 337
263 354
263 379
264 436
265 367
265 458
266 343
266 428
266 497
267 384
267 385
267 398
267 478
268 342
268 350
268 368
268 386
268 435
268 439
268 454
268 467
269 449
270 349
270 402
270 414
270 428
271 370
272 280
272 355
272 372
272 479
273 296
273 317
273 441
273 479
274 278
274 420
274 422
274 426
275 341
275 415
276 305
277 364
277 367
277 428
278 286
278 394
278 414
278 478
279 364
280 330
280 403
280 483
282 401
283 443
283 458
283 484
283 496
283 499
284 323
285 329
285 353
285 390
285 409
285 428
286 393
288 308
289 320
289 325
289 337
289 462
290 406
290 472
291 306
292 306
293 356
293 381
293 454
294 324
294 435
294 483
294 498
295 302
296 310
296 441
296 478
297 328
297 470
298 433
299 356
300 460
301 404
302 391
303 314
303 413
304 409
304 453
304 475
305 348
305 457
306 323
306 365
306 376
306 429
306 434
306 470
307 349
310 379
310 429
310 482
311 404
311 493
312 389
312 390
313 383
314 325
314 479
314 487
316 344
316 364
316 449
318 375
318 398
318 412
320 351
320 411
321 404
321 477
323 343
324 405
324 449
324 467
325 416
325 497
327 328
327 349
327 356
327 381
327 497
328 421
328 492
329 376
329 379
330 352
331 367
332 459
333 364
333 424
333 467
333 468
335 380
335 395
336 337
336 439
337 427
338 442
339 375
339 385
343 389
343 459
344 381
346 374
346 479
347 362
347 368
348 361
348 384
348 456
348 474
350 415
351 484
352 389
352 403
354 398
355 389
355 423
356 432
357 428
358 363
358 391
359 380
359 478
360 371
361 472
361 476
362 446
362 469
363 391
364 384
364 393
364 395
364 443
366 367
367 405
368 418
369 464
370 379
375 435
375 445
376 430
378 382
379 449
379 493
380 485
383 394
383 495
386 457
387 462
388 479
390 411
391 433
391 446
391 462
392 397
392 420
395 445
396 428
396 441
397 468
398 426
399 466
399 484
400 460
400 466
401 442
401 459
401 490
402 455
402 479
403 419
403 459
406 419
406 492
407 426
407 436
410 422
410 443
411 496
412 439
413 430
413 494
413 497
414 497
415 425
416 417
417 426
419 435
419 453
421 485
422 454
423 489
423 492
424 467
425 438
428 433
430 440
431 498
432 481
436 449
436 487
437 464
447 451
447 461
447 469
447 479
448 483
450 476
452 463
452 470
454 465
455 480
456 476
457 489
462 486
465 481
465 483
465 498
466 477
466 482
476 489
479 496
482 491
486 499