550
1570
0 51
0 104
0 193
0 357
0 453
0 474
1 118
1 517
2 79
2 116
2 138
2 253
2 297
2 451
2 480
3 115
3 159
3 323
3 389
3 416
3 476
4 139
4 146
4 230
4 238
4 239
4 244
4 296
4 298
4 478
4 487
4 514
4 535
5 28
5 121
5 222
5 315
5 360
6 165
6 218
6 312
6 360
6 423
6 443
6 473
6 513
6 538
7 148
7 449
7 482
8 16
8 18
8 35
8 71
8 74
8 257
8 343
8 365
8 430
8 449
8 486
9 40
9 58
9 325
9 356
9 510
9 536
10 283
10 309
10 346
10 398
11 173
11 213
11 243
11 245
11 329
11 348
11 381
11 441
11 445
11 465
12 143
12 163
12 284
12 444
13 19
13 34
13 236
13 254
13 266
13 277
13 477
14 46
14 373
14 422
14 480
14 502
14 511
14 538
15 129
15 141
15 172
15 177
15 208
15 271
15 463
16 361
16 383
16 397
16 405
16 455
17 166
17 177
17 212
17 387
17 388
17 401
17 453
17 534
18 92
18 170
18 188
18 271
19 30
19 110
19 427
19 446
19 447
19 457
19 488
19 504
20 29
20 346
20 417
20 443
21 235
21 242
21 430
21 457
21 482
22 100
22 301
22 534
23 102
23 197
23 350
23 477
23 540
24 52
24 104
24 109
24 187
24 261
24 325
24 336
24 359
24 503
25 134
25 383
25 433
26 29
26 37
26 46
26 124
26 126
26 173
26 495
27 139
27 201
27 258
27 277
28 53
28 115
28 224
28 257
28 321
29 86
29 265
29 292
29 394
30 62
30 102
30 156
30 192
30 242
30 316
30 470
30 472
31 61
31 75
31 375
31 521
31 531
32 184
32 227
32 293
32 388
32 431
32 432
32 466
33 256
33 305
33 402
33 428
33 441
33 449
33 474
33 480
33 528
33 538
34 35
34 148
34 440
34 446
35 138
35 173
35 253
35 328
35 542
35 548
36 91
36 95
36 96
36 231
36 504
36 530
36 548
37 38
37 142
37 156
37 214
37 332
37 454
37 517
38 225
38 237
38 259
38 287
38 437
38 474
39 172
39 318
39 340
40 128
40 232
40 243
40 284
40 364
40 432
40 491
40 542
40 543
41 90
41 128
41 251
41 373
41 494
42 56
42 146
42 199
42 358
42 403
42 482
43 218
43 389
43 524
44 105
44 141
44 202
44 266
44 270
44 391
44 395
44 401
45 98
45 150
45 181
45 307
45 332
45 367
45 474
46 188
46 373
46 385
46 513
47 66
47 443
47 451
48 108
48 186
48 373
48 488
49 261
49 305
49 315
49 456
49 471
50 121
50 128
50 161
50 174
50 184
50 326
50 395
51 87
51 126
51 192
51 240
51 325
51 410
52 208
52 239
52 285
52 427
52 482
52 503
53 61
53 114
54 82
54 121
54 122
54 219
54 276
54 475
54 482
54 520
55 190
55 393
55 483
55 520
56 259
56 292
56 386
56 448
56 451
57 103
57 188
57 215
57 221
57 336
57 482
58 213
58 312
58 346
58 412
58 493
58 505
59 118
59 122
59 205
59 456
59 510
60 122
60 123
60 379
60 391
60 427
61 159
61 165
61 233
61 294
61 366
61 406
62 75
62 106
62 373
62 420
63 170
63 374
63 441
63 457
63 490
63 500
63 506
63 507
63 517
64 110
64 208
64 248
64 277
65 138
65 194
65 197
65 238
65 303
65 361
65 417
65 517
66 182
66 192
66 277
66 414
66 450
67 186
67 217
67 410
67 434
67 545
68 114
68 240
69 496
70 126
70 132
70 213
70 264
70 280
70 320
70 323
70 334
70 390
71 147
71 257
71 267
71 283
71 412
71 432
72 107
72 177
72 297
72 465
73 153
73 306
73 515
74 80
74 181
74 491
75 135
75 166
75 245
75 329
75 490
76 252
76 302
76 418
76 473
76 521
77 124
77 172
77 251
77 299
78 117
78 168
78 347
78 373
78 377
78 502
78 528
78 541
79 378
79 457
79 458
79 477
80 127
80 207
80 287
80 519
81 469
81 471
81 548
82 188
83 116
83 142
83 208
83 261
83 276
83 374
83 501
84 132
84 205
84 377
84 420
85 199
85 255
85 330
85 369
85 405
85 432
86 324
86 466
87 89
87 118
87 139
87 186
87 363
87 395
87 544
88 144
88 185
88 276
88 283
88 311
88 354
88 494
89 95
89 163
89 332
89 349
89 421
89 456
89 539
90 102
90 141
90 438
90 475
90 506
91 225
91 275
91 479
92 137
92 159
92 445
93 119
93 205
93 210
93 277
93 421
93 435
93 470
93 479
94 108
94 256
94 486
95 118
95 136
95 168
95 207
95 369
96 219
96 220
96 380
96 403
96 428
97 125
97 300
97 352
97 533
98 275
98 367
98 510
99 150
99 419
99 467
100 120
100 470
100 472
101 119
101 293
101 356
101 406
101 471
101 513
101 535
101 537
102 187
102 251
102 352
102 503
102 545
102 546
103 126
103 157
103 300
103 433
103 459
104 133
104 279
104 284
105 110
105 112
105 163
105 223
105 245
105 249
105 313
105 497
106 146
106 325
106 352
107 472
107 522
108 119
108 204
108 341
108 474
109 227
109 288
109 353
109 414
110 169
110 185
110 197
110 396
110 437
111 209
111 215
111 233
111 506
112 172
112 296
112 327
112 496
114 138
114 195
114 365
114 373
114 500
115 436
116 137
116 166
116 190
116 200
116 264
116 334
116 471
117 185
117 210
117 394
118 143
118 147
118 161
118 246
119 211
120 303
120 353
121 237
121 244
121 408
122 141
122 143
122 383
123 174
123 520
124 185
124 211
124 295
124 305
124 467
124 492
124 500
125 482
126 291
126 368
126 492
126 513
127 134
127 387
127 388
128 192
128 344
128 370
128 459
128 495
128 532
129 302
129 325
129 428
129 483
130 280
130 321
130 452
131 266
131 300
131 543
132 263
132 302
132 494
132 512
133 269
133 292
133 302
133 399
134 185
134 419
135 214
135 245
135 266
135 274
135 310
135 325
135 377
135 394
135 432
136 179
136 266
136 276
136 398
136 459
137 245
137 286
137 483
137 486
138 499
138 518
138 537
139 320
139 464
139 478
139 528
140 204
140 279
140 301
140 338
140 339
140 431
141 290
142 150
142 204
142 234
142 427
142 519
143 177
143 196
143 246
143 323
143 368
143 369
143 422
143 548
144 239
144 322
144 362
145 185
145 240
145 249
145 333
145 378
145 383
145 436
145 468
145 541
146 338
146 399
147 267
148 368
148 489
148 546
149 168
149 361
149 499
150 394
150 422
151 337
151 368
151 412
151 444
151 516
152 365
153 207
153 234
153 538
154 273
154 277
154 356
154 419
155 204
155 280
155 455
156 241
156 333
156 361
157 201
157 250
157 290
157 345
157 367
157 381
157 391
157 462
157 490
158 193
158 415
159 192
159 350
159 519
160 402
160 435
161 233
161 418
162 166
162 355
162 388
162 429
162 442
163 419
163 427
163 544
164 229
164 243
164 304
164 363
164 448
164 471
165 217
165 270
165 384
165 416
166 308
166 337
166 438
166 489
166 537
166 547
167 169
167 179
167 202
167 281
167 315
167 448
167 485
168 186
168 462
168 485
168 513
168 522
169 223
169 399
169 420
169 502
169 521
170 254
170 309
171 243
171 339
171 526
171 533
172 310
172 424
172 535
173 283
173 418
173 466
173 479
174 201
174 266
174 458
175 365
175 383
175 406
175 461
175 483
176 338
176 355
176 422
176 500
176 532
177 280
178 264
178 448
178 548
179 286
179 365
179 439
180 265
180 386
182 419
182 468
182 491
183 198
183 315
184 195
184 197
184 235
184 387
184 431
185 209
185 329
185 389
185 424
186 293
186 422
186 430
186 510
187 272
187 451
187 454
188 232
188 424
188 481
189 243
189 335
190 209
190 353
190 401
190 483
191 408
191 490
192 253
192 418
193 195
193 272
193 522
193 540
194 234
194 340
194 397
194 410
194 457
194 534
195 260
195 292
195 299
195 379
195 419
195 472
195 513
196 206
196 306
197 290
197 427
197 467
197 528
198 308
198 429
199 238
199 276
199 349
199 373
200 319
200 383
200 537
201 208
201 396
201 434
202 243
202 257
202 402
202 403
203 293
203 376
204 274
204 391
205 406
206 324
206 531
207 325
207 386
208 216
208 243
208 287
208 379
208 417
208 466
209 264
209 337
209 446
210 291
211 270
211 320
211 332
211 341
212 291
212 435
213 391
213 396
213 414
213 472
214 240
214 358
214 381
214 382
214 444
214 481
214 495
215 464
216 337
216 339
216 398
217 319
217 417
217 453
218 298
219 268
219 409
219 514
220 277
220 435
221 244
221 331
221 356
221 394
221 420
221 459
221 544
222 384
222 521
222 523
223 302
223 509
224 244
224 311
224 409
224 430
224 443
225 240
225 375
226 276
226 312
226 360
227 424
228 297
228 410
228 440
228 446
228 455
229 358
229 400
229 439
230 382
231 409
231 478
232 388
233 256
233 271
233 430
233 443
233 500
233 512
234 238
234 323
235 280
235 312
235 532
236 324
236 384
236 391
237 280
237 447
237 513
238 408
239 341
239 440
239 543
240 351
240 379
240 474
240 509
241 322
241 356
242 435
242 481
242 485
242 492
242 536
243 333
243 388
243 422
243 452
244 429
244 455
244 512
244 540
245 248
245 262
245 291
245 347
245 425
245 490
245 517
245 543
246 505
247 313
247 315
247 444
247 466
247 541
248 351
248 431
248 509
249 344
249 456
249 532
250 292
250 307
250 359
250 495
250 516
251 269
251 315
251 386
251 535
251 546
252 277
252 309
252 469
253 273
253 369
253 400
254 277
254 323
254 458
254 549
255 281
255 289
255 479
255 491
255 519
255 543
256 357
256 526
256 529
256 540
257 278
257 289
257 364
257 500
258 437
258 441
258 470
258 498
259 376
259 392
259 460
260 359
260 517
261 268
261 329
261 332
261 434
262 418
262 429
262 466
262 499
262 508
263 269
264 535
264 541
266 302
266 314
266 329
266 336
267 484
267 504
269 378
269 481
269 489
269 491
270 369
270 428
270 465
270 528
271 285
271 327
271 372
272 316
272 372
272 418
273 307
274 313
274 489
274 517
275 380
275 415
275 515
276 483
276 546
277 345
277 354
277 368
277 422
277 431
277 468
277 474
278 467
278 515
279 322
279 335
279 404
279 458
279 511
279 523
280 425
280 486
280 523
280 538
281 423
281 426
281 475
282 543
284 310
284 327
284 353
284 539
285 310
286 325
286 406
287 423
287 440
287 461
287 477
287 510
287 519
287 527
289 328
290 357
290 362
291 305
291 369
291 477
292 350
293 317
293 350
293 363
294 375
294 381
294 415
294 419
294 420
295 502
295 505
295 506
295 538
296 355
297 334
298 365
298 506
299 307
299 429
299 502
300 352
300 414
300 432
301 322
301 323
302 435
302 469
303 311
303 313
303 435
303 514
303 527
304 458
304 461
305 320
305 359
305 387
305 416
305 497
305 518
306 363
306 490
306 521
307 404
308 349
308 383
308 389
308 490
309 326
309 358
309 377
309 488
309 516
310 397
310 430
310 446
310 516
311 549
312 380
312 392
312 412
312 417
313 468
314 440
314 479
315 380
315 397
316 412
316 496
316 529
316 542
317 402
317 436
317 463
318 319
318 435
318 443
318 501
319 367
319 469
319 510
320 516
321 462
321 516
321 547
322 492
322 501
323 457
323 549
324 422
324 467
324 534
326 355
326 359
326 360
326 458
327 332
327 354
327 391
329 361
330 404
330 427
330 486
331 430
331 472
331 503
331 533
332 517
333 341
333 537
334 350
334 424
334 476
336 436
337 427
337 542
338 420
338 431
338 436
338 474
338 493
338 540
339 340
339 404
339 406
340 357
342 380
342 511
344 395
344 433
344 508
344 513
345 369
345 493
345 537
346 363
346 391
346 414
346 534
347 401
347 441
347 474
347 484
347 505
348 379
348 421
348 474
348 502
348 518
349 467
349 503
350 373
350 460
350 461
350 536
351 416
351 466
352 458
352 495
353 445
354 452
354 496
355 417
355 466
355 539
356 504
356 532
358 378
358 532
359 450
359 456
359 496
360 377
360 507
361 509
362 417
362 489
363 430
363 463
364 518
365 535
367 529
368 471
368 485
369 385
369 455
369 521
370 453
371 429
371 456
371 475
372 416
372 433
373 434
373 508
373 546
374 421
374 453
374 477
374 481
374 525
376 407
377 473
378 433
379 519
380 385
380 395
380 460
380 475
380 480
381 427
381 493
381 520
382 474
383 459
383 470
383 514
383 541
384 463
386 436
386 470
386 482
387 416
387 448
388 433
388 542
389 436
390 452
391 405
391 429
392 403
392 500
393 462
393 470
393 500
393 515
394 399
394 454
394 472
394 542
395 406
397 420
397 447
397 504
397 536
397 546
398 445
398 490
399 448
399 452
399 492
400 545
401 525
402 497
403 419
404 482
405 487
405 491
406 408
406 490
407 435
407 542
408 433
408 440
408 515
408 522
408 527
409 417
409 434
409 508
410 445
410 468
411 471
411 537
412 426
412 436
412 544
413 421
413 455
414 434
415 486
415 515
416 432
416 445
417 505
418 425
418 457
418 468
419 460
420 464
421 465
421 507
422 453
423 457
423 472
424 460
424 463
424 496
424 506
425 544
426 461
428 517
432 483
432 537
434 462
434 470
435 464
435 501
435 534
436 499
436 529
436 535
437 509
437 510
438 540
439 481
443 548
444 473
446 510
447 491
447 501
449 492
451 462
452 475
452 525
452 534
453 482
453 535
454 538
456 499
457 487
457 520
458 506
458 523
458 534
460 491
460 536
461 467
461 510
463 481
465 503
465 527
470 506
473 522
476 505
476 506
479 485
480 538
485 497
485 527
485 547
486 495
487 538
490 548
496 520
497 516
498 503
498 541
499 519
500 509
502 520
503 549
504 537
505 529
506 510
508 520
518 523
520 528
527 531
527 536
528 536
535 540