600
1798
0 89
0 92
0 145
0 189
0 547
1 9
1 32
1 105
1 252
1 344
1 386
1 395
1 445
1 579
2 12
2 249
2 284
2 298
2 498
3 33
3 51
3 154
3 358
3 390
3 398
3 410
3 538
4 66
4 194
4 231
4 258
4 306
4 482
4 568
5 139
5 166
5 370
5 382
5 431
5 479
6 67
6 406
6 422
6 450
6 469
7 271
7 282
7 337
7 342
7 347
7 402
7 419
7 506
7 540
7 588
8 25
8 49
8 159
8 317
8 397
9 233
9 273
9 409
9 480
10 97
10 132
10 214
10 366
10 468
11 77
11 81
11 119
11 279
11 396
11 474
11 481
11 509
12 106
12 162
12 216
12 239
12 246
12 306
12 370
12 388
12 453
12 537
12 584
13 216
13 238
13 274
13 506
13 550
13 555
13 582
14 22
14 89
14 231
14 238
14 526
14 562
14 591
15 73
15 80
15 340
15 405
15 597
16 94
16 128
16 159
16 477
16 522
17 118
17 134
17 213
17 289
17 344
17 418
17 515
18 86
18 99
18 300
18 470
19 74
19 105
19 160
19 305
19 356
19 400
20 111
20 292
20 368
21 52
21 125
21 238
21 318
21 351
21 367
21 438
21 558
22 48
22 56
22 89
22 103
22 211
22 362
22 424
22 448
22 495
22 527
22 532
23 186
23 263
23 280
23 393
23 536
24 141
24 146
24 196
24 286
24 374
24 412
25 314
25 418
25 582
26 120
26 192
26 201
26 203
26 263
26 321
26 460
26 473
26 494
27 67
27 181
27 187
27 238
27 345
27 402
27 594
28 145
28 233
28 235
28 285
29 320
29 446
29 496
29 558
30 62
30 76
30 89
30 102
30 351
30 367
31 50
31 161
31 544
31 592
32 94
32 244
32 247
32 298
32 353
32 450
33 80
33 448
33 572
33 595
34 155
34 261
34 454
34 544
34 546
34 577
35 73
35 180
35 233
35 304
35 355
35 449
35 477
35 493
35 508
35 562
36 90
36 120
36 129
36 275
36 490
36 589
37 39
37 150
37 249
37 391
37 492
37 517
37 538
38 95
38 116
38 143
38 203
38 317
38 444
38 505
39 141
39 243
39 248
39 520
39 580
40 67
40 223
40 336
40 339
40 378
40 437
40 483
40 500
40 547
41 447
41 530
42 251
42 392
42 397
42 427
42 499
42 500
42 522
42 582
42 593
43 87
43 95
43 207
43 489
43 581
44 71
44 296
44 456
44 476
45 88
45 238
45 244
45 282
45 369
46 77
46 178
46 191
46 402
46 438
46 466
46 484
46 521
47 58
47 149
47 283
47 357
47 407
47 523
47 550
48 337
48 545
49 76
49 265
49 434
49 541
49 564
50 180
50 376
50 412
50 487
50 570
51 247
51 265
51 411
51 462
51 529
52 164
52 260
52 398
52 493
53 123
53 129
53 147
53 181
53 228
53 271
53 359
53 447
53 497
54 190
54 365
54 377
54 381
54 385
55 182
55 294
55 378
55 405
55 455
55 484
55 510
55 536
56 66
56 73
56 126
56 148
56 171
56 183
56 251
56 261
56 350
56 426
56 484
56 494
56 540
57 120
57 227
57 258
57 361
57 528
58 70
58 98
58 334
58 454
58 496
58 563
58 586
59 74
59 95
59 125
59 132
59 296
59 420
60 81
60 567
61 66
61 104
61 205
61 260
61 278
61 438
61 505
61 523
61 594
62 246
63 114
63 216
63 248
63 277
63 296
63 589
64 147
64 153
64 298
64 324
65 121
65 135
65 211
65 223
65 328
65 338
65 496
65 521
65 552
66 73
66 153
66 197
66 330
66 578
67 158
67 290
68 122
68 173
68 261
68 349
68 520
69 138
69 145
69 213
69 273
69 405
69 488
69 524
70 153
70 156
70 178
70 267
70 340
70 419
70 458
70 473
70 480
70 497
71 277
71 366
71 429
71 562
72 81
72 110
72 183
72 499
72 513
73 412
73 435
73 592
74 114
74 173
74 227
74 245
74 405
75 132
75 175
75 222
75 259
75 263
75 336
75 361
75 430
75 434
75 523
75 555
76 137
76 144
76 428
76 507
77 140
77 249
77 497
77 539
77 561
78 256
78 285
78 377
78 461
78 491
78 514
78 575
78 596
79 129
79 153
79 160
79 300
79 311
79 385
79 482
79 539
80 424
80 473
80 539
81 138
81 173
81 448
82 96
82 285
82 357
82 435
82 486
82 532
82 555
82 590
83 86
83 132
83 322
83 407
83 527
84 231
84 312
84 431
84 432
84 537
85 182
85 320
85 329
85 394
85 400
85 460
85 570
85 588
86 133
86 262
86 279
86 446
86 448
87 109
87 183
87 200
87 267
87 278
87 296
87 406
87 452
88 99
88 305
89 102
89 132
89 216
89 417
89 577
90 130
90 134
90 307
90 357
90 404
90 452
91 110
91 136
91 240
91 456
91 561
91 582
91 593
91 595
92 101
92 145
92 150
92 395
93 342
93 476
93 503
93 526
93 599
94 170
94 177
94 187
94 190
94 202
94 275
94 278
94 494
95 110
95 204
95 229
95 441
95 459
95 461
95 478
95 538
95 576
96 108
96 148
96 497
96 536
96 572
97 121
97 226
97 272
97 491
98 349
98 463
98 561
99 288
99 366
99 558
100 102
100 279
100 486
100 543
100 575
101 201
101 216
101 251
101 254
101 301
101 426
101 453
101 543
102 111
102 285
102 290
102 559
102 566
103 168
103 276
103 370
103 477
103 522
104 107
104 177
104 260
104 305
104 307
105 231
105 306
105 318
105 319
105 545
106 120
106 259
106 430
106 541
107 134
107 270
107 280
107 470
107 594
108 212
108 253
108 261
108 310
108 406
109 256
109 263
109 305
109 540
110 113
110 386
110 579
111 365
111 373
111 405
111 470
111 571
111 583
112 287
112 302
112 383
112 410
112 533
112 564
113 132
113 362
113 412
113 503
113 510
113 571
114 140
114 148
114 196
114 265
114 591
115 416
115 447
116 149
116 181
116 516
117 162
117 267
117 386
118 295
118 338
118 400
118 448
118 495
118 511
119 170
119 334
119 448
119 491
119 544
119 579
119 587
120 125
120 558
121 127
121 213
121 452
121 460
121 562
121 582
122 157
122 177
122 347
122 390
122 430
122 493
122 533
122 559
123 273
123 277
123 375
123 395
123 416
124 203
124 353
124 456
124 469
125 250
125 309
125 410
125 426
125 521
126 134
126 337
126 383
126 462
126 490
126 534
126 542
127 267
127 309
127 329
127 423
127 435
127 486
127 548
127 558
127 592
128 156
128 429
128 478
129 245
129 339
129 515
129 550
130 171
130 239
130 243
130 274
130 305
131 279
131 336
131 338
131 408
131 441
131 547
132 147
132 160
132 201
132 225
132 359
132 450
132 568
133 296
133 362
133 387
133 430
133 520
134 150
134 497
135 168
135 226
135 286
135 359
136 180
136 198
136 219
136 227
136 229
136 261
137 170
137 321
137 503
138 151
138 187
138 251
138 301
138 380
138 398
138 408
138 442
138 589
139 165
139 432
139 474
140 172
140 229
140 295
140 329
140 376
140 425
140 443
141 188
141 206
141 515
141 532
141 590
142 228
142 267
142 280
142 379
142 586
143 262
143 309
143 356
143 454
143 572
144 470
144 560
145 280
145 348
145 398
145 407
145 476
145 491
146 377
146 384
146 429
146 556
146 557
147 196
147 519
148 257
148 343
148 429
148 519
149 197
149 256
149 301
149 458
149 560
150 310
150 435
151 370
151 434
151 436
151 496
151 517
152 380
152 492
153 194
153 234
153 325
153 522
153 571
155 239
155 276
155 381
155 402
156 306
156 315
156 482
156 522
157 255
157 290
157 304
157 442
158 290
158 440
158 589
159 204
159 242
160 211
160 350
160 353
160 354
160 525
161 176
161 278
161 377
161 507
161 561
161 584
161 594
162 179
163 459
163 572
164 255
164 514
164 566
164 569
165 237
165 278
165 477
166 578
167 232
167 244
167 368
167 464
168 260
168 425
168 486
168 586
169 184
169 310
170 225
170 319
170 362
170 369
170 395
170 559
171 179
171 257
171 279
171 290
171 329
171 371
171 384
171 522
172 396
172 546
173 340
173 369
173 370
173 559
174 229
174 245
174 252
174 290
175 472
175 508
175 538
176 258
176 353
176 522
176 585
177 212
177 230
177 263
177 313
177 579
178 240
178 256
178 413
178 518
179 285
179 468
179 485
179 489
180 237
180 327
180 352
180 401
180 447
181 314
181 327
181 422
181 427
181 500
181 520
182 492
182 544
182 545
182 577
182 596
183 328
183 335
183 513
183 537
183 541
183 593
184 559
184 575
185 339
185 387
186 275
186 443
186 595
187 308
187 584
188 191
188 305
188 308
188 404
188 426
189 226
189 261
189 275
189 465
189 503
189 579
190 191
190 355
190 422
190 502
191 427
191 445
191 488
192 523
192 561
193 523
194 294
194 347
194 498
194 540
195 261
195 287
195 414
195 433
195 452
196 290
196 310
196 434
197 542
198 281
198 336
198 514
199 286
199 481
200 239
200 275
200 479
200 567
202 211
202 362
202 372
202 402
202 445
202 488
202 584
203 230
203 300
203 346
203 565
203 578
204 206
204 247
204 450
204 503
204 582
205 358
205 537
205 544
205 596
206 314
206 392
206 477
206 479
206 548
206 571
206 589
207 239
207 311
207 444
207 500
208 318
208 466
208 534
208 598
209 354
209 443
209 447
209 465
209 508
209 509
210 261
210 331
210 409
210 431
211 298
211 461
211 537
212 302
212 322
212 470
213 324
213 346
213 470
213 531
214 422
214 468
214 543
215 224
215 236
215 260
215 340
215 396
215 458
216 232
216 271
216 272
216 408
216 431
216 440
216 508
216 590
217 518
218 285
218 490
218 537
218 575
219 287
219 444
219 474
219 479
219 527
219 574
219 594
220 364
221 590
222 280
222 319
222 320
222 465
222 537
222 541
222 564
223 292
223 300
223 380
224 340
224 421
224 444
224 466
224 471
225 301
225 552
226 241
226 304
226 504
227 230
227 483
227 562
228 451
228 476
228 497
229 279
229 382
229 387
229 415
229 423
229 456
229 501
229 507
230 235
230 449
230 522
230 586
231 248
231 265
231 313
231 427
231 444
231 455
231 519
231 549
232 260
232 388
233 300
233 342
233 348
233 371
233 518
234 387
234 475
234 507
234 538
235 281
235 292
235 367
235 597
236 365
236 415
236 475
237 368
237 420
237 433
237 463
237 498
238 347
238 488
238 505
239 315
239 360
239 397
239 411
239 481
239 588
240 297
240 314
240 516
240 546
240 590
241 349
241 369
241 387
241 406
242 379
242 486
243 468
243 508
243 510
243 587
244 261
244 339
244 432
244 499
245 251
245 261
245 304
245 406
245 502
246 309
246 328
246 381
246 398
246 419
246 529
246 536
247 276
247 297
247 541
248 302
248 479
248 527
249 348
249 386
249 456
249 488
250 455
250 468
250 548
251 292
251 312
251 354
251 421
251 471
252 264
252 433
252 435
252 520
253 287
253 418
253 448
253 508
253 552
255 299
255 422
255 445
255 506
256 318
256 373
256 432
257 276
257 305
257 554
258 314
258 321
258 347
258 389
258 407
258 513
258 533
258 587
259 386
259 566
259 570
260 277
260 315
260 325
260 449
260 492
260 591
261 312
261 503
261 505
261 535
262 271
263 275
263 354
263 398
263 552
264 266
264 275
264 332
264 336
264 430
264 512
265 396
265 403
266 306
266 369
266 375
266 424
266 439
267 504
267 575
268 272
268 349
268 394
268 442
268 478
268 485
268 540
268 561
269 489
269 509
269 592
270 303
270 369
270 516
270 531
271 290
271 291
271 584
272 280
272 437
272 591
273 329
273 369
273 589
274 513
275 588
276 279
276 322
276 325
276 469
278 384
278 501
279 337
279 382
280 474
280 518
282 297
282 592
283 303
283 378
283 395
284 305
284 457
284 470
284 489
284 524
285 287
285 458
285 478
285 518
285 596
286 597
287 333
288 345
288 461
288 495
288 552
289 312
289 406
289 472
290 370
290 426
290 492
290 562
290 590
291 410
291 430
291 503
292 429
293 446
293 517
293 521
294 376
294 472
294 573
294 598
295 331
295 403
295 429
296 386
296 426
297 394
297 531
297 592
298 581
299 559
299 598
300 374
301 463
301 529
301 580
302 334
302 386
302 423
303 373
303 389
303 463
303 486
304 364
304 429
304 435
304 486
305 362
305 393
305 394
305 406
305 463
305 499
305 523
306 395
306 449
306 489
307 323
307 345
307 499
308 367
308 380
308 466
308 471
309 538
310 472
310 494
311 363
311 524
312 364
312 464
313 431
313 556
313 563
314 356
314 439
314 588
315 323
315 430
315 501
316 473
319 360
320 336
320 458
320 491
321 399
321 409
321 537
321 591
322 331
324 442
324 475
324 501
324 503
324 540
325 409
325 411
325 585
326 405
326 454
326 516
327 374
327 559
328 520
329 330
329 428
330 397
331 391
331 586
333 480
333 523
333 540
334 339
334 364
334 494
335 382
335 404
335 591
336 373
336 475
337 376
337 413
338 344
338 420
339 385
339 441
340 343
340 436
340 573
341 434
341 543
342 380
342 482
342 491
343 409
343 544
344 538
344 599
345 462
345 469
345 472
345 508
346 440
346 456
346 580
348 362
348 389
348 403
348 496
348 509
348 526
348 572
349 350
349 515
350 431
350 478
351 396
351 459
351 576
352 398
352 416
352 460
352 483
352 547
352 559
352 576
353 505
353 527
354 408
354 575
355 390
355 518
356 387
357 369
357 451
358 511
358 541
358 554
359 377
359 419
359 453
359 575
360 459
360 463
361 401
361 431
362 429
363 530
363 537
364 500
364 579
364 587
365 378
365 450
365 542
365 577
366 424
366 501
366 530
366 531
366 562
366 569
367 486
367 597
368 569
370 495
371 408
371 448
371 449
371 485
371 537
372 424
372 556
373 381
373 558
374 470
375 380
376 460
376 491
376 561
377 588
378 388
378 411
378 459
378 500
378 524
378 535
378 587
379 456
380 546
380 594
381 540
381 596
382 421
382 554
383 388
383 426
383 464
384 528
385 428
385 493
385 529
386 503
387 415
387 462
387 514
387 558
388 427
388 436
388 437
388 445
388 471
388 504
389 510
391 579
391 595
392 465
392 505
392 597
393 541
393 572
394 532
394 577
395 416
395 534
396 431
396 505
397 405
397 429
397 529
397 530
397 583
398 403
398 495
398 533
398 544
398 588
399 582
401 424
401 499
401 569
402 580
402 586
403 472
404 510
405 568
406 510
406 517
406 573
406 599
407 436
407 491
407 585
409 539
409 567
411 529
412 548
412 580
413 540
414 459
414 460
414 552
415 488
418 463
418 500
418 577
419 549
419 562
420 558
421 443
421 592
422 456
423 501
423 511
424 449
424 515
424 518
424 591
425 447
425 562
425 596
426 446
426 570
428 544
429 433
429 478
430 447
430 451
430 470
430 563
431 511
431 599
432 559
434 454
434 475
435 520
437 469
437 479
437 551
439 487
440 493
440 579
441 506
442 500
442 559
443 462
443 477
443 541
443 561
444 539
444 555
444 562
444 595
445 579
447 449
447 552
447 598
448 456
450 514
450 593
451 587
451 592
452 474
453 472
453 506
453 518
455 559
458 503
458 597
459 509
459 540
460 471
461 560
462 523
462 578
463 489
465 532
467 494
467 546
469 573
470 515
471 492
472 581
472 591
473 529
473 562
474 524
475 527
476 552
478 513
478 548
479 547
480 495
485 573
486 567
486 598
487 503
487 535
488 552
488 563
489 538
490 538
490 546
490 553
490 568
491 518
491 523
491 542
493 528
493 531
494 496
495 578
499 529
503 546
504 595
505 583
507 527
507 583
509 568
509 594
512 547
514 587
516 549
516 590
519 591
520 534
521 523
523 539
524 534
527 587
531 543
531 571
533 572
535 551
535 591
537 588
539 572
543 557
544 561
545 554
558 568
562 586
568 579
568 586
576 589
582 590
584 587