650
2056
0 38
0 71
0 281
0 302
0 408
0 490
0 539
1 412
1 613
2 44
2 101
2 645
3 60
3 154
3 178
3 371
3 393
3 601
4 138
4 290
4 325
4 352
4 463
4 569
5 30
5 45
5 100
5 138
5 383
5 478
5 496
6 220
6 248
6 373
6 386
6 507
6 578
6 636
7 12
7 145
7 293
7 332
7 366
7 525
7 575
8 87
8 129
8 139
8 211
8 333
8 539
9 70
9 98
9 180
9 285
9 436
9 462
9 548
9 575
10 18
10 121
10 257
10 478
10 613
11 298
11 338
11 405
11 472
11 645
12 18
12 184
12 189
12 257
12 263
12 306
12 335
12 553
12 588
12 649
13 32
13 221
13 302
13 428
13 470
13 566
13 577
13 599
13 647
14 181
14 248
14 364
14 640
15 72
15 75
15 232
15 261
15 352
15 389
15 553
16 44
16 447
17 25
17 163
17 212
17 397
17 408
18 100
18 139
18 228
18 379
18 577
19 33
19 89
19 102
19 154
19 200
19 246
19 273
19 285
19 328
19 408
19 421
19 487
19 506
19 625
20 166
20 365
20 386
20 453
20 496
21 56
21 297
21 396
21 417
21 488
22 385
22 425
22 479
23 34
23 66
23 181
23 185
23 308
23 500
23 539
24 28
24 285
24 363
24 419
24 455
25 208
25 601
26 102
26 187
26 255
26 322
26 444
27 162
27 219
27 351
27 428
27 469
28 117
28 300
28 474
28 523
29 145
29 398
30 83
30 105
30 166
30 182
30 289
30 396
31 104
31 143
31 238
31 584
31 591
31 618
32 133
32 447
33 215
33 224
33 247
33 324
33 514
34 99
34 177
34 403
34 534
34 629
34 637
35 108
35 468
35 503
36 152
36 468
36 552
36 592
36 602
37 100
37 118
37 141
37 160
37 164
37 209
37 245
37 311
37 386
37 456
37 502
38 70
38 490
38 505
38 630
39 56
39 503
39 565
40 69
40 326
40 629
40 637
41 422
41 521
42 173
42 305
42 308
42 362
43 115
43 232
43 432
43 626
44 113
44 123
44 174
44 189
44 342
44 363
44 367
44 491
44 644
45 69
45 250
45 272
45 298
45 478
45 625
46 111
46 198
46 245
46 258
46 290
46 316
46 364
46 466
46 649
47 49
47 267
47 618
48 68
48 311
49 83
49 93
49 124
49 144
49 184
49 284
49 515
49 639
50 145
50 171
50 187
50 258
50 266
50 436
50 449
50 606
51 178
51 240
51 355
51 421
51 487
52 55
52 102
52 246
53 193
53 550
53 638
54 161
54 222
54 273
54 308
54 350
54 387
54 467
54 486
55 151
55 256
55 258
55 388
55 408
55 526
55 589
55 637
56 398
56 472
57 180
57 268
57 386
57 460
57 466
57 567
57 571
58 100
58 195
58 273
58 358
58 360
58 385
58 448
58 562
58 579
59 126
59 130
59 157
59 196
59 265
59 330
59 362
59 381
59 419
59 491
60 122
60 124
60 252
60 255
60 264
60 303
60 333
60 501
60 523
60 531
61 207
61 472
61 540
61 598
62 155
62 393
62 439
62 536
62 559
63 450
63 468
63 483
63 549
63 618
64 535
64 557
64 592
65 157
65 230
65 274
65 384
65 423
65 502
65 510
66 81
66 337
66 348
66 410
66 540
66 543
66 553
67 118
67 159
67 160
67 196
67 237
67 298
67 454
67 615
68 111
68 193
68 219
68 245
68 300
68 348
68 515
68 537
69 99
69 128
69 162
69 167
69 188
69 269
69 293
69 357
69 534
69 565
69 649
70 95
70 131
70 354
70 442
70 639
71 248
71 301
71 433
71 520
72 209
72 270
72 285
72 307
72 420
72 591
73 268
73 380
73 613
73 636
74 132
74 182
74 254
74 291
74 375
74 582
75 124
75 380
75 399
75 518
75 581
75 594
75 614
75 618
76 168
76 377
76 381
76 419
76 533
76 586
77 164
77 311
77 576
78 150
78 432
78 503
78 571
78 584
78 590
79 142
79 156
79 216
79 270
79 487
79 624
80 109
80 303
80 310
80 407
80 426
81 83
81 106
81 112
81 299
81 602
82 133
82 181
82 352
82 442
82 454
82 457
82 627
82 645
83 135
83 163
83 230
83 245
83 293
83 372
83 607
83 622
84 140
84 243
84 283
84 284
84 307
84 309
84 425
84 482
84 490
85 161
85 231
85 453
86 183
86 197
86 275
86 385
86 525
86 577
86 625
87 103
87 133
88 552
88 631
88 642
89 155
89 265
89 349
89 480
89 536
90 135
90 349
90 436
90 509
90 632
91 324
91 342
91 391
91 419
91 436
91 437
91 497
93 216
93 230
93 318
93 322
93 338
93 345
93 346
93 460
93 499
93 583
94 114
94 169
94 217
94 416
94 541
94 635
95 301
95 404
95 474
95 489
96 202
96 516
96 550
97 142
97 187
97 295
97 379
97 443
97 451
97 606
98 140
98 158
98 178
98 197
98 223
98 253
98 366
98 379
98 427
98 530
98 536
99 331
99 352
99 514
99 571
100 302
101 267
101 302
102 263
102 285
102 360
102 609
102 630
103 292
103 508
103 546
104 161
104 167
104 226
104 331
104 340
104 638
105 152
105 245
105 316
105 491
105 535
105 565
106 177
106 283
106 292
106 311
106 504
106 546
106 557
106 628
107 174
107 248
107 293
107 298
107 496
107 590
108 112
108 117
108 196
108 452
109 142
109 515
109 606
110 181
110 210
110 226
110 273
110 350
110 375
110 407
110 441
110 450
111 249
111 297
111 339
111 354
111 411
111 632
112 148
112 378
112 394
112 432
112 494
113 121
113 308
113 331
113 467
113 546
114 151
114 340
114 362
114 454
114 577
115 174
115 238
115 299
115 383
115 406
115 444
116 277
116 339
116 377
116 583
116 604
116 613
116 628
116 641
117 211
117 250
117 261
117 300
117 578
118 145
118 171
118 203
118 250
118 296
118 383
118 534
119 325
119 530
119 550
119 571
120 169
120 282
120 288
120 490
120 503
120 524
120 537
121 158
121 204
121 339
122 271
122 460
122 635
122 641
123 136
123 162
123 191
123 343
123 446
123 586
123 590
124 145
124 276
124 292
124 373
124 431
124 487
125 153
125 239
125 276
125 292
125 432
125 479
125 515
125 594
125 633
126 149
126 189
126 349
126 463
126 559
127 315
127 418
127 435
127 474
127 517
127 523
128 191
128 194
128 259
128 277
128 320
128 346
128 496
128 538
128 582
128 646
129 282
129 415
129 637
130 251
130 283
130 361
130 495
131 197
131 359
131 600
132 478
132 493
132 495
133 244
133 336
133 339
133 468
133 534
134 427
134 440
134 553
134 646
135 164
135 584
136 137
136 386
136 518
136 576
136 607
136 612
137 205
137 307
137 460
138 274
138 280
138 342
138 414
138 459
138 475
139 146
139 487
139 605
140 159
140 237
140 339
140 383
141 192
141 204
141 220
141 237
141 359
141 406
141 503
141 625
141 640
142 180
142 242
142 274
142 294
142 347
142 389
142 527
142 609
143 241
143 374
143 375
143 377
143 620
143 648
144 197
144 332
144 417
144 420
144 491
144 514
145 497
145 563
146 185
146 300
146 434
146 513
147 163
147 185
147 273
147 373
147 440
147 443
147 474
147 528
148 162
148 307
148 329
148 640
149 210
149 238
149 366
149 423
149 577
150 260
150 284
150 326
150 571
151 399
152 233
152 257
152 286
152 452
152 478
152 563
153 161
153 230
153 242
153 365
153 551
153 599
154 238
154 271
154 281
154 379
154 418
154 472
154 564
155 240
155 263
155 362
155 433
155 542
156 323
156 398
156 428
156 574
156 588
157 259
157 270
157 284
157 353
157 568
157 571
157 572
157 574
158 174
158 217
158 329
158 521
158 524
159 211
159 417
159 632
160 356
161 223
161 335
161 345
161 540
161 622
161 642
162 178
162 267
162 283
162 434
162 509
162 566
162 633
163 174
163 252
163 280
163 296
163 610
163 645
164 250
164 381
164 530
164 580
164 590
164 594
164 617
164 634
165 202
165 293
165 406
165 564
165 648
166 225
166 266
166 426
166 444
166 484
166 542
167 267
167 392
167 416
167 530
168 279
168 285
168 507
168 578
169 252
169 375
169 629
170 201
170 363
170 398
170 566
170 569
170 580
170 609
171 206
171 210
171 224
171 249
171 361
171 376
171 420
171 562
172 206
172 348
172 582
173 219
173 364
173 499
173 509
173 518
173 544
173 638
174 298
174 323
174 347
174 637
175 335
175 349
175 599
176 209
176 251
176 375
176 393
176 552
176 576
176 641
177 209
177 266
177 523
177 569
178 201
178 213
178 218
178 502
178 540
178 587
178 599
178 614
178 648
179 222
179 271
179 322
180 462
180 516
180 530
181 235
181 253
181 349
181 415
181 433
181 489
181 561
181 621
182 308
182 331
182 353
182 495
182 504
183 222
183 264
183 364
183 489
183 513
184 453
185 210
185 212
185 234
185 347
185 435
185 504
185 544
185 560
185 562
186 216
186 318
186 361
186 419
186 540
186 611
187 228
187 356
187 474
187 540
187 567
187 570
189 222
189 325
189 574
189 616
189 625
190 218
190 488
190 594
191 198
191 400
191 567
191 625
192 277
192 394
192 405
192 581
192 648
193 208
193 223
193 232
193 413
193 421
193 532
193 556
194 249
194 315
194 337
194 376
194 395
194 531
195 336
195 345
195 403
195 494
195 570
196 228
196 480
197 407
197 466
197 476
197 531
197 584
198 239
198 244
198 253
198 520
198 532
198 556
199 293
199 432
200 272
200 284
200 286
201 274
201 474
202 294
202 380
202 568
202 647
203 423
203 467
203 597
203 602
203 607
204 210
204 250
204 277
204 351
204 448
204 451
204 574
205 268
205 281
205 312
205 373
205 432
205 513
206 264
206 368
206 519
207 254
207 281
207 419
208 237
208 243
208 249
208 299
208 302
208 352
209 221
209 230
209 494
210 554
210 615
211 229
211 336
211 370
211 391
211 489
211 580
212 257
212 351
212 553
212 612
212 629
213 421
213 649
214 215
214 262
214 296
214 475
214 523
214 525
214 604
214 646
215 219
215 223
215 404
215 412
215 468
215 531
215 535
215 546
215 552
215 640
216 217
216 231
216 323
216 504
217 249
217 314
217 405
217 411
217 432
217 471
218 238
218 429
218 580
218 616
219 258
219 325
219 467
219 479
219 504
219 527
219 607
219 624
220 336
220 344
220 482
221 305
221 318
221 321
221 352
221 356
221 417
221 521
221 577
221 588
221 591
221 630
222 388
222 490
222 566
222 569
222 605
223 501
223 576
224 240
224 501
224 603
225 330
225 371
225 403
225 557
225 558
226 367
226 387
227 312
227 424
227 561
227 640
228 395
228 443
229 250
229 400
229 517
230 355
230 497
231 240
231 253
231 331
231 386
231 394
231 472
232 257
232 293
232 306
232 547
232 604
233 237
233 276
233 472
233 617
233 638
234 245
234 409
235 515
235 590
236 359
236 403
236 610
237 290
237 545
238 245
238 377
238 466
238 544
238 626
239 248
239 396
239 447
239 471
239 573
240 485
240 500
240 596
240 621
241 246
241 456
241 549
242 476
242 477
242 508
242 552
242 585
242 629
243 287
243 322
243 327
243 363
243 386
243 408
243 489
244 406
244 484
244 505
244 591
244 597
245 645
246 281
246 333
246 370
246 396
246 513
246 534
246 613
247 525
248 300
248 308
248 527
248 538
248 596
248 619
249 294
249 391
249 497
250 500
250 574
251 451
251 561
252 336
252 617
253 314
253 335
253 352
253 364
254 430
254 438
254 574
254 584
255 308
255 393
255 440
255 512
255 519
255 637
256 305
256 318
256 331
256 340
256 456
256 492
257 272
257 285
257 325
257 390
257 436
257 455
257 538
258 354
258 363
258 401
258 416
258 568
259 525
259 544
259 555
259 575
259 632
260 264
260 270
260 314
260 358
260 361
260 496
261 300
261 467
261 632
262 302
262 353
262 449
263 310
263 314
263 323
263 333
263 375
263 419
263 447
264 347
264 590
264 600
265 384
265 584
266 355
266 385
267 432
267 485
267 565
268 318
268 391
268 526
269 390
269 541
270 278
270 484
270 493
271 404
271 503
271 560
271 626
272 316
272 576
272 638
273 376
273 477
273 496
275 376
275 424
275 586
276 490
276 500
276 515
276 603
276 648
277 340
277 488
277 496
277 587
278 405
278 447
278 487
278 626
279 294
279 361
279 409
279 463
279 545
279 611
280 327
280 448
280 577
280 623
281 296
281 307
281 310
281 336
282 375
283 296
283 373
283 529
283 581
284 344
284 433
284 597
284 625
285 332
285 435
285 544
286 400
286 402
286 437
286 612
286 641
287 448
287 613
288 360
288 394
288 574
288 629
289 291
289 382
289 482
289 557
290 300
290 326
290 345
290 373
290 434
290 488
291 312
291 340
291 403
291 459
291 619
292 326
292 327
292 337
292 373
292 544
293 332
293 397
293 413
293 562
294 467
294 498
295 390
295 439
295 464
295 529
295 531
295 569
295 619
295 620
296 344
296 363
297 415
297 518
297 594
298 386
298 413
298 423
298 509
298 612
299 310
299 337
299 445
299 462
299 488
299 504
299 562
299 626
300 555
300 648
301 343
301 352
301 409
301 482
301 499
301 513
302 309
302 336
302 382
302 447
302 500
303 329
303 571
303 617
304 564
305 503
306 331
306 340
306 407
306 510
306 516
306 625
306 645
308 444
308 464
308 465
308 468
308 540
308 605
309 316
309 345
309 415
309 492
309 536
309 581
309 593
310 540
310 621
311 463
311 489
311 602
311 603
312 328
312 512
312 537
312 577
312 624
313 444
313 478
313 495
313 523
314 361
314 399
314 477
314 525
315 472
315 590
316 327
316 346
316 377
316 458
316 465
316 493
316 617
316 637
317 322
317 371
317 384
317 507
317 607
318 406
319 334
320 439
320 599
321 502
322 409
323 474
323 506
323 530
324 330
324 455
325 332
325 386
325 405
325 427
325 553
325 592
325 645
326 354
326 563
327 356
327 358
327 423
327 474
327 519
327 538
328 460
328 475
328 497
328 540
328 614
329 354
329 601
330 344
330 363
330 515
330 589
330 607
330 631
330 641
331 546
331 613
331 619
332 339
332 366
332 447
332 565
332 588
333 389
333 392
333 400
333 434
334 336
334 507
334 529
335 458
335 595
335 599
335 601
336 354
336 361
336 388
336 495
336 637
337 464
337 578
338 491
339 462
339 463
339 555
339 599
339 604
339 611
340 381
340 484
340 505
340 566
341 643
342 410
342 613
342 616
343 563
343 591
344 368
344 447
344 454
344 543
344 557
344 599
345 493
345 580
345 606
346 377
346 597
346 630
347 375
347 384
347 388
347 614
348 541
349 499
351 559
351 568
352 528
352 599
352 639
353 355
353 357
353 486
353 552
354 524
355 447
355 498
355 598
356 500
358 447
358 594
359 594
360 480
360 604
361 369
361 394
361 516
363 478
364 458
364 488
364 529
364 568
365 434
365 515
365 525
365 528
365 542
365 645
366 468
367 466
367 481
367 501
367 590
368 433
368 445
368 598
369 433
369 515
369 518
369 529
370 503
370 643
371 504
371 553
371 638
372 452
372 493
372 498
372 544
373 374
373 499
374 462
374 469
374 593
374 644
375 433
375 537
376 465
376 493
376 641
377 550
377 613
377 622
379 412
379 510
379 530
380 428
380 437
380 484
381 647
382 444
382 541
383 419
383 483
383 643
384 385
384 404
384 531
384 582
385 409
385 581
386 511
386 622
388 422
388 432
388 478
388 611
388 627
388 648
389 570
390 418
390 437
390 505
391 393
391 485
391 573
392 502
392 562
392 598
393 439
393 591
394 530
395 403
395 607
396 565
397 559
397 582
399 470
400 410
400 436
400 595
401 530
401 565
401 644
402 474
403 433
403 573
403 599
403 637
404 414
404 421
404 501
404 550
404 559
405 629
405 640
406 527
406 585
406 596
408 415
408 426
408 461
409 473
409 587
409 626
410 499
411 449
411 569
411 579
412 548
413 456
413 579
414 428
414 597
415 487
415 588
415 637
415 639
417 439
417 637
418 430
419 497
419 506
420 443
420 572
420 598
421 549
421 614
422 438
422 444
422 625
422 627
423 547
424 443
424 498
424 606
424 626
425 542
426 431
427 499
427 525
428 436
428 516
429 508
429 646
430 436
430 598
430 600
431 458
431 482
431 587
432 480
432 572
432 612
433 497
433 647
434 482
434 561
434 589
435 532
435 624
436 473
436 558
436 621
437 457
437 464
437 491
437 568
439 539
439 612
440 603
440 607
441 518
442 570
442 599
443 499
444 489
444 503
444 555
447 458
447 583
448 496
448 516
448 567
448 647
449 546
449 611
450 460
450 480
450 638
451 588
452 600
453 512
454 493
454 598
455 534
455 585
456 490
457 618
457 641
457 645
458 570
458 585
458 594
459 482
460 550
460 560
460 590
461 476
461 497
461 585
462 632
463 607
465 512
465 524
465 546
465 616
466 473
467 499
468 480
468 484
469 582
470 507
470 572
471 561
472 504
472 535
472 602
473 494
473 540
473 577
473 601
474 510
474 517
474 566
475 584
476 510
477 519
477 521
477 628
479 503
479 640
482 506
483 485
483 618
483 623
484 524
487 545
487 627
488 563
488 568
489 516
489 530
491 496
493 612
494 535
495 522
495 543
496 604
497 528
498 514
498 574
498 594
502 523
502 548
503 523
506 562
507 631
507 639
507 647
508 623
509 599
510 527
510 603
510 611
511 649
512 517
513 580
514 515
514 531
515 581
515 628
516 551
517 600
518 520
519 548
519 618
522 584
523 526
524 562
525 622
526 588
528 564
528 599
528 606
530 581
530 607
530 628
530 648
531 558
531 591
532 620
533 633
534 610
534 624
535 574
536 586
540 622
541 556
542 587
542 590
542 620
542 639
543 634
544 625
545 566
546 627
548 628
549 639
550 616
550 632
551 596
551 600
553 575
555 589
556 558
558 579
559 585
560 573
560 602
562 591
564 565
566 591
569 581
569 615
569 628
571 591
577 583
580 588
580 614
590 616
590 629
590 641
591 592
591 608
592 593
594 612
594 632
596 648
600 612
606 636
607 618
608 638
610 624
617 634
618 629
624 637
632 635
634 640
635 642
637 648
639 645