700
2465
0 10
0 168
0 215
0 351
0 377
1 106
1 155
1 310
1 342
1 388
1 575
1 687
2 288
2 337
2 576
2 644
3 246
3 250
3 258
3 264
3 325
3 355
4 45
4 66
4 122
4 292
4 622
5 14
5 48
5 237
5 295
5 431
5 434
5 628
5 680
6 250
6 262
6 278
6 290
6 385
6 552
6 636
7 44
7 82
7 86
7 345
7 573
8 19
8 56
8 281
8 368
8 406
8 597
8 663
8 687
9 95
9 145
9 163
9 233
9 263
9 525
9 529
9 537
10 297
10 418
11 137
11 145
11 163
11 230
11 344
11 593
11 596
11 611
11 627
12 103
12 120
12 136
12 227
12 296
12 389
12 413
12 572
12 678
13 37
13 46
13 190
13 250
13 261
13 296
13 398
13 461
13 659
13 674
14 48
14 78
14 137
14 160
14 387
14 610
14 648
14 657
15 134
15 463
15 496
16 147
16 150
16 391
16 608
16 614
17 27
17 104
17 300
17 412
17 426
17 509
17 543
17 666
18 66
18 117
18 513
18 559
18 603
18 695
19 57
19 187
19 237
19 396
19 416
19 446
19 456
19 483
19 527
19 532
19 599
19 627
19 687
20 24
20 84
20 201
20 307
20 486
20 581
20 606
21 44
21 123
21 128
21 347
21 404
21 480
21 548
21 553
21 607
21 619
22 242
22 421
22 549
22 602
23 112
23 158
23 183
23 276
23 321
23 401
23 422
23 423
23 454
23 463
23 588
23 594
23 673
24 38
24 261
24 618
25 40
25 161
25 180
25 361
25 492
25 572
25 668
26 74
26 184
26 271
26 328
26 333
26 356
26 357
26 663
26 687
27 188
27 433
27 506
27 625
27 647
27 658
28 252
28 375
28 613
29 161
29 216
29 263
29 379
29 380
29 692
30 88
30 98
30 232
30 254
30 370
30 392
30 508
30 557
30 678
30 688
31 53
31 236
31 247
31 280
31 513
31 518
31 564
31 576
32 227
32 526
32 598
33 96
33 257
33 383
33 453
33 560
33 573
33 615
33 655
33 667
34 246
34 465
34 497
34 568
34 693
35 537
35 597
35 682
36 148
36 166
36 435
36 438
36 493
36 534
36 563
36 604
36 665
37 76
37 214
37 217
37 312
37 393
37 498
38 56
38 184
38 253
38 405
38 534
38 618
38 663
38 664
38 682
39 115
39 213
39 384
39 505
40 117
40 204
40 396
40 583
40 646
40 654
41 237
41 398
41 472
42 283
42 507
42 612
43 225
43 279
43 361
43 396
43 420
43 568
44 74
44 178
44 234
44 377
44 510
44 540
44 571
44 612
45 219
45 302
45 329
45 442
45 545
45 598
45 661
46 87
46 88
46 220
46 304
46 399
46 405
46 416
46 489
46 566
46 636
47 326
47 562
48 52
48 76
48 89
48 142
48 157
48 248
48 384
48 532
48 604
49 71
49 214
49 323
49 454
49 517
49 543
49 642
50 117
50 224
50 274
50 430
50 517
50 602
50 616
50 621
50 638
50 666
51 61
51 71
51 249
51 271
51 412
51 454
52 341
52 361
52 408
52 644
53 131
53 138
53 313
53 426
53 479
53 526
53 678
54 70
54 340
54 374
54 640
55 255
55 401
55 491
55 496
55 514
55 573
55 600
55 602
55 612
56 139
56 149
56 367
56 479
56 687
56 690
57 174
57 255
57 447
57 475
57 490
57 567
57 594
57 602
58 321
58 430
58 469
58 638
58 648
59 111
59 155
59 584
60 129
60 248
60 290
60 432
60 460
60 509
60 575
60 622
60 636
60 637
61 129
61 142
61 192
61 198
61 200
61 207
61 522
61 528
61 548
61 557
62 187
62 244
62 367
62 417
62 470
62 483
62 633
62 661
63 117
63 149
63 178
63 225
63 329
63 496
63 689
64 71
64 164
64 268
64 288
64 334
64 670
65 114
65 127
65 219
65 291
65 458
65 516
65 588
66 111
66 159
66 212
66 300
66 415
67 95
67 129
67 172
67 249
67 263
67 380
67 390
67 597
67 608
67 645
68 180
68 192
68 203
68 348
68 670
68 683
69 155
69 271
69 438
69 443
69 590
69 653
69 657
70 104
70 127
70 155
70 374
70 376
70 393
70 681
70 698
71 135
71 144
71 281
71 286
71 305
71 459
71 672
72 203
72 377
72 386
72 626
73 168
73 251
73 299
73 355
73 430
73 552
74 162
74 182
74 209
74 240
74 287
74 323
74 456
74 494
74 526
74 589
74 628
74 643
74 687
75 192
75 367
75 399
75 422
75 449
75 655
76 80
76 203
76 349
76 390
76 505
76 585
76 650
76 665
77 91
77 106
77 174
77 437
77 495
78 270
78 305
78 372
78 480
78 547
78 699
79 111
79 165
79 198
79 435
79 445
80 345
80 353
80 398
80 422
80 510
81 130
81 359
81 501
81 560
81 572
82 110
82 121
82 131
82 351
82 372
82 433
82 456
83 100
83 190
83 205
83 340
83 391
83 428
83 430
83 431
83 510
83 530
84 208
84 341
84 406
84 452
84 464
84 560
84 678
85 105
85 144
85 316
85 385
85 421
85 616
85 642
86 194
86 200
86 227
87 172
87 177
87 237
87 242
87 466
87 484
87 628
88 107
88 143
88 151
88 326
88 557
88 638
88 662
89 95
89 155
89 180
89 249
89 261
89 285
89 584
89 590
90 207
90 209
90 210
90 388
90 499
90 602
90 612
90 682
91 224
91 237
91 392
91 439
91 575
91 624
92 568
92 634
93 439
94 414
94 442
94 599
94 682
95 241
95 457
95 628
96 331
96 339
96 407
96 423
96 687
97 111
97 231
97 258
97 308
97 393
97 402
97 446
97 645
98 260
98 345
98 543
99 112
99 403
99 431
100 226
100 228
100 304
100 354
100 408
100 552
101 170
101 413
101 531
102 277
102 471
102 523
102 553
102 652
103 183
103 556
103 617
103 647
104 305
104 336
104 481
104 500
104 563
105 110
105 119
105 153
105 166
105 219
105 305
105 503
105 557
105 645
106 111
106 320
106 581
106 619
106 642
106 656
107 193
107 245
107 334
107 395
107 459
107 627
107 646
108 126
108 232
108 293
108 317
108 465
108 595
108 634
109 149
109 221
109 280
109 309
109 327
109 386
109 411
109 471
110 306
110 394
110 435
110 439
110 466
110 641
110 686
111 114
111 258
111 404
111 438
111 491
111 502
111 619
112 153
112 201
112 263
112 349
112 584
112 600
112 672
113 160
113 587
113 637
114 120
114 225
114 363
114 429
114 505
114 517
114 550
114 561
114 661
115 472
116 286
116 523
116 589
116 658
117 430
117 437
117 460
117 505
118 123
118 170
118 193
118 534
118 540
118 637
119 187
119 286
119 412
119 466
119 662
120 232
120 241
120 334
120 689
121 170
121 295
121 344
121 403
121 455
121 658
122 316
122 347
122 495
122 612
122 638
122 653
123 146
123 353
123 575
124 126
124 292
124 345
124 527
124 698
125 163
125 192
125 222
125 334
125 357
125 378
125 414
125 439
125 448
125 452
126 242
126 272
126 491
126 542
126 640
127 424
127 478
127 520
127 523
127 647
127 677
128 129
128 160
128 197
128 289
128 369
128 384
128 440
128 594
128 606
128 607
128 655
129 309
129 314
129 364
129 498
129 597
129 625
130 151
130 339
130 537
130 612
130 682
131 332
131 377
131 388
131 406
131 420
131 426
131 541
131 580
131 615
131 679
132 153
132 534
132 558
132 663
133 147
133 196
133 204
133 347
133 474
133 521
133 638
134 234
134 259
134 274
134 488
135 177
135 466
135 489
136 181
136 226
136 259
136 315
136 372
136 493
136 658
136 682
137 154
137 243
137 271
137 375
137 378
137 419
137 556
138 476
138 549
138 683
139 149
139 160
139 193
139 544
139 557
139 631
139 690
140 294
140 315
140 443
140 445
140 471
140 509
140 535
141 226
141 256
141 325
141 578
141 584
141 629
142 172
142 216
142 316
142 339
142 593
142 599
143 222
143 352
143 390
143 674
144 179
144 211
144 461
144 463
144 559
144 573
145 168
145 171
145 277
145 322
145 393
145 422
145 603
145 640
146 182
146 298
146 386
146 396
147 361
147 396
147 398
147 573
147 670
147 672
147 683
148 151
148 185
148 228
148 347
148 429
148 432
149 160
149 193
149 209
149 281
149 284
149 335
149 340
149 414
149 473
149 568
149 655
150 237
150 246
150 566
150 628
151 208
151 291
151 292
151 395
151 409
151 421
151 502
151 680
152 167
152 268
152 421
152 455
152 576
152 659
153 229
153 487
153 679
153 682
154 216
154 275
154 282
154 516
154 583
154 586
154 641
155 279
155 300
155 589
155 597
155 625
156 178
156 343
156 366
156 378
156 385
156 479
156 518
156 635
156 669
156 688
157 497
157 669
157 691
158 402
158 432
159 200
159 439
159 499
159 543
159 557
160 177
160 197
160 326
160 541
160 584
161 251
161 429
161 442
161 539
161 685
162 218
162 237
162 242
162 449
163 360
163 395
163 683
164 254
164 283
164 509
164 514
164 523
165 291
165 333
165 475
165 547
165 552
166 197
166 417
166 478
166 694
166 698
167 170
167 199
167 483
167 486
168 195
168 243
168 357
168 454
168 472
168 507
168 617
169 180
169 250
169 462
169 489
169 509
169 513
169 563
169 583
171 415
171 475
171 492
171 582
171 622
171 640
172 356
172 428
172 522
172 578
172 670
173 197
173 415
173 613
173 651
173 670
174 183
174 362
174 656
175 210
175 224
175 262
175 301
175 316
175 345
175 444
175 543
175 595
175 600
175 679
176 211
176 259
176 363
176 413
176 521
176 632
177 335
177 412
177 417
177 474
177 592
178 313
178 341
178 426
178 460
178 561
178 607
179 260
179 287
179 290
179 352
179 399
179 456
179 471
179 517
179 525
179 553
179 605
179 616
180 264
180 313
181 221
181 260
181 262
181 348
181 404
181 472
181 486
181 594
182 326
182 526
182 645
183 254
183 460
184 240
184 466
185 330
185 341
185 408
186 263
186 336
186 371
186 379
186 408
186 617
187 362
187 392
187 575
187 658
187 659
187 687
188 189
188 356
188 385
188 412
188 462
188 634
189 316
189 572
189 610
190 191
190 242
190 370
190 435
190 507
190 618
190 668
191 206
191 235
191 292
191 354
192 205
192 206
192 240
192 397
192 537
192 544
192 596
192 627
193 243
193 280
193 308
193 314
193 396
193 423
194 250
194 374
194 430
194 436
194 504
194 532
194 535
194 661
194 670
195 209
195 336
195 350
195 402
195 553
195 620
195 637
195 654
196 231
196 380
196 582
197 239
197 264
197 379
198 323
198 414
198 458
198 459
198 646
198 661
199 267
199 344
199 370
199 423
199 460
199 512
199 515
199 569
199 580
199 594
199 621
200 228
200 349
201 202
201 207
201 215
201 261
201 415
201 434
201 564
201 684
202 332
202 383
202 613
203 365
203 520
203 601
204 339
204 531
204 549
204 623
205 224
205 240
205 327
205 337
205 369
205 425
205 520
205 559
205 626
206 246
206 335
206 576
206 623
206 649
207 303
207 331
207 345
207 490
207 511
208 326
208 534
208 540
209 401
209 408
209 409
209 503
209 512
210 418
210 562
210 569
211 449
211 497
211 606
211 681
212 576
212 593
213 462
213 595
214 335
214 372
214 433
214 499
214 531
214 545
214 550
215 329
215 540
215 634
216 263
216 513
216 569
216 588
216 696
217 297
217 345
217 422
217 489
217 526
218 374
218 523
218 605
218 606
219 409
219 605
219 662
220 409
220 622
220 667
221 326
221 353
221 435
221 528
221 600
222 337
222 395
222 428
222 525
222 526
222 540
222 646
223 233
223 267
223 279
223 290
223 484
223 634
223 679
224 266
224 310
224 379
224 576
225 252
225 309
225 681
225 697
226 260
226 359
226 386
226 484
226 535
226 595
227 271
227 317
227 331
227 343
227 443
227 480
228 311
228 339
228 508
228 567
229 422
230 293
230 323
230 389
230 393
231 255
231 431
231 464
231 478
232 442
232 598
232 667
233 266
233 275
233 315
234 295
234 384
234 547
234 670
234 693
235 334
235 343
235 467
235 528
235 590
235 606
235 616
236 374
236 426
236 452
236 467
236 476
236 512
236 607
236 640
236 689
237 257
237 363
237 455
237 565
237 587
237 622
237 663
238 425
238 579
238 610
238 664
239 328
239 399
239 561
239 661
240 293
240 317
240 352
240 479
240 592
241 309
241 401
241 666
242 342
242 584
243 252
243 325
243 507
243 579
243 584
244 315
244 493
244 528
244 590
245 246
245 386
245 473
245 527
245 566
245 574
246 261
246 311
246 329
246 359
246 382
246 468
246 506
246 601
246 699
247 250
247 314
247 483
247 500
248 380
248 473
248 597
249 309
249 315
249 638
250 277
250 672
251 469
251 659
251 693
252 276
252 304
252 406
252 410
252 677
253 275
253 412
253 434
253 469
254 259
254 343
254 386
254 470
254 637
255 295
255 342
255 456
255 538
255 579
255 581
256 290
256 432
256 572
256 672
257 265
257 500
257 512
257 565
257 627
258 412
258 462
258 486
258 512
258 608
258 665
259 436
259 493
259 611
259 636
260 298
260 350
260 373
260 422
260 429
260 469
261 290
261 353
261 391
261 395
261 465
261 558
262 367
262 390
262 391
262 396
262 398
262 414
262 538
263 595
264 319
264 396
264 404
264 504
264 509
264 606
264 617
265 374
265 581
266 358
266 523
266 677
267 306
267 370
267 393
267 481
267 529
267 638
268 384
268 445
268 447
268 518
268 575
268 587
269 549
269 576
269 584
269 631
269 691
270 277
270 301
270 396
270 528
270 575
271 302
271 507
271 561
271 577
271 606
271 658
272 504
273 453
273 471
273 505
273 547
273 591
274 299
274 462
275 295
275 355
275 406
275 482
275 496
275 691
276 279
276 403
276 436
276 562
276 691
277 450
277 490
277 593
278 480
278 606
278 612
279 295
279 317
279 340
279 372
279 379
279 382
279 393
279 403
279 590
280 395
280 453
280 623
280 641
280 645
280 655
281 297
282 393
282 422
282 504
282 523
282 534
282 634
282 642
283 436
283 609
283 626
283 636
284 372
284 630
285 360
285 374
285 446
285 538
285 648
286 296
286 413
286 475
286 686
287 330
287 559
287 570
288 328
288 594
288 666
289 391
289 658
289 664
290 405
290 574
290 635
290 662
291 347
291 433
291 446
291 469
292 314
292 418
292 478
292 623
292 648
293 295
293 423
293 466
293 650
294 544
294 687
294 689
295 347
295 594
296 300
296 335
296 517
296 636
296 656
297 357
297 492
297 595
297 653
298 483
298 524
298 580
298 581
298 687
299 439
299 448
299 623
300 330
300 385
300 431
300 460
300 537
300 633
300 658
301 472
301 563
301 663
302 395
302 474
302 572
303 397
303 416
303 440
303 555
303 636
304 315
304 466
304 497
304 521
304 584
305 355
305 430
305 574
305 669
305 685
306 403
306 421
306 469
306 545
306 580
307 373
307 396
307 442
307 615
307 659
308 564
309 351
309 411
309 466
309 514
309 520
310 385
310 561
311 416
311 443
311 517
312 365
312 395
312 693
313 424
313 650
314 411
314 417
314 458
314 595
314 649
314 659
315 330
316 345
316 411
316 617
316 641
317 376
317 460
317 480
317 521
317 535
317 656
318 371
318 440
318 596
318 645
318 661
318 672
319 497
320 385
320 453
320 513
320 559
320 670
320 678
321 452
321 471
322 381
322 418
322 538
323 325
323 336
323 345
323 399
323 407
323 523
323 676
323 680
324 461
324 493
324 563
324 612
325 394
325 459
325 496
325 605
326 335
326 368
326 405
326 486
326 508
327 463
327 549
327 625
327 626
328 373
329 360
329 500
330 371
330 411
330 511
330 669
330 692
330 699
332 376
332 598
333 372
333 431
333 592
334 382
334 493
334 534
334 593
334 611
334 613
335 441
335 615
336 562
336 620
336 624
337 461
337 464
337 532
337 597
337 665
338 447
338 542
338 544
338 616
338 665
339 587
339 623
340 491
340 538
340 640
340 687
341 361
341 364
341 385
341 452
341 583
341 626
341 631
342 351
342 439
342 455
342 477
342 544
343 682
344 383
344 633
344 685
345 436
345 475
345 640
346 453
346 671
346 688
347 362
347 543
347 653
348 386
348 638
348 662
349 454
349 562
350 453
350 458
350 524
350 531
350 596
350 685
351 541
351 564
351 584
351 634
351 696
352 424
352 534
352 619
353 438
353 478
353 533
353 668
354 528
354 547
355 454
355 584
355 636
356 371
356 408
356 461
356 476
357 409
357 415
357 451
357 484
357 537
358 495
359 427
359 488
359 527
360 383
360 546
360 593
360 640
360 692
361 615
362 661
362 676
362 687
363 621
363 692
364 579
364 596
364 609
365 406
365 499
365 537
365 593
366 373
366 493
366 649
367 447
367 567
367 579
367 678
368 584
368 647
369 404
369 457
369 671
369 675
369 676
370 488
370 518
371 384
371 567
371 577
371 590
372 456
372 638
372 656
372 660
373 418
373 487
373 535
373 543
373 633
374 512
374 646
376 405
376 412
376 419
376 529
376 557
377 383
377 416
377 422
377 424
377 428
377 443
377 601
378 387
378 419
378 629
379 387
379 388
379 420
379 442
379 566
379 630
379 694
380 384
380 432
380 439
380 529
380 596
381 400
381 470
381 498
381 500
381 501
381 635
381 652
382 424
382 444
382 550
382 633
384 601
385 424
385 503
385 504
385 524
386 394
386 616
387 422
387 508
387 545
387 571
388 402
388 489
388 565
388 691
389 569
390 537
390 542
390 584
390 600
390 666
391 428
391 433
391 466
393 413
393 421
393 499
393 501
393 517
393 556
393 611
393 672
394 414
394 427
394 509
394 658
395 571
396 407
396 448
396 557
397 452
398 408
398 419
398 545
398 597
398 641
398 650
399 448
399 462
399 556
399 674
400 447
400 495
400 550
400 632
401 543
401 554
401 638
402 421
402 542
402 640
403 496
403 616
403 662
403 687
404 441
404 524
404 624
404 644
404 648
405 418
405 537
405 640
406 407
406 413
406 488
406 495
406 510
406 581
406 635
406 668
408 467
408 523
409 466
409 499
409 582
410 499
410 587
410 670
411 655
412 513
412 516
412 560
413 416
413 460
413 551
413 577
413 594
414 448
414 490
414 520
414 590
415 511
415 586
416 437
416 481
417 615
418 684
419 469
419 510
419 546
419 576
419 584
419 607
419 648
419 672
420 434
420 474
421 517
421 602
422 595
423 578
423 601
423 620
423 633
424 443
424 690
425 495
425 524
425 625
425 659
425 677
426 555
426 629
427 552
427 649
427 685
427 695
428 684
429 607
429 681
430 437
430 566
430 666
430 680
431 471
431 564
431 585
432 634
432 676
433 575
433 630
433 647
434 521
434 625
434 631
435 438
435 620
435 623
436 505
436 681
437 600
438 551
438 572
439 471
439 639
440 499
441 585
441 593
441 604
442 669
444 594
444 661
444 698
445 449
445 453
445 515
445 658
446 469
446 616
446 638
446 656
447 449
447 456
447 550
447 640
448 513
448 688
449 483
449 605
450 464
450 508
450 632
451 473
451 547
451 646
453 526
453 677
454 455
454 461
454 546
455 543
455 562
455 609
455 628
455 691
456 552
456 609
456 685
457 498
458 628
459 502
460 662
461 476
461 480
461 487
461 498
461 611
461 678
461 698
463 480
463 517
463 550
463 604
463 682
464 527
464 646
465 525
465 608
466 512
466 538
466 635
466 668
466 679
467 544
467 618
467 640
467 646
467 690
468 532
468 558
468 631
469 512
469 514
469 629
470 489
470 554
470 603
471 577
471 610
472 496
472 558
472 567
473 643
473 671
476 505
478 677
479 577
481 609
482 502
482 541
482 584
482 657
483 534
484 492
484 617
485 654
485 685
486 536
486 553
486 577
486 595
486 686
487 624
488 516
488 534
488 627
488 663
488 667
489 500
489 501
489 549
490 597
490 603
490 661
491 548
491 612
491 665
492 552
492 634
492 669
493 536
493 551
493 565
493 623
493 644
493 669
493 697
494 566
494 699
495 542
495 683
495 695
496 544
496 679
498 506
498 635
498 663
499 503
499 518
499 634
499 689
500 670
502 523
503 620
503 630
503 647
504 574
505 608
506 516
506 637
506 692
507 651
508 534
508 618
509 550
509 659
509 697
511 557
511 667
512 599
513 593
514 525
515 673
516 564
516 666
517 527
517 643
518 539
518 552
518 629
519 606
519 628
519 693
520 630
520 664
521 630
522 688
523 631
523 646
525 692
526 673
527 651
528 542
529 636
529 689
530 551
530 604
530 641
531 606
531 638
532 587
532 608
532 616
532 651
532 664
533 549
533 672
534 555
534 567
534 691
536 538
536 604
536 691
537 694
538 597
538 623
539 633
541 638
542 596
542 601
542 634
542 676
544 583
545 648
546 579
546 624
546 640
546 644
548 665
548 694
549 619
550 551
552 590
553 555
553 657
554 624
554 634
554 669
555 696
556 560
556 612
558 574
558 639
559 574
559 586
560 606
560 694
561 602
561 698
562 564
563 567
563 622
566 570
566 682
568 599
568 629
568 671
569 670
571 642
571 674
573 582
573 638
574 588
574 643
574 678
575 666
576 624
577 630
577 677
577 691
578 685
581 664
582 628
583 596
584 655
585 689
586 623
587 669
587 698
591 678
592 615
592 654
593 640
593 697
594 628
594 633
595 661
595 673
596 607
597 647
599 642
600 648
606 612
607 660
609 657
610 633
610 690
611 679
612 671
613 641
613 692
616 687
617 627
617 667
617 688
617 689
618 641
618 672
619 661
619 696
621 648
621 663
625 668
626 631
626 662
626 685
627 698
628 662
629 677
630 652
630 690
631 649
631 685
631 692
632 664
632 669
634 640
635 670
636 662
639 657
640 660
641 684
642 675
643 644
651 653
658 697
659 663
666 679
666 693
688 694
694 696