750
2776
0 67
0 126
0 204
0 223
0 371
0 415
0 550
0 628
0 671
1 213
1 323
1 475
1 546
1 563
1 626
1 702
2 138
2 318
2 352
2 586
2 639
2 696
3 7
3 152
3 272
3 299
3 314
3 348
3 361
3 475
4 183
4 565
4 622
4 749
5 114
5 292
5 319
5 746
6 12
6 67
6 91
6 121
6 188
6 189
6 238
6 261
6 339
6 589
6 612
6 665
6 696
7 85
7 183
7 204
7 346
7 360
7 385
7 555
7 595
7 596
7 697
7 717
7 744
8 154
8 186
8 269
8 332
8 363
8 398
8 402
8 585
8 631
9 162
9 372
9 507
9 519
9 583
9 724
10 167
10 292
10 393
10 667
11 105
11 126
11 165
11 323
11 329
11 374
11 577
11 669
11 730
12 66
12 140
12 214
12 221
12 293
12 308
12 359
12 580
12 595
13 43
13 58
13 76
13 121
13 203
13 248
13 286
13 297
13 455
13 489
13 683
13 725
14 41
14 257
14 338
14 403
14 405
14 431
14 517
14 541
14 569
14 679
15 59
15 154
15 176
15 274
15 372
15 414
15 645
15 689
16 69
16 99
16 145
16 160
16 512
16 613
17 170
17 252
17 313
17 357
17 594
17 610
17 677
18 153
18 185
18 235
18 298
18 590
18 704
19 308
19 361
19 485
20 25
20 147
20 202
20 370
20 552
20 662
21 127
21 146
21 192
21 239
21 285
21 298
21 483
21 660
21 737
22 54
22 327
22 378
22 485
22 618
22 621
22 653
23 119
23 266
23 596
23 613
23 631
23 695
24 80
24 264
24 265
24 290
24 323
24 415
24 477
24 573
24 679
24 746
25 165
25 190
25 303
25 359
25 400
25 444
25 451
25 536
25 627
25 657
25 669
26 86
26 148
26 327
27 193
27 428
27 440
27 486
27 580
27 701
27 702
28 33
28 218
28 220
28 526
28 533
28 534
28 601
28 638
28 655
28 700
29 160
29 288
29 325
29 547
29 585
29 658
29 695
29 701
30 41
30 94
30 197
30 283
30 298
30 455
30 513
30 578
31 278
31 290
31 474
31 668
32 35
32 223
32 326
32 508
32 510
32 636
32 688
33 61
33 134
33 204
33 295
33 417
33 565
33 661
33 736
34 154
34 306
34 357
34 445
34 460
34 602
34 631
35 125
35 290
35 299
35 456
35 531
35 621
36 188
36 325
36 378
36 420
36 522
36 697
36 703
36 722
37 365
37 382
37 494
37 620
38 274
38 442
38 607
38 618
38 636
39 47
39 115
39 129
39 186
39 248
39 360
39 435
39 538
40 139
40 170
40 337
40 398
40 421
40 464
40 508
40 615
41 45
41 193
41 202
41 268
41 313
41 445
41 451
41 646
42 95
42 198
42 553
42 628
43 80
43 136
43 252
43 356
43 420
43 460
43 480
43 587
43 723
44 113
44 364
44 515
44 523
44 545
44 556
44 614
44 648
45 61
45 233
45 287
45 360
45 476
45 544
45 622
46 220
46 528
46 650
46 652
46 664
46 702
47 172
47 273
47 292
47 298
47 441
48 193
48 468
48 611
48 638
48 703
49 162
49 387
49 434
49 556
49 686
49 724
50 420
50 479
50 492
50 523
50 609
50 677
50 731
51 74
51 92
51 94
51 216
51 336
51 448
51 486
51 500
51 632
52 116
52 162
52 210
52 239
52 241
52 544
52 627
53 74
53 269
53 421
53 477
53 743
54 63
54 117
54 133
54 151
54 174
54 188
54 200
54 206
54 343
54 385
54 594
55 215
55 245
55 320
55 341
55 622
55 638
55 692
55 695
55 710
56 106
56 205
56 211
56 309
56 314
56 324
56 467
56 505
56 576
56 616
56 675
56 689
57 216
57 255
57 354
57 401
57 479
57 493
57 624
57 711
57 715
58 200
58 234
58 542
58 667
59 112
59 118
59 210
59 279
59 548
59 694
59 696
60 119
60 201
60 207
60 345
60 350
60 431
60 729
60 734
60 735
61 129
61 288
61 453
61 565
61 580
61 643
61 682
61 743
62 271
62 287
62 414
62 577
62 592
62 749
63 196
63 244
63 278
63 489
63 609
63 676
64 109
64 195
64 208
64 432
64 464
64 497
64 515
64 551
64 568
64 609
64 651
64 697
64 722
64 739
65 101
65 372
65 471
65 530
65 579
65 648
66 118
66 148
66 232
66 282
66 408
66 431
66 539
66 663
66 707
66 713
67 441
67 689
67 702
68 367
68 510
68 635
69 322
69 398
69 405
69 466
69 484
69 616
69 629
69 649
70 286
70 449
70 509
70 622
71 265
71 471
71 521
71 560
71 713
72 124
72 423
72 449
72 736
73 93
73 144
73 725
74 107
74 297
74 300
74 344
74 378
74 456
74 460
74 611
75 146
75 158
75 232
75 262
75 518
75 662
76 166
76 286
76 308
76 350
76 396
76 540
77 211
77 214
77 261
77 484
78 106
78 285
78 377
78 437
78 660
79 137
79 400
79 427
80 260
80 307
80 545
80 657
80 659
80 726
81 321
81 332
81 357
81 441
81 474
81 516
81 540
81 563
82 198
82 204
82 242
82 277
82 359
82 445
82 458
82 662
83 270
83 426
83 428
83 553
84 257
84 333
84 351
84 355
84 729
85 120
85 121
85 145
85 158
85 214
85 222
85 414
85 458
85 467
85 501
86 179
86 357
86 418
86 480
86 667
87 198
87 217
87 247
87 287
87 342
87 411
87 651
87 746
88 180
88 276
88 383
88 513
88 615
88 661
88 727
89 201
89 231
89 326
89 359
89 417
89 704
89 726
90 124
90 261
90 290
90 324
90 530
90 731
91 383
91 408
91 451
91 515
91 591
91 597
91 720
92 117
92 221
92 249
92 489
93 118
93 138
93 153
93 175
93 241
93 432
93 522
93 529
93 579
93 662
93 703
94 173
94 284
94 593
94 615
94 668
94 712
95 97
95 166
95 175
95 297
95 355
95 383
95 385
95 650
95 654
95 677
96 147
96 207
96 242
96 295
96 399
96 424
96 582
96 604
97 437
97 471
97 510
97 533
97 535
97 555
97 636
97 743
98 199
98 200
98 222
98 316
98 363
98 590
99 180
99 197
99 217
99 749
100 156
100 261
100 283
100 301
100 595
100 739
101 182
101 208
101 221
101 279
101 373
101 490
101 566
101 697
101 740
102 217
102 284
102 325
102 448
102 522
102 526
102 586
103 148
103 189
103 205
103 255
103 275
103 425
103 459
103 462
103 493
103 575
103 599
103 735
104 235
104 419
104 613
105 147
105 195
105 405
105 479
105 595
105 620
105 666
105 711
106 113
106 155
106 422
106 535
106 589
106 596
106 657
106 674
106 683
106 701
107 241
107 472
107 500
107 580
107 614
107 644
107 678
108 130
108 228
108 377
108 459
108 581
108 604
108 675
108 729
108 742
109 145
109 286
109 569
109 595
109 635
109 668
109 672
109 736
110 335
110 351
110 541
110 566
110 578
110 584
111 148
111 172
111 202
111 284
111 310
111 346
111 489
111 616
112 200
112 254
112 593
112 710
112 728
113 177
113 210
113 227
113 369
113 372
113 493
113 538
113 587
113 603
114 478
114 586
114 717
115 234
115 258
115 304
115 470
115 561
115 572
115 708
116 125
116 259
116 313
116 518
116 691
117 133
117 155
117 171
117 255
117 436
118 295
118 357
118 467
118 692
118 744
119 231
119 262
119 327
119 645
119 646
119 674
120 202
120 312
120 359
120 369
120 502
120 678
121 316
121 416
122 586
122 589
122 744
123 154
123 283
123 383
123 421
123 449
123 585
123 647
124 245
124 442
124 585
124 693
125 252
125 298
125 459
125 526
125 580
126 150
126 155
126 183
126 201
126 203
126 395
126 481
126 538
126 560
127 298
127 349
127 353
127 401
127 416
127 608
127 629
128 223
128 299
128 335
128 337
128 435
128 487
128 535
128 543
128 632
128 693
129 160
129 174
129 202
129 434
129 454
129 626
130 279
130 305
130 696
130 706
131 301
131 322
131 375
131 648
132 199
132 295
132 319
132 613
133 269
133 323
133 414
133 582
133 587
133 603
133 661
133 746
134 190
134 236
134 332
135 208
135 220
135 729
136 151
136 184
136 336
136 470
136 486
137 282
137 389
137 582
137 686
138 254
138 269
138 413
138 427
138 480
138 532
138 548
138 613
138 636
139 211
139 556
139 573
139 682
139 748
140 222
140 225
140 240
140 264
140 291
140 326
140 423
140 440
140 463
140 528
140 607
140 642
141 451
141 494
141 607
141 669
142 181
142 271
142 286
142 403
142 552
142 554
142 629
142 688
142 716
143 195
143 244
143 354
143 362
143 385
143 488
143 551
143 610
144 186
144 296
144 303
144 323
144 340
144 345
144 385
144 537
144 597
145 244
145 300
145 343
145 365
145 500
145 535
145 537
145 573
145 747
146 174
146 251
146 317
146 404
146 445
146 495
146 502
146 555
146 556
146 592
146 666
147 156
147 321
147 361
147 440
147 509
147 526
147 581
147 606
148 167
148 244
148 569
148 621
148 711
149 384
149 438
149 450
149 581
149 697
149 712
150 254
150 337
150 376
150 416
150 450
150 542
150 692
150 696
150 746
151 393
151 399
151 503
152 273
152 354
152 385
152 529
153 439
153 444
153 495
153 559
153 634
154 388
154 521
154 601
155 218
155 317
155 404
156 300
156 441
156 482
157 198
157 350
157 365
157 369
157 373
157 425
157 557
157 579
157 592
157 602
157 638
157 645
157 731
158 200
158 481
158 566
159 188
159 321
159 353
159 453
159 510
159 747
160 272
160 455
160 457
160 536
160 683
161 192
161 207
161 211
161 268
161 318
161 404
161 529
161 602
161 633
161 667
161 711
161 739
162 170
162 294
162 324
162 416
162 436
162 538
162 586
162 628
162 639
162 651
162 726
163 405
164 223
164 268
164 417
164 430
164 499
164 514
164 658
164 680
164 714
164 725
165 199
165 279
165 569
166 187
166 213
166 229
166 287
166 328
166 346
166 419
166 422
166 507
167 190
167 259
167 505
168 272
168 440
168 455
168 499
168 577
168 678
168 719
169 361
169 422
169 564
169 698
169 711
170 226
170 317
170 361
170 377
170 459
170 614
171 362
171 378
171 391
171 460
171 482
171 566
171 583
172 197
172 467
172 685
172 740
173 345
173 485
173 487
173 634
173 646
173 663
174 540
174 626
174 645
174 685
175 360
175 550
175 749
176 186
176 206
176 279
176 513
176 535
176 569
176 689
176 716
177 722
178 390
178 495
178 507
178 580
178 616
178 735
180 436
180 529
180 661
180 672
181 222
181 397
181 627
181 654
182 342
182 384
182 419
182 507
182 630
183 301
183 325
183 342
183 419
183 434
183 441
183 681
183 746
184 267
184 289
184 326
184 348
184 374
184 381
184 403
184 426
184 447
184 567
184 639
184 695
184 735
185 283
185 292
185 367
185 439
186 331
186 499
187 201
187 251
187 356
187 419
187 441
187 468
187 607
187 627
188 289
188 343
188 410
188 670
189 256
189 333
189 380
189 495
189 552
189 658
189 685
190 254
190 547
190 572
190 636
191 539
192 397
192 528
192 552
192 627
193 227
193 271
193 350
193 555
193 592
194 205
195 296
195 348
195 510
195 581
195 586
195 594
195 641
195 650
196 199
196 206
196 330
196 336
196 385
196 501
196 521
196 594
196 650
196 723
197 485
197 591
197 607
197 649
197 656
198 276
198 391
198 492
198 528
199 272
199 307
199 400
199 469
200 205
200 339
200 464
200 482
200 622
200 652
200 741
201 248
201 443
201 462
201 478
202 266
202 360
202 371
202 503
202 519
202 733
203 498
203 517
203 529
204 451
204 463
204 509
204 612
204 645
204 739
205 213
205 378
205 428
206 334
206 339
206 360
206 390
206 653
206 714
207 399
207 564
207 636
207 648
207 721
208 375
208 505
208 546
208 550
208 551
208 625
209 314
209 332
209 456
209 742
210 388
210 530
210 581
210 675
210 695
211 265
211 442
211 596
211 648
211 732
212 342
212 588
212 659
212 714
212 732
213 423
213 510
213 671
214 232
214 416
214 590
214 648
214 690
215 241
215 294
215 416
215 541
216 299
216 596
217 374
217 419
217 447
217 648
217 707
218 226
218 285
218 291
218 491
218 542
218 606
218 667
218 690
219 237
219 425
219 431
219 493
220 420
220 429
220 440
220 471
220 634
221 272
221 350
221 413
221 434
221 522
221 639
221 666
221 697
222 512
222 603
222 726
223 254
223 293
223 326
223 392
223 413
223 628
223 704
224 445
224 589
224 710
225 233
225 271
225 285
225 516
225 626
225 641
225 721
226 289
226 329
226 348
226 406
226 458
226 477
226 604
226 606
226 641
226 734
227 262
227 271
227 329
227 399
227 570
227 678
228 378
228 448
228 576
228 699
228 744
229 267
229 402
229 404
229 436
229 676
229 717
230 243
230 314
230 558
230 708
231 339
231 420
231 467
231 482
231 631
231 650
232 537
232 679
233 476
233 529
233 639
234 274
234 358
234 375
234 419
234 588
234 684
235 237
235 440
235 442
235 627
236 579
236 632
237 637
237 736
238 275
238 345
238 404
238 448
238 474
238 544
238 575
239 309
239 385
239 487
239 610
239 662
240 324
240 485
240 537
240 540
240 566
240 616
241 311
241 334
241 451
241 517
241 594
241 607
241 720
242 385
242 424
242 447
242 542
243 273
243 508
243 660
244 374
244 455
244 498
244 656
244 661
245 261
245 383
246 277
246 325
246 345
246 369
246 467
247 253
247 270
247 290
247 451
247 504
247 515
247 583
247 674
247 730
248 321
248 341
248 352
248 419
248 475
248 562
249 366
249 383
249 403
249 437
249 448
249 468
249 522
249 539
249 699
249 701
249 733
250 267
250 314
250 322
250 378
250 391
250 510
250 526
250 655
250 657
250 729
251 270
251 300
251 637
251 709
251 736
252 259
252 404
252 588
252 593
252 671
253 266
253 315
253 503
253 589
253 708
254 498
254 533
254 689
255 366
255 380
255 382
255 597
256 394
256 467
256 561
257 449
257 535
257 623
257 690
258 293
258 322
258 362
258 418
258 447
258 474
258 489
258 608
258 737
259 334
259 448
259 513
259 554
259 573
260 301
260 313
260 369
260 451
260 469
260 578
260 619
261 306
261 314
261 451
261 553
261 607
261 677
261 698
262 295
262 435
262 593
262 725
262 742
263 610
263 726
264 313
264 451
264 461
264 515
264 516
264 517
264 624
264 628
265 625
266 277
266 311
266 570
266 617
267 463
267 560
267 602
267 647
267 652
267 688
267 697
268 284
268 409
268 481
268 533
268 590
268 665
268 679
269 299
269 461
269 468
269 563
269 587
270 524
270 599
270 644
270 663
271 334
271 462
271 706
272 343
272 456
272 595
273 438
273 598
273 651
274 339
274 378
274 509
274 557
274 595
274 728
275 276
275 480
276 325
276 328
276 360
276 496
276 540
276 641
277 355
277 368
277 395
277 461
278 321
278 520
278 589
278 698
279 311
279 412
279 445
279 472
279 503
279 507
279 541
279 621
280 558
280 693
281 331
281 446
281 527
281 598
281 604
281 630
282 312
282 415
282 539
283 349
283 432
283 553
283 568
283 575
283 743
284 318
284 647
284 677
285 316
285 372
285 390
285 492
285 643
285 704
286 388
286 473
286 540
286 651
287 497
287 663
288 343
288 421
288 463
288 547
288 605
289 292
289 302
289 632
290 307
290 554
290 699
290 728
291 302
291 333
291 491
291 654
291 712
292 344
292 494
292 637
293 479
293 554
293 625
293 656
294 444
294 621
294 646
294 726
295 303
295 412
295 523
295 546
295 574
295 625
295 632
295 695
296 311
296 325
296 360
296 605
297 547
298 395
298 436
298 598
298 698
299 508
299 553
299 601
299 716
300 513
300 559
300 641
301 547
301 691
301 749
302 357
302 379
302 544
302 558
302 560
302 579
302 648
302 649
302 698
302 705
303 462
303 527
303 619
303 652
303 736
304 326
304 440
304 661
305 307
305 335
305 476
305 671
306 434
306 628
306 665
306 677
307 448
308 449
308 574
309 364
309 683
309 733
310 382
310 450
310 464
310 537
310 643
310 710
310 736
310 744
311 349
311 437
311 533
311 717
312 346
312 431
313 444
313 465
314 430
314 516
314 549
314 670
315 442
315 477
315 487
315 509
315 539
315 684
316 359
316 491
316 524
316 647
317 511
317 693
317 742
317 747
318 332
318 541
318 588
318 678
319 480
319 562
319 692
320 378
320 558
321 370
321 496
321 617
321 621
322 373
322 541
322 553
322 569
322 597
323 459
323 518
323 550
323 646
324 702
325 340
325 391
325 398
325 457
325 665
326 440
326 597
326 713
326 718
327 347
327 405
327 414
327 460
327 478
327 570
327 575
327 731
328 395
328 472
328 665
329 658
329 744
330 384
330 499
330 678
330 716
330 733
331 457
331 569
331 606
331 667
331 679
332 349
332 614
332 637
333 336
333 348
333 472
333 488
333 527
333 598
333 617
333 623
334 359
334 378
335 482
335 495
336 469
336 485
336 518
336 721
337 528
337 537
337 542
337 720
337 726
338 469
338 483
338 575
338 602
338 673
338 678
338 714
339 351
339 389
339 594
339 607
340 361
340 607
340 744
341 718
341 736
342 498
342 626
343 389
343 424
343 732
343 734
344 587
344 641
345 673
346 693
346 728
346 745
347 366
347 528
347 602
347 631
347 644
347 672
347 713
348 383
348 451
348 513
348 522
348 599
348 604
348 627
348 677
349 350
349 359
349 479
349 555
350 663
351 610
351 635
351 729
352 532
352 643
353 364
353 442
353 599
354 499
355 524
355 625
355 707
356 405
356 459
356 462
356 541
356 584
356 643
357 376
357 613
357 636
357 703
358 587
358 610
359 476
359 480
359 505
359 662
360 640
361 618
361 645
361 692
361 703
362 379
362 393
362 449
362 710
363 453
363 744
364 645
365 393
365 439
365 457
365 562
365 568
366 367
366 373
366 492
366 635
366 683
367 492
367 676
368 371
368 413
368 444
368 495
368 497
368 531
368 577
369 411
369 569
369 595
369 735
370 378
370 394
370 500
370 602
370 614
371 419
371 497
371 524
371 744
372 466
372 683
373 654
373 662
373 688
374 482
374 584
374 643
374 684
374 733
375 436
375 542
375 572
375 712
375 714
376 381
376 452
376 457
376 510
376 515
376 551
376 615
376 658
377 469
378 446
378 569
378 624
378 696
379 402
379 512
379 648
380 415
380 429
380 447
380 475
380 639
380 682
381 450
381 460
381 490
381 584
381 710
381 741
382 409
382 410
382 463
382 519
382 631
382 645
383 578
383 602
383 623
383 665
384 541
384 589
384 728
385 462
385 563
386 501
386 502
386 621
387 400
387 475
387 673
388 393
388 400
388 458
389 621
389 723
389 726
389 746
390 427
390 608
390 640
390 721
391 603
391 687
392 409
392 426
392 465
392 492
392 558
393 439
393 552
393 579
394 512
394 542
394 565
395 432
395 490
395 508
396 412
397 398
397 416
397 618
398 470
398 546
398 610
398 635
399 439
399 526
399 546
399 605
399 636
400 434
400 437
400 502
400 580
401 686
402 463
402 554
402 716
403 627
403 673
403 713
404 610
404 718
405 558
405 712
407 468
407 636
407 692
408 414
408 437
408 557
409 487
410 609
410 639
410 696
411 458
411 463
411 484
411 701
412 517
412 545
413 429
413 461
413 620
413 705
413 732
414 608
414 647
414 679
414 725
415 424
415 573
415 640
415 652
415 661
415 697
416 432
416 549
416 575
416 617
417 567
418 514
418 591
418 686
418 693
419 428
419 466
420 589
420 607
420 693
421 504
421 592
421 607
422 521
422 556
423 480
423 486
423 510
424 571
424 634
424 732
425 496
425 628
425 633
426 427
426 429
426 552
426 560
426 617
426 724
427 460
427 473
427 632
427 642
428 440
428 454
428 461
428 473
428 526
428 589
428 709
429 489
429 612
429 617
431 491
431 542
432 461
432 580
433 555
433 578
433 580
433 682
434 535
434 565
434 722
435 501
435 536
435 574
436 664
437 507
437 620
438 512
438 573
438 662
438 694
439 544
439 550
439 712
439 729
439 732
439 747
440 538
440 650
441 457
441 586
442 447
442 651
443 558
443 591
443 628
443 658
443 746
444 538
444 649
444 653
444 739
445 468
445 575
445 576
446 456
446 693
447 558
447 716
447 728
448 553
448 614
448 668
449 531
449 542
449 570
449 623
449 629
449 734
450 537
450 555
450 589
450 607
451 577
451 619
452 461
452 468
452 506
452 548
452 603
452 665
452 666
452 745
453 475
453 620
453 658
453 723
454 666
454 669
455 581
455 713
456 457
456 588
456 641
456 706
456 738
456 744
457 471
457 556
457 692
457 720
457 740
458 574
458 689
458 749
459 576
460 461
460 500
460 558
460 587
460 689
460 717
460 737
461 477
461 498
461 645
461 656
462 553
462 601
462 606
462 719
463 635
463 684
463 685
464 563
464 612
465 527
465 544
466 555
466 682
467 700
467 726
468 523
468 539
468 613
468 652
468 684
469 571
469 634
469 723
470 531
470 588
470 641
470 726
471 511
471 568
471 720
472 515
472 536
474 560
474 584
474 589
474 647
475 672
476 518
476 554
476 601
477 493
477 511
477 528
478 512
478 582
478 616
479 510
479 539
480 548
480 583
480 684
480 743
482 549
482 666
483 518
483 566
483 603
484 583
484 721
485 554
485 561
485 645
485 669
486 515
486 621
486 635
486 720
487 497
487 503
488 510
488 526
488 681
488 691
489 493
489 511
489 544
489 554
490 715
491 575
491 582
491 608
491 660
492 512
492 566
492 685
492 703
493 605
493 691
493 711
494 509
494 512
494 536
494 608
494 706
495 555
496 502
497 561
497 590
498 499
498 540
498 586
498 684
498 716
498 724
500 541
500 619
500 639
500 683
500 723
501 747
502 595
502 635
502 742
503 564
503 635
504 580
504 604
504 748
505 566
505 678
506 583
506 596
507 591
507 625
507 680
507 748
508 532
510 554
510 674
510 677
510 691
510 714
511 556
511 571
511 710
511 716
512 607
513 536
513 638
513 746
514 581
514 648
514 649
514 684
514 697
514 709
514 744
515 579
515 624
516 701
517 654
517 680
518 580
519 713
520 553
520 630
520 668
520 675
520 677
521 581
522 561
524 619
525 565
525 605
525 744
526 619
527 663
528 530
528 545
528 609
528 625
528 651
528 725
529 644
529 677
529 709
530 534
531 582
531 725
532 705
533 621
533 626
533 699
534 597
535 620
536 560
537 585
537 723
538 607
539 588
539 607
539 678
539 718
539 732
540 560
540 568
541 554
541 660
541 723
542 710
543 692
543 711
544 548
544 551
544 639
545 654
546 579
546 589
546 694
547 557
547 578
547 608
547 666
548 558
548 604
548 728
548 740
549 621
550 651
551 588
551 678
551 744
552 608
552 711
553 595
553 702
553 716
554 570
556 633
557 651
557 694
557 699
557 728
558 616
558 624
558 640
559 674
559 743
561 564
561 578
561 660
561 727
562 699
563 565
563 590
563 634
563 648
563 732
565 695
565 696
565 715
566 681
566 709
566 739
566 743
567 666
567 696
567 715
570 611
570 648
570 656
571 682
572 613
572 617
574 578
574 593
574 690
574 709
574 721
575 703
576 577
577 647
577 678
577 683
578 722
578 744
579 689
580 654
580 703
581 719
582 618
583 633
585 598
585 657
586 731
587 606
588 660
588 733
590 722
591 653
593 709
594 654
594 744
596 624
596 660
596 733
597 743
599 631
600 746
602 631
602 642
602 721
606 619
606 643
606 745
607 608
608 644
608 658
609 629
609 641
609 688
610 628
610 652
610 711
611 706
612 649
612 669
614 657
615 620
615 649
615 662
615 701
615 744
616 737
617 655
618 733
618 742
618 743
620 687
620 744
621 622
621 669
621 678
621 725
622 730
622 743
623 649
623 684
623 729
623 730
624 630
625 665
625 737
627 630
627 698
630 689
631 632
631 691
631 694
632 704
632 728
633 688
633 712
634 706
635 738
636 643
638 661
638 692
639 656
639 693
640 657
641 643
641 674
642 682
642 698
643 728
643 743
644 733
647 745
648 653
648 674
649 705
649 744
650 652
650 687
650 749
651 702
652 693
652 708
652 736
652 741
655 695
658 706
659 682
659 720
660 671
660 706
661 684
662 707
665 684
665 714
666 741
667 676
668 682
671 694
673 730
677 697
679 691
680 702
680 730
681 696
681 705
682 710
682 730
684 729
685 706
693 721
696 742
697 726
700 711
700 717
704 735
705 731
706 749
708 729
719 723
721 744
724 735
727 733
732 739
739 747