800
3219
0 175
0 211
0 288
0 346
0 405
0 681
0 721
0 723
1 107
1 208
1 221
1 429
2 54
2 87
2 121
2 155
2 162
2 289
2 325
2 426
2 534
2 541
2 637
2 694
2 771
3 113
3 229
3 272
3 550
3 725
3 732
4 29
4 185
4 218
4 320
4 344
4 389
4 402
4 678
4 735
4 777
4 796
5 58
5 106
5 219
5 232
5 371
5 499
5 501
5 727
5 785
5 791
6 76
6 479
6 494
6 776
7 62
7 138
7 399
7 549
7 639
8 59
8 65
8 82
8 201
8 238
8 367
8 448
8 461
8 519
8 531
8 700
8 709
9 181
9 550
9 583
9 584
9 649
9 782
9 789
10 44
10 242
10 264
10 290
10 318
10 633
11 93
11 158
11 223
11 321
11 327
11 396
11 399
11 535
11 625
11 748
12 167
12 385
12 458
12 496
12 635
12 697
13 45
13 110
13 205
13 446
13 584
13 722
13 743
14 233
14 294
14 409
15 78
15 161
15 275
15 426
15 486
15 703
15 747
16 44
16 96
16 263
16 348
16 364
16 399
16 539
16 615
16 624
16 717
17 349
17 416
17 579
17 748
17 756
18 22
18 47
18 142
18 195
18 207
18 210
18 592
18 602
18 740
18 750
19 25
19 26
19 32
19 101
19 208
19 230
19 327
19 377
19 458
19 508
19 534
19 584
20 161
20 165
20 362
20 363
20 465
20 482
20 531
20 534
20 570
20 655
20 722
21 185
21 368
21 513
21 552
21 594
21 703
22 80
22 150
22 166
22 480
22 505
22 525
22 735
23 27
23 231
23 382
23 385
23 615
23 649
23 653
23 737
24 32
24 210
24 390
24 412
24 416
24 449
25 61
25 168
25 386
25 457
25 504
25 507
25 657
25 660
25 670
25 699
26 42
26 105
26 160
26 172
26 292
26 309
26 495
26 784
27 47
27 185
27 497
27 748
28 67
28 75
28 251
28 362
28 376
28 420
28 637
29 75
29 98
29 186
29 187
29 189
29 207
29 357
29 508
29 535
29 596
29 653
29 735
30 93
30 100
30 363
30 487
30 607
30 629
30 634
30 684
31 69
31 214
31 358
31 401
31 454
31 489
31 558
31 569
31 732
32 96
32 161
32 366
32 474
32 577
32 709
32 793
33 78
33 95
33 397
33 438
33 552
33 770
34 205
34 513
34 768
35 50
35 129
35 203
35 206
35 210
35 461
35 508
35 582
35 606
35 773
36 86
36 88
36 100
36 129
36 274
36 645
36 719
37 132
37 301
37 379
37 474
37 552
37 583
37 633
37 649
37 724
38 43
38 94
38 292
38 337
38 379
38 457
38 511
38 673
38 776
39 48
39 129
39 432
39 477
39 623
39 632
40 100
40 190
40 225
40 238
40 243
40 251
40 372
40 609
40 738
41 94
41 257
41 403
41 579
41 764
42 231
42 379
42 389
42 436
42 476
42 562
42 668
42 701
42 780
43 52
43 243
43 321
43 424
43 577
44 121
44 144
44 185
44 248
44 312
44 361
44 441
44 566
44 655
44 705
44 713
44 755
44 783
45 72
45 151
45 245
45 393
45 458
46 153
46 181
46 196
46 300
46 329
46 400
46 564
46 704
46 744
47 104
47 114
47 239
47 258
47 302
47 411
47 412
47 498
47 502
47 523
47 525
47 589
47 633
47 641
47 728
47 784
48 263
48 395
48 419
48 445
48 508
48 644
48 646
48 713
48 786
49 61
49 140
49 236
49 291
49 623
49 789
50 353
50 409
50 584
50 664
51 56
51 97
51 400
51 427
51 496
51 573
51 675
51 768
52 180
52 454
52 547
52 562
53 403
53 541
53 552
53 631
53 739
54 115
54 249
54 252
54 581
54 622
54 627
55 170
55 226
55 263
55 305
55 764
55 794
56 83
56 90
56 186
56 213
56 280
56 282
56 400
56 428
56 505
56 619
56 626
56 639
56 702
57 140
57 246
57 517
58 81
58 86
58 93
58 177
58 364
58 375
58 514
58 556
58 590
58 734
58 763
59 278
59 399
59 588
59 623
59 628
59 709
59 768
59 791
60 137
60 292
60 484
61 202
61 251
61 284
61 346
61 373
61 380
61 446
61 466
61 646
61 781
61 796
62 75
62 177
62 371
62 425
62 448
62 483
62 540
62 565
63 110
63 145
63 310
63 321
63 436
63 504
63 681
63 790
64 408
64 417
64 493
64 669
64 711
64 722
65 230
65 246
65 318
65 349
65 597
65 606
65 699
65 711
65 754
65 794
66 216
66 297
66 320
66 347
66 361
66 381
66 510
66 559
66 611
66 732
66 767
67 233
67 355
67 593
67 625
67 749
68 141
68 312
68 376
68 613
69 184
69 188
69 217
69 414
69 424
69 616
70 203
70 237
70 250
70 612
70 620
70 634
70 716
70 786
71 181
71 351
71 443
72 125
72 238
72 280
72 281
72 307
72 480
72 632
72 644
72 671
72 697
73 106
73 169
74 286
74 342
74 347
74 362
74 365
74 421
74 468
74 583
74 611
74 614
74 745
75 375
75 402
75 404
75 449
75 543
75 550
75 643
75 740
76 199
76 311
76 400
76 405
76 481
76 786
77 90
77 191
77 309
77 450
77 478
77 675
77 678
78 104
78 169
78 210
78 356
78 367
78 464
78 518
78 578
78 776
79 606
79 725
80 112
80 222
80 262
80 336
80 380
80 507
80 799
81 291
81 488
81 588
81 664
81 682
82 318
82 335
82 378
82 409
82 547
82 651
82 734
82 777
83 104
83 285
83 466
83 538
84 129
84 222
84 334
84 335
84 337
84 430
84 605
84 626
84 628
84 640
84 735
84 789
85 278
85 291
85 577
85 593
86 336
86 460
86 483
87 143
87 319
87 434
87 502
87 555
87 568
87 624
87 723
87 730
87 751
87 776
87 799
88 299
88 463
88 712
89 374
89 488
89 516
89 540
89 715
89 796
90 396
90 455
90 475
90 570
90 672
90 713
90 791
91 233
91 249
91 262
91 303
91 367
91 418
91 497
91 625
91 727
92 245
92 434
92 485
92 681
93 425
93 471
93 586
93 611
93 646
93 792
94 158
94 204
94 363
94 505
94 703
94 782
95 161
95 217
95 325
95 358
95 394
95 474
95 641
95 778
96 347
96 355
96 398
96 418
96 457
96 619
96 683
96 714
97 142
97 245
97 273
97 299
97 423
97 512
97 533
97 557
97 606
97 677
98 302
98 342
98 355
98 412
98 483
98 549
98 573
99 110
99 150
99 268
99 367
99 468
99 470
99 581
99 790
100 113
100 183
100 232
100 238
100 245
100 251
100 322
100 363
100 392
100 455
100 643
100 678
100 688
101 268
101 689
102 220
102 295
102 646
102 699
102 702
102 712
102 733
102 783
103 135
103 215
103 286
103 332
103 339
103 620
103 737
103 746
104 113
105 260
105 297
105 316
105 319
105 380
105 422
106 159
106 400
106 404
106 424
106 607
106 660
106 663
106 674
106 760
107 130
107 311
107 347
107 379
107 444
107 456
107 478
107 565
107 575
107 594
107 614
107 671
108 200
108 207
108 266
108 271
108 356
108 417
108 770
109 230
109 293
109 416
109 420
109 534
109 589
109 592
109 595
109 673
109 676
110 157
110 359
110 413
110 515
110 546
110 567
110 736
111 164
111 199
111 230
111 298
111 299
111 423
111 488
112 134
112 187
112 273
112 277
112 407
112 537
112 653
112 666
112 721
112 741
112 793
113 210
113 550
113 633
113 636
113 716
114 135
114 248
114 329
114 394
114 407
114 448
114 467
114 564
114 653
114 707
115 371
115 515
115 668
115 763
115 794
116 240
116 314
116 381
116 425
116 504
116 743
116 789
117 239
117 248
117 304
117 424
117 690
117 729
118 318
118 526
118 640
118 663
119 156
119 185
119 237
120 143
120 220
120 345
120 429
120 482
120 498
120 622
120 641
120 649
120 699
120 703
121 160
121 253
121 281
121 366
121 374
121 795
122 167
122 195
122 462
122 476
122 517
123 251
123 314
123 315
123 333
123 395
123 641
124 151
124 191
124 327
124 601
124 603
124 677
125 141
125 272
125 298
125 556
125 631
125 641
125 720
126 232
126 283
126 375
126 412
126 425
126 480
126 750
127 160
127 162
127 175
127 240
127 309
127 399
127 756
128 168
128 224
128 251
128 268
128 631
129 154
129 252
129 278
129 334
129 379
129 662
130 299
130 367
130 423
130 474
130 582
130 704
131 184
131 190
131 216
131 335
131 355
131 413
131 441
131 467
131 556
132 187
132 229
132 343
132 364
132 450
132 638
132 714
133 173
133 301
133 375
133 395
133 514
134 408
134 654
135 213
135 284
135 311
135 330
135 365
135 382
136 145
136 296
136 374
136 700
136 733
136 766
137 268
137 342
137 484
137 583
137 669
137 731
137 735
138 563
138 607
138 679
138 682
138 731
138 736
139 362
139 428
139 446
139 453
139 496
139 566
139 728
139 763
140 403
140 427
140 532
140 788
141 460
141 504
141 510
141 538
142 160
142 172
142 230
142 365
142 429
142 632
143 153
143 226
143 440
143 458
143 555
143 612
143 635
143 723
143 735
144 299
144 313
144 425
144 512
144 579
144 777
144 799
145 149
145 291
145 350
145 421
145 597
145 729
145 791
145 795
146 152
146 297
146 435
146 719
146 757
147 203
147 224
147 323
147 617
147 654
147 655
147 660
147 661
147 745
147 752
148 295
148 391
148 501
148 651
149 431
149 518
149 541
149 754
150 213
150 614
150 616
150 739
150 776
151 392
151 406
152 213
152 318
152 407
152 571
152 577
152 583
152 615
152 654
152 726
153 714
153 759
153 762
154 185
154 308
154 476
154 540
154 654
154 746
154 799
155 211
155 323
155 334
155 349
155 419
155 603
155 658
155 761
156 220
156 263
156 606
156 678
156 698
156 753
157 216
157 222
157 227
157 413
157 456
157 503
157 530
157 765
158 161
158 301
158 307
158 316
158 361
158 642
158 721
159 254
159 349
159 382
159 385
159 557
159 588
160 180
160 346
160 371
160 413
160 555
160 568
160 688
161 235
161 267
161 405
161 560
161 685
161 734
162 245
162 466
162 513
162 561
162 628
162 651
162 662
162 791
163 210
163 240
163 244
163 519
163 554
163 796
164 483
164 489
164 616
165 167
165 246
165 408
165 561
165 609
165 623
165 653
165 669
166 192
166 354
166 421
166 452
166 569
166 723
167 186
167 211
167 340
167 408
167 410
167 463
167 491
167 545
167 547
167 594
167 614
167 703
168 237
168 587
168 751
169 289
169 402
169 556
169 669
169 692
170 218
170 273
170 314
170 322
170 329
170 545
170 594
170 628
171 416
171 665
171 715
171 720
172 201
172 249
172 435
172 462
172 465
172 470
172 495
172 499
172 585
172 673
172 698
172 708
172 757
173 347
173 393
173 558
173 679
173 699
173 799
174 437
174 510
174 530
174 564
174 605
174 727
174 751
174 782
175 352
175 388
175 539
175 631
175 699
176 268
176 378
177 244
177 313
177 405
177 451
177 476
177 536
177 598
177 604
177 636
177 730
178 318
178 467
178 526
178 658
178 728
179 356
179 467
179 468
179 530
179 531
179 553
179 572
179 650
179 658
179 681
179 746
180 188
180 206
180 210
180 247
180 709
180 797
181 340
181 598
182 241
182 312
182 451
182 484
182 486
183 225
183 306
183 339
183 356
183 375
183 393
183 412
183 421
183 429
183 444
183 494
183 703
184 316
184 563
185 715
185 753
185 766
185 791
186 207
186 218
186 219
186 236
186 278
186 430
186 528
186 601
186 609
186 667
186 699
187 199
187 215
187 295
187 399
187 445
187 705
188 199
188 228
188 234
188 299
188 464
188 551
188 579
189 268
189 326
189 352
189 487
189 570
189 685
189 760
189 766
190 312
190 324
190 391
190 454
190 464
190 632
190 645
190 683
191 321
191 619
191 730
192 255
192 364
192 395
192 451
192 473
192 541
192 681
192 703
192 747
193 243
193 428
193 560
193 715
193 748
193 762
193 783
194 200
194 264
194 312
194 334
194 393
194 537
194 636
194 753
195 339
195 368
195 617
195 650
195 664
195 712
195 723
196 419
196 452
196 612
196 772
197 487
197 526
197 544
197 623
197 665
198 226
198 292
198 306
198 342
198 596
198 610
198 615
198 647
198 675
198 712
198 724
198 758
199 232
199 298
199 396
199 441
199 547
200 275
200 314
200 319
200 479
200 623
200 691
200 747
201 336
201 396
201 451
201 489
201 512
201 741
202 234
202 478
202 669
202 737
202 759
203 315
203 390
203 524
203 554
203 577
203 636
203 745
203 798
204 301
204 414
204 473
205 206
205 348
205 429
205 492
205 657
205 742
206 228
206 238
206 265
206 360
206 422
206 452
206 512
206 580
207 303
207 387
207 448
207 617
208 218
208 487
208 515
208 590
208 783
209 249
209 377
209 621
209 709
209 712
209 771
210 459
210 547
210 555
211 464
211 506
211 756
211 778
212 344
212 357
212 372
212 591
212 669
212 674
212 790
213 252
213 386
213 680
213 757
214 244
214 448
214 549
214 625
214 745
214 779
215 346
215 347
215 440
215 608
215 765
216 280
216 330
216 460
216 590
216 771
217 263
217 282
217 291
217 348
217 477
217 484
217 500
217 566
217 721
218 312
218 600
218 784
219 221
219 419
219 436
219 508
219 663
220 306
220 428
220 435
220 464
220 499
220 521
220 715
220 739
221 258
221 268
221 270
221 373
221 440
221 584
221 606
221 705
221 735
222 543
222 568
222 582
222 611
222 635
222 729
223 260
223 314
223 386
223 499
223 619
223 645
223 729
224 351
224 419
224 453
224 620
224 640
224 707
224 772
225 356
225 527
225 628
225 643
226 402
226 693
226 748
227 292
227 305
227 419
227 599
227 656
227 751
228 241
228 276
228 359
228 524
228 656
228 666
229 237
229 324
229 359
229 506
229 703
229 738
230 307
230 362
230 397
230 409
230 718
230 731
231 273
231 565
231 569
231 615
231 640
231 658
231 742
231 766
232 307
232 359
232 474
232 477
232 686
233 256
233 399
233 410
233 491
233 500
233 605
233 664
233 678
233 706
233 723
234 273
234 666
235 560
235 591
235 667
235 715
235 760
236 237
236 486
236 515
236 544
237 343
237 389
237 439
237 442
237 452
237 499
237 586
237 733
237 783
238 384
238 662
238 734
238 736
239 306
239 449
239 459
239 594
239 664
239 686
239 694
240 329
240 532
240 534
240 581
240 768
241 475
241 572
241 591
241 799
242 251
242 447
242 581
242 591
242 763
242 779
243 388
243 442
243 467
243 523
243 552
243 653
244 561
244 621
244 686
244 702
245 261
245 476
245 541
245 715
246 265
246 273
246 358
246 435
246 767
247 267
247 379
247 400
247 429
247 494
247 570
247 689
248 261
248 340
248 434
248 478
248 516
248 630
248 710
249 252
249 289
249 346
249 456
249 698
249 742
250 281
250 290
250 411
250 564
250 793
251 257
251 503
251 577
251 615
251 687
251 693
251 791
251 796
252 295
252 307
252 316
252 495
252 595
252 604
252 634
252 688
252 690
252 787
253 478
253 485
253 510
253 524
253 581
253 687
253 753
254 283
254 284
254 337
254 424
254 511
254 526
254 537
254 585
254 700
254 759
255 271
255 343
255 512
255 767
256 309
256 314
256 328
256 449
256 525
256 565
256 585
256 769
257 370
257 616
257 682
258 299
258 414
258 504
258 543
258 575
259 528
259 550
259 554
259 675
260 275
260 310
260 466
260 499
260 569
260 647
260 779
261 353
261 378
261 387
261 392
261 494
261 514
261 551
261 670
262 353
262 363
262 396
262 439
262 440
262 633
263 542
263 565
264 415
264 432
264 573
264 649
264 770
265 285
265 356
265 381
265 390
265 620
265 621
265 642
265 749
265 750
266 342
266 433
266 558
266 637
267 274
267 275
267 291
267 431
267 569
267 650
267 739
267 775
267 782
267 787
268 272
268 480
268 690
269 276
269 295
269 558
269 594
269 613
269 689
269 700
269 775
269 776
270 306
270 430
270 463
270 624
270 640
271 347
271 455
271 677
272 379
272 500
272 577
272 602
272 683
272 714
272 763
273 407
273 461
273 635
273 696
274 397
274 430
274 432
274 517
274 527
274 588
274 693
274 714
275 385
275 434
275 464
276 279
276 351
276 412
276 414
276 508
276 540
276 599
276 668
276 670
277 309
277 316
277 323
277 387
277 426
277 469
277 738
277 752
278 283
278 495
278 537
278 586
278 773
278 786
279 490
279 608
279 707
279 763
280 447
280 449
280 453
280 523
280 555
280 613
280 616
281 441
281 444
281 458
281 466
281 490
281 636
281 756
282 337
282 375
282 437
282 454
282 628
282 778
283 650
283 742
284 351
284 422
284 454
284 463
284 478
284 679
284 713
285 366
285 418
285 443
285 543
285 580
285 704
285 721
286 344
286 448
286 474
286 553
286 655
286 678
287 468
288 429
288 476
288 597
288 637
288 653
288 655
289 316
289 320
289 465
289 714
290 317
290 386
290 422
290 761
290 784
291 577
291 615
291 639
291 743
291 744
292 345
292 547
292 552
292 639
292 688
292 694
292 712
292 723
292 728
293 558
293 747
294 427
294 501
294 567
294 643
295 463
296 316
296 684
296 767
297 321
297 323
297 341
297 365
297 381
297 652
298 369
298 380
298 483
298 509
298 771
299 558
299 650
300 478
300 511
300 673
301 326
301 356
301 381
301 474
301 528
301 559
301 618
301 671
301 733
301 760
301 781
302 318
302 582
302 600
302 603
302 635
302 675
302 703
302 795
303 332
303 417
303 516
303 550
303 612
303 625
303 676
304 386
304 435
304 480
304 485
304 498
304 530
304 596
304 729
305 398
305 647
306 362
306 399
306 473
306 555
306 647
306 790
307 486
307 516
307 658
308 632
308 659
308 680
308 762
309 390
309 391
309 724
309 734
309 785
310 426
310 432
310 748
310 753
310 754
310 782
311 333
311 476
311 642
312 390
312 403
312 475
312 500
312 509
312 609
312 778
313 322
313 432
313 449
313 451
313 495
313 591
313 643
313 697
313 773
314 356
314 378
314 405
314 474
314 545
314 718
314 737
315 658
315 667
315 795
316 429
316 498
316 537
316 765
316 778
317 594
317 673
317 763
318 385
318 515
318 531
318 600
318 645
319 357
319 572
319 583
319 608
319 625
320 656
320 676
320 760
321 353
321 407
321 457
322 414
322 746
322 757
322 770
322 778
322 779
323 337
323 406
323 472
323 497
323 534
323 547
323 611
323 683
324 347
324 456
324 460
324 550
324 656
324 696
324 728
325 380
325 412
325 433
325 492
325 508
325 569
325 655
325 757
325 791
326 464
326 520
326 538
326 636
326 683
326 699
326 716
326 765
327 528
327 586
327 600
327 714
327 761
328 738
329 339
329 466
329 489
330 458
330 475
330 534
331 370
331 387
331 401
331 491
331 505
331 527
331 583
331 665
331 773
332 493
332 574
332 610
333 402
333 472
333 494
333 638
333 703
333 731
334 452
334 601
334 621
334 629
334 641
334 694
334 730
335 494
335 529
335 682
335 766
335 767
336 426
336 582
336 635
336 708
337 507
337 692
337 694
337 698
337 720
338 402
338 416
338 497
338 595
338 668
339 415
339 440
339 476
339 696
339 783
340 424
340 436
340 520
340 547
340 593
341 394
341 455
341 600
341 739
342 558
342 584
342 603
342 756
343 629
343 729
344 402
344 422
344 456
344 522
344 533
344 575
344 604
344 678
344 761
345 376
345 499
345 514
345 526
345 630
345 660
345 675
345 736
346 506
346 510
346 613
347 351
347 602
348 544
348 553
348 574
348 725
348 741
349 377
349 410
349 454
349 474
349 575
349 620
349 633
349 714
349 745
350 627
350 680
350 685
350 727
350 766
350 796
351 453
351 515
351 523
351 608
352 553
353 534
354 543
354 547
354 589
354 697
354 743
354 790
355 458
355 631
355 743
355 799
356 411
356 466
356 692
356 694
356 730
356 769
357 499
357 563
357 604
358 415
358 500
358 501
358 545
359 387
359 491
359 577
359 630
359 694
360 371
360 756
360 773
361 391
361 550
361 675
362 462
362 568
363 384
363 395
363 444
363 597
363 609
363 672
363 705
363 711
364 378
364 394
364 444
364 454
364 570
364 603
365 438
365 494
365 542
365 555
365 655
365 690
365 738
366 388
366 403
366 425
366 432
366 450
366 565
366 566
366 576
366 639
366 675
366 699
366 770
367 387
367 464
367 563
367 768
368 372
368 679
368 692
368 757
368 777
369 428
369 446
369 786
370 407
370 560
370 771
371 568
371 571
371 630
371 688
371 782
371 783
372 518
372 523
372 538
372 546
372 547
372 649
372 713
372 756
372 784
372 787
373 539
373 608
373 620
374 400
374 599
374 786
375 424
375 446
375 611
375 691
375 764
375 796
376 424
376 433
376 546
376 727
376 779
377 551
377 577
377 687
377 739
377 784
378 416
378 461
378 765
379 574
379 795
380 438
380 690
380 742
381 564
381 638
381 687
381 696
382 520
382 564
382 638
383 460
383 461
383 599
383 662
383 732
383 751
384 437
384 460
384 474
384 631
384 638
385 446
385 476
385 633
385 649
385 657
386 444
386 630
386 642
386 648
386 726
386 770
387 460
387 466
387 473
387 613
387 648
387 696
387 789
388 470
388 669
388 680
388 717
388 758
389 440
389 687
389 713
389 779
390 530
390 693
391 558
391 584
391 592
391 670
391 742
392 408
392 631
392 634
392 791
393 708
393 728
394 539
395 631
395 788
397 542
398 501
399 454
399 534
399 662
399 712
399 770
400 409
400 666
401 456
401 458
401 579
401 599
403 535
403 625
403 631
403 709
403 750
404 505
404 530
404 568
404 681
404 700
404 752
405 490
405 511
405 603
405 635
405 747
405 777
405 798
406 409
406 510
406 550
406 745
407 428
407 456
407 519
407 553
407 601
407 727
408 522
408 530
408 626
408 689
409 563
409 733
410 601
410 673
410 740
411 482
411 553
411 586
411 648
412 561
412 733
413 429
413 459
413 467
413 599
413 729
414 478
414 732
415 446
415 689
416 461
416 568
416 631
416 663
416 679
416 722
417 423
417 505
417 523
417 569
417 587
417 603
417 664
418 493
418 528
418 549
418 570
418 780
419 469
419 574
419 635
420 470
420 553
420 703
420 769
421 466
421 582
421 725
421 733
421 788
422 459
422 709
422 755
423 469
423 530
423 572
423 695
424 466
424 554
424 557
424 633
424 680
425 427
425 449
425 760
425 782
426 468
426 552
426 572
426 631
427 456
427 718
427 719
428 477
428 512
428 528
428 624
429 563
430 463
430 521
430 617
431 464
431 593
431 627
431 655
431 680
431 788
432 624
432 654
432 661
432 674
432 794
433 500
433 571
433 652
433 757
433 763
434 529
434 672
434 751
435 474
435 528
435 634
435 771
436 447
436 537
436 563
436 573
436 647
436 752
437 456
437 482
437 541
437 549
437 655
437 793
438 452
438 799
439 542
439 545
439 618
439 622
439 680
440 574
440 587
440 687
441 532
441 562
441 625
441 678
441 715
442 609
443 472
443 477
443 481
443 495
443 531
443 578
443 780
444 524
444 525
444 562
444 643
444 774
445 650
445 697
446 473
446 584
446 591
446 648
446 686
448 626
448 641
448 676
449 699
449 742
450 699
450 784
451 631
451 769
452 571
452 749
452 797
453 480
453 604
453 674
453 685
454 493
454 651
455 567
455 785
456 628
456 687
456 776
458 577
458 682
458 705
458 774
459 550
459 625
460 626
460 740
460 756
460 768
461 479
461 576
461 585
461 668
462 491
462 501
462 590
462 596
462 612
462 643
462 720
463 514
463 632
464 587
464 593
464 642
464 680
464 717
465 480
465 666
466 498
466 509
466 704
466 776
467 471
468 493
468 722
469 700
469 765
470 578
470 771
470 795
471 586
471 649
471 713
471 771
472 702
472 769
472 779
473 495
473 557
473 722
474 681
474 699
474 784
475 494
475 513
475 795
476 687
477 653
477 676
477 732
478 501
478 572
478 726
479 606
479 637
479 640
480 556
480 565
480 702
480 755
480 759
480 794
481 494
481 607
481 639
481 640
481 680
481 739
482 528
482 533
482 555
482 591
482 680
482 748
483 634
483 659
484 486
484 517
484 636
484 788
485 567
485 630
485 652
485 675
486 531
486 545
486 587
486 604
486 715
486 720
487 504
487 634
488 739
488 764
489 495
489 564
489 674
489 778
490 708
490 721
491 546
491 579
492 594
492 630
492 667
492 677
492 698
492 747
493 718
494 549
494 552
494 629
494 646
494 660
494 702
494 751
494 787
495 597
495 667
495 799
496 543
496 544
496 768
498 668
498 698
498 747
499 575
499 753
500 551
500 556
500 577
500 664
500 774
501 567
501 723
501 730
501 736
501 780
502 595
502 691
503 514
503 631
504 609
504 647
504 691
504 707
505 562
505 731
505 775
505 796
506 611
506 617
506 708
506 723
507 509
507 519
507 570
507 702
508 523
508 557
508 654
509 738
510 645
510 713
511 650
512 769
512 770
513 785
514 515
514 665
514 778
515 670
516 637
516 673
516 709
517 581
517 638
517 742
518 691
518 716
518 717
519 540
519 618
520 640
521 541
521 589
521 636
521 654
522 605
522 620
522 639
522 694
522 704
523 595
523 754
524 540
524 555
524 657
524 659
524 661
524 712
525 722
526 627
526 632
527 537
527 538
528 657
528 753
529 540
530 720
530 789
531 653
531 659
531 674
531 795
532 579
532 672
532 730
533 596
533 622
534 754
535 640
535 644
535 714
536 632
536 643
536 656
536 696
536 708
537 563
537 593
537 656
538 568
538 777
539 704
540 600
540 766
541 585
541 608
541 691
541 750
541 788
542 611
542 696
542 747
542 762
543 584
543 696
543 699
544 658
544 707
545 575
545 677
546 615
547 667
547 692
547 718
547 730
548 581
548 646
548 736
549 718
549 752
549 798
550 586
550 664
550 757
551 554
551 642
551 757
552 569
552 735
553 591
553 603
553 634
553 704
553 718
554 581
554 637
554 789
555 570
555 632
555 698
556 667
556 760
557 767
558 794
559 666
559 674
559 694
561 568
561 678
561 739
562 607
562 795
563 730
564 648
564 657
564 754
565 619
566 573
566 591
566 691
566 738
567 663
567 725
568 649
568 672
568 740
568 772
569 627
569 770
570 644
570 646
570 648
571 579
572 642
573 577
573 683
573 719
573 783
573 784
574 696
574 724
575 586
575 622
575 639
575 650
575 707
576 703
576 710
577 611
577 621
577 718
577 724
577 749
578 643
578 680
578 699
578 753
578 754
579 582
579 772
579 779
580 689
580 725
581 596
582 596
582 650
582 734
582 737
583 771
583 798
584 677
584 713
585 611
585 743
585 771
586 699
586 711
587 615
587 762
588 627
588 711
589 598
589 625
589 668
589 671
589 750
589 757
591 639
591 728
592 600
592 729
593 779
594 640
595 685
596 616
597 715
599 739
599 753
600 737
601 618
601 686
601 728
601 735
601 738
602 703
603 671
603 756
604 675
604 720
605 640
605 799
606 643
606 660
606 697
606 743
606 762
606 782
606 788
609 792
611 745
613 617
613 750
614 619
614 638
614 795
615 683
615 773
615 790
616 635
617 714
618 621
619 665
619 670
619 708
620 644
620 657
620 737
622 697
622 748
622 754
623 784
623 785
624 704
625 678
626 759
627 643
627 666
627 702
627 766
627 786
628 652
628 720
628 794
629 636
629 737
630 646
630 669
630 740
630 782
631 645
631 737
631 763
632 721
633 700
633 745
634 644
635 732
635 793
637 679
637 698
637 769
638 716
639 642
639 739
639 757
639 770
640 730
640 783
641 685
641 746
642 675
643 755
644 659
644 664
645 731
646 650
648 678
648 760
649 650
650 716
653 709
657 715
657 760
658 674
661 724
662 664
663 674
663 685
665 758
666 756
668 684
670 684
671 684
672 783
673 677
673 692
673 798
674 791
677 680
677 699
677 707
677 744
678 688
678 698
678 753
679 743
680 724
682 688
682 742
683 718
684 760
684 772
686 781
689 763
689 785
690 741
691 760
692 713
692 761
692 791
693 787
695 739
695 750
695 768
697 744
697 750
699 744
700 718
701 732
703 781
705 762
708 720
709 786
710 712
710 746
712 791
716 747
717 736
719 786
720 739
720 776
722 791
723 798
726 783
727 798
728 762
730 780
732 771
734 752
738 779
746 797
747 750
748 762
749 791
750 777
751 784
752 769
753 779
754 767
754 773
760 768
770 782
770 795
771 790
775 799
778 799