850
3687
0 63
0 245
0 424
0 471
0 711
0 741
0 784
1 101
1 218
1 363
1 423
1 486
1 642
1 684
2 246
2 253
2 335
2 597
2 602
2 615
2 762
3 4
3 273
3 297
3 594
3 615
3 689
4 69
4 204
4 306
4 343
4 485
4 569
4 603
4 720
4 800
4 824
5 283
5 547
6 80
6 395
6 429
6 459
6 515
6 553
6 564
6 763
6 830
7 39
7 44
7 45
7 105
7 152
7 274
7 359
7 478
7 566
7 659
7 686
7 756
7 812
8 44
8 114
8 200
8 246
8 272
8 336
8 482
8 633
8 727
9 22
9 92
9 144
9 260
9 324
9 354
9 516
9 560
9 702
9 721
9 731
10 61
10 80
10 116
10 146
10 166
10 292
10 350
10 357
10 392
10 427
10 487
10 658
10 830
11 206
11 227
11 301
11 347
11 349
11 463
11 538
11 599
11 837
12 49
12 150
12 232
12 258
12 409
12 416
12 495
12 527
12 597
12 739
12 756
12 848
13 144
13 155
13 168
13 264
13 276
13 303
13 409
13 577
13 681
13 816
14 38
14 42
14 183
14 255
14 262
14 440
14 467
14 531
14 687
14 720
15 83
15 131
15 326
15 333
15 398
15 418
15 546
15 551
15 684
15 846
16 83
16 215
16 247
16 301
16 503
16 563
16 650
16 754
16 804
17 82
17 447
17 494
17 685
17 708
18 96
18 149
18 290
18 297
18 345
18 387
18 405
18 429
18 432
18 511
18 536
18 558
18 620
18 630
18 767
18 773
19 22
19 94
19 142
19 205
19 296
19 311
19 415
19 481
19 503
19 530
19 617
19 726
19 800
20 144
20 237
20 365
20 416
20 774
20 824
21 276
21 395
21 415
21 479
21 528
21 671
21 678
21 697
21 778
21 802
22 174
22 205
22 277
22 421
22 473
22 783
22 818
23 28
23 512
23 719
23 746
23 754
23 798
23 815
23 841
24 48
24 63
24 156
24 168
24 233
24 256
24 311
24 381
24 512
24 542
24 558
24 577
24 729
24 785
25 107
25 126
25 402
25 793
26 172
26 212
26 222
26 350
26 387
26 443
26 520
26 532
26 617
26 744
27 154
27 421
27 575
27 825
27 849
28 731
28 764
28 788
28 797
28 827
28 843
29 97
29 260
29 432
29 477
29 645
29 765
29 810
30 184
30 442
30 497
30 557
30 684
30 736
31 36
31 70
31 124
31 220
31 264
31 296
31 381
31 441
31 841
32 111
32 136
32 195
32 443
32 784
33 205
33 284
33 314
33 399
33 434
33 524
33 542
33 618
33 732
33 750
34 111
34 159
34 195
34 301
34 442
34 498
34 502
34 779
34 780
34 781
34 814
34 838
35 74
35 111
35 234
35 270
35 287
35 343
35 376
35 441
35 620
35 676
35 760
35 801
35 805
35 816
36 206
36 362
36 599
36 626
36 643
36 698
36 778
36 786
37 83
37 149
37 286
37 339
37 340
37 449
37 568
37 676
37 693
37 704
38 175
38 304
38 491
38 622
38 691
38 707
38 779
39 244
39 349
39 422
39 623
39 657
39 815
40 286
40 314
40 332
40 385
40 395
40 405
40 416
40 598
41 95
41 318
41 571
41 584
41 685
41 693
42 100
42 257
42 332
42 403
42 425
42 603
42 663
42 794
43 170
43 411
43 559
43 629
43 686
43 727
44 111
44 172
44 357
44 508
44 639
44 775
45 113
45 211
45 214
45 394
45 535
45 578
45 657
45 698
46 68
46 219
46 232
46 327
46 633
46 695
46 723
47 428
47 570
47 600
48 57
48 109
48 692
49 75
49 122
49 153
49 239
49 332
49 548
49 657
49 698
49 801
49 831
49 835
50 154
50 173
50 257
50 402
50 419
50 525
50 659
50 709
50 723
50 769
51 140
51 146
51 307
51 336
51 541
51 597
51 743
51 809
51 814
52 136
52 174
52 408
52 426
52 547
52 580
52 760
52 836
53 331
53 408
53 567
53 643
53 826
53 849
54 101
54 122
54 168
54 573
54 586
54 699
54 815
54 816
54 842
55 77
55 134
55 361
55 383
55 430
55 518
55 530
55 597
55 722
55 748
55 753
56 85
56 159
56 246
56 357
56 412
56 449
56 476
56 730
56 781
56 815
57 168
57 175
57 363
57 582
57 632
57 641
57 807
57 825
58 183
58 188
58 246
58 266
58 327
58 415
58 431
58 435
58 672
58 693
58 713
58 749
59 101
59 120
59 137
59 204
59 223
59 312
59 322
59 329
59 428
59 436
59 441
59 460
59 475
59 479
59 664
59 670
59 777
59 823
59 825
60 109
60 290
60 302
60 357
60 409
60 410
60 474
60 611
60 772
60 773
61 130
61 157
61 167
61 224
61 269
61 279
61 420
61 454
61 543
61 560
61 582
61 597
61 694
61 707
61 821
61 842
62 79
62 109
62 133
62 532
63 192
63 215
63 267
63 299
63 307
63 318
63 397
63 426
63 464
63 491
63 712
63 738
64 183
64 306
64 378
64 405
64 539
64 607
64 771
64 829
64 849
65 358
65 362
65 513
65 515
65 587
65 665
65 767
66 70
66 462
66 470
66 486
66 570
66 580
66 622
67 170
67 483
67 552
67 588
67 591
67 672
67 714
67 733
67 748
68 285
68 317
68 476
68 557
68 673
68 692
69 188
69 208
69 280
69 340
69 406
69 502
69 530
69 563
69 679
69 776
70 254
70 452
70 483
70 518
70 623
70 665
70 728
71 72
71 211
71 216
71 384
71 399
71 522
71 719
71 760
71 837
72 540
72 552
72 556
72 591
72 760
73 83
73 94
73 333
73 374
73 524
73 582
74 408
74 472
74 516
75 205
75 299
75 335
75 363
76 210
76 264
76 416
76 427
76 551
76 631
76 632
76 746
76 793
76 847
77 236
77 366
77 403
77 455
77 635
77 685
77 769
77 786
77 845
78 120
78 196
78 241
78 263
78 265
78 341
78 404
78 459
78 663
78 693
78 746
78 751
79 172
79 307
79 558
79 617
79 630
79 848
80 182
80 557
80 819
81 156
81 170
81 540
81 560
81 600
81 752
81 828
82 181
82 200
82 293
82 368
82 400
82 498
82 542
82 581
82 832
83 106
83 120
83 336
83 358
83 375
83 387
83 401
83 421
83 519
83 575
83 625
83 783
83 840
84 140
84 146
84 348
84 405
84 463
84 492
84 544
84 702
84 716
84 771
85 174
85 228
85 351
85 387
85 421
85 493
85 572
85 581
85 633
85 671
86 158
86 254
86 304
86 397
86 489
86 521
87 111
87 363
87 455
87 471
87 557
87 611
87 697
87 736
87 764
88 255
88 270
88 487
88 679
88 749
88 773
88 780
89 91
89 256
89 308
89 482
89 698
89 787
90 149
90 192
90 404
90 675
90 707
90 770
91 125
91 306
91 435
91 455
91 493
91 619
91 695
91 778
91 802
92 356
92 361
92 380
92 452
92 583
92 817
93 177
93 327
93 415
93 550
93 555
93 564
93 624
93 714
94 127
94 335
94 437
94 441
94 565
94 602
94 638
94 652
94 784
95 231
95 543
95 638
95 641
95 654
95 674
95 719
96 183
96 273
96 421
96 471
96 532
96 542
96 715
96 790
97 200
97 251
97 438
97 510
97 578
97 661
97 747
97 812
98 206
98 231
98 266
98 447
98 636
98 648
98 663
98 759
98 781
99 111
99 248
99 314
99 402
99 421
99 511
99 524
99 829
99 832
100 331
100 357
100 631
101 199
101 232
101 309
101 321
101 349
101 420
101 673
102 460
102 517
102 567
102 731
102 848
103 317
103 324
103 370
103 397
103 430
103 499
103 549
103 731
103 795
105 166
105 321
105 371
105 392
105 552
105 581
105 622
106 188
106 236
106 336
106 373
106 519
106 559
106 573
106 619
106 697
106 757
107 197
107 203
107 297
107 460
107 621
107 735
107 743
107 821
108 173
108 212
108 292
108 340
108 364
108 461
108 547
108 734
108 735
108 752
109 306
109 360
109 421
109 445
109 452
109 465
109 475
109 574
109 773
109 842
110 172
110 174
110 312
110 386
110 459
110 633
110 638
110 773
110 787
110 803
110 838
111 142
111 277
111 370
111 684
111 775
111 783
112 183
112 299
112 368
112 389
112 459
112 777
113 115
113 221
113 313
113 774
114 200
114 232
114 262
114 315
114 402
114 405
114 446
114 539
114 771
115 175
115 251
115 350
115 453
115 722
115 749
115 826
116 464
116 595
116 600
116 605
116 620
116 677
116 685
116 728
116 760
116 762
117 134
117 140
117 166
117 321
117 813
118 402
118 790
118 802
119 171
119 304
119 676
120 338
120 834
121 228
121 372
121 380
121 452
121 481
121 626
121 645
121 794
122 156
122 158
122 161
122 199
122 331
122 358
122 677
122 708
122 728
122 795
123 279
123 607
123 800
124 176
124 267
124 300
124 374
124 403
124 404
124 474
124 475
124 779
125 169
125 247
125 662
125 698
125 743
125 793
126 130
126 200
126 230
126 236
126 377
126 560
126 563
126 618
126 830
127 206
127 269
127 323
127 326
127 332
127 774
128 176
128 257
128 332
128 448
128 454
128 504
128 592
128 599
128 697
128 750
129 224
129 278
129 706
129 778
129 796
129 815
129 842
130 186
130 203
130 464
130 468
130 531
130 704
130 781
131 145
131 157
131 219
131 412
131 505
131 661
131 665
131 677
131 696
131 713
131 828
132 227
132 358
132 378
132 655
132 729
132 753
132 833
133 180
133 192
133 325
133 392
133 401
133 585
133 604
133 636
133 667
133 719
133 734
133 802
134 224
134 244
134 566
134 675
134 681
135 282
135 477
135 567
135 665
135 673
135 762
136 268
136 297
136 312
136 404
136 438
136 578
136 639
136 846
137 149
137 440
137 554
137 750
137 768
138 246
138 449
138 707
138 819
138 844
139 301
139 371
139 508
139 524
139 650
139 721
139 800
139 823
140 142
140 283
140 369
140 542
140 772
140 839
141 204
141 338
141 373
141 411
141 419
141 536
141 560
141 569
141 742
142 150
142 303
142 415
142 458
142 639
142 778
143 154
143 261
143 272
143 327
143 355
143 454
143 492
143 597
143 703
143 830
143 849
144 358
144 433
144 441
144 612
144 643
144 813
145 362
145 451
145 532
145 567
146 306
146 313
146 588
146 664
146 777
147 238
147 279
147 294
147 419
147 568
147 569
147 578
147 628
147 782
147 810
147 844
148 172
148 234
148 376
148 508
148 679
148 683
148 750
148 800
148 831
149 247
149 260
149 312
149 348
149 356
149 448
149 458
149 514
149 628
149 672
149 679
149 780
150 197
150 299
150 327
150 475
150 598
150 614
150 670
150 680
150 846
151 189
151 410
151 745
151 779
151 835
152 224
152 266
152 612
152 630
152 739
153 168
153 450
153 465
153 570
153 638
153 730
153 749
153 822
154 242
154 354
154 441
154 614
154 699
154 783
155 320
155 397
155 449
155 462
155 466
155 506
155 558
155 628
155 704
155 755
155 782
156 455
156 461
156 570
156 742
157 231
157 263
157 369
157 395
157 509
157 520
157 700
157 794
158 288
158 344
158 383
158 391
158 540
158 679
158 721
159 280
159 331
159 523
160 237
160 367
160 475
160 543
160 566
160 661
161 168
161 169
161 188
161 210
161 230
161 286
161 323
161 419
161 683
162 414
162 445
162 471
162 796
163 182
163 209
163 253
163 276
163 305
163 306
163 519
163 532
163 550
163 637
163 660
163 819
163 847
164 196
164 320
164 381
164 481
164 697
164 713
164 754
164 822
164 826
165 208
165 279
165 354
165 547
165 831
165 833
166 229
166 288
166 300
166 596
167 230
167 237
167 252
167 273
167 296
167 462
167 651
167 668
168 188
168 211
168 246
168 354
168 370
168 505
168 558
168 749
169 319
169 321
169 616
169 691
169 737
169 805
169 811
170 293
170 485
170 495
170 549
170 591
170 686
170 751
171 188
171 361
171 491
171 549
171 600
171 744
171 811
172 237
172 299
172 319
172 348
172 417
172 444
172 488
172 492
172 570
172 675
173 478
173 571
173 583
173 596
173 610
173 680
174 194
174 299
174 373
174 481
174 486
174 506
174 631
174 671
174 778
175 187
175 281
175 520
175 643
175 679
175 763
176 255
176 321
176 363
176 534
176 591
177 249
177 354
177 380
177 468
177 742
177 785
178 449
178 586
178 621
178 786
179 565
179 760
180 248
180 540
180 672
181 204
181 226
181 248
181 388
181 426
181 495
181 518
181 751
182 239
182 567
182 651
182 717
183 435
183 510
183 642
183 745
183 766
184 287
184 295
184 390
184 400
184 429
184 437
184 782
184 825
185 198
185 299
185 532
185 784
186 318
186 342
186 432
186 489
186 628
186 693
186 780
186 796
186 821
186 823
187 276
187 305
187 307
187 418
187 491
187 524
187 634
188 452
188 467
188 478
188 506
188 551
188 636
188 644
189 442
189 499
189 746
189 761
190 302
190 414
190 445
190 490
190 501
190 639
190 643
190 717
190 763
190 765
190 796
190 812
191 230
191 377
191 465
191 653
191 680
191 698
192 209
192 285
192 422
192 530
192 598
192 847
193 326
193 350
193 554
193 651
193 688
193 728
193 837
194 338
194 401
194 489
194 712
195 434
195 479
195 490
195 591
196 227
196 299
196 357
196 390
196 624
196 833
197 283
197 532
197 663
198 241
198 257
198 376
198 484
198 625
198 647
198 801
198 835
199 396
199 428
199 540
200 291
200 318
200 332
200 380
200 592
200 679
201 387
201 555
201 594
201 603
201 710
201 761
201 777
201 825
202 285
202 297
202 387
202 410
202 438
202 502
202 546
202 679
202 711
202 801
203 224
203 337
203 419
203 519
203 576
203 673
203 676
204 347
204 485
204 508
204 548
204 660
204 675
204 761
205 525
205 677
205 686
205 711
205 712
205 719
205 733
205 756
206 216
206 218
206 322
206 349
206 400
206 422
206 474
206 599
206 601
207 247
207 358
207 451
207 494
207 524
207 578
207 597
207 635
207 694
207 793
208 248
208 326
208 544
208 603
208 655
208 723
208 791
209 238
209 298
209 562
210 351
210 371
210 406
210 435
210 650
210 665
211 215
211 216
211 271
211 294
211 314
211 395
211 526
211 795
211 843
212 374
212 428
212 446
212 496
212 583
212 630
213 267
213 322
214 269
214 283
214 355
214 442
214 681
214 700
215 381
215 601
215 746
215 789
215 808
215 849
216 254
216 259
216 496
216 658
216 741
216 755
216 797
217 240
217 333
217 399
217 532
217 577
217 711
217 777
217 792
218 336
218 381
218 423
218 504
218 552
218 563
218 621
218 659
219 236
219 357
219 424
219 437
219 442
219 476
219 480
219 487
219 577
219 581
219 832
220 695
220 803
221 478
221 512
221 531
221 540
221 613
221 646
221 743
221 759
222 251
222 282
222 405
222 445
222 467
222 472
222 518
222 664
222 773
223 284
223 561
223 566
223 734
223 737
223 765
223 817
223 844
223 848
224 289
224 684
225 230
225 294
225 662
225 710
225 725
225 750
226 401
226 488
226 493
226 506
226 642
226 751
227 304
227 505
227 530
227 568
227 657
227 784
228 295
228 408
228 484
228 548
228 639
228 765
228 807
228 812
229 322
229 385
229 550
229 629
229 800
230 423
230 619
230 686
230 816
231 279
231 389
231 455
231 797
232 450
232 527
232 555
232 647
232 658
232 673
233 396
233 504
233 591
233 652
233 846
234 240
234 259
234 267
234 320
234 441
234 628
234 647
234 788
235 271
235 294
235 297
235 316
235 344
235 403
235 532
235 604
235 670
235 679
235 687
235 702
235 810
236 324
236 387
236 417
236 537
236 684
236 849
237 491
237 518
237 663
237 671
237 707
237 724
237 741
238 248
238 291
238 415
238 605
238 690
238 826
239 403
239 480
239 574
239 774
240 302
240 403
240 411
240 424
240 751
241 255
241 273
241 298
241 305
241 474
241 733
241 830
242 461
242 488
242 503
242 670
242 715
242 755
243 253
243 276
243 460
243 746
243 804
243 835
244 272
244 313
244 566
244 638
244 768
244 795
245 604
245 646
245 742
245 781
245 785
245 803
246 288
246 406
246 492
246 544
246 645
246 709
246 815
247 265
247 283
247 398
247 580
247 698
247 704
248 465
248 472
248 534
248 654
248 818
248 820
249 640
249 823
250 264
250 360
250 381
250 533
250 697
251 397
251 635
251 658
251 686
251 691
252 302
252 318
252 435
252 514
252 569
252 580
252 618
252 680
252 784
253 414
253 466
253 548
253 645
253 682
253 798
254 258
254 500
254 604
254 689
254 849
255 346
255 395
255 441
255 507
255 844
256 314
256 400
256 449
256 551
256 560
256 639
256 736
257 472
257 479
257 539
257 541
257 550
257 625
257 666
257 681
257 754
257 786
258 320
258 353
258 413
258 575
258 644
258 784
259 302
259 339
259 367
259 378
259 388
259 634
259 658
259 683
259 763
259 809
259 849
260 473
260 642
261 324
261 494
261 515
261 778
262 355
262 358
262 417
262 553
263 270
263 342
263 411
263 534
263 542
263 609
263 751
263 770
263 811
264 370
264 448
264 507
264 720
264 790
265 278
265 369
265 428
265 517
265 520
265 600
265 836
266 300
266 633
266 712
266 727
266 822
267 366
267 429
267 477
267 478
267 511
267 838
268 298
268 715
269 419
269 448
269 479
269 495
269 613
270 560
270 759
270 801
270 819
271 319
271 428
271 498
271 511
271 563
271 648
271 848
272 485
272 512
272 541
272 571
273 314
273 465
273 643
273 714
273 717
273 771
274 331
274 361
274 394
274 419
275 289
275 319
275 389
275 493
275 528
275 570
275 577
275 670
275 812
275 818
276 381
276 511
276 554
276 627
276 756
277 529
277 559
278 312
278 336
278 443
278 451
278 572
278 575
278 732
278 803
278 837
279 444
279 612
279 650
279 732
279 790
280 458
280 471
280 476
280 519
280 617
280 649
280 802
281 573
281 826
281 838
282 406
282 422
282 457
282 611
282 635
283 574
283 620
283 798
283 807
284 361
284 402
284 460
284 478
284 498
284 655
284 658
284 707
284 710
285 394
285 409
285 415
285 450
285 470
285 643
285 655
285 699
285 789
286 443
286 524
286 658
286 801
286 820
287 319
287 605
287 611
287 832
287 846
288 308
288 336
288 338
288 343
288 405
288 569
288 603
288 609
288 733
288 747
289 448
289 492
289 498
289 514
289 615
289 734
290 428
290 471
290 601
290 676
290 693
290 747
291 384
291 417
291 478
291 578
291 741
292 448
293 342
293 383
293 460
293 533
293 548
293 555
293 607
293 693
293 741
293 767
293 775
293 834
294 305
294 308
294 492
294 559
294 584
294 703
294 732
294 833
294 848
295 463
295 606
295 617
295 842
296 420
296 498
296 523
296 686
297 302
297 361
297 379
297 400
297 429
297 574
297 650
297 798
298 313
298 403
298 516
298 571
298 591
298 613
298 677
298 765
299 373
299 468
299 515
299 588
299 749
300 357
300 426
300 475
300 570
300 619
300 628
300 634
300 656
300 800
300 814
301 415
301 422
301 468
301 480
301 493
301 533
301 609
301 718
302 333
302 502
302 571
303 323
303 328
303 425
303 461
303 632
303 652
303 722
303 735
304 338
304 513
304 520
305 327
305 437
305 618
305 638
305 701
306 334
306 475
306 550
306 649
306 833
307 309
307 454
307 484
307 664
307 701
307 705
307 741
307 841
308 320
308 755
308 772
309 398
309 405
309 670
309 814
310 318
310 331
310 353
310 359
310 483
310 486
310 613
310 646
310 668
310 801
311 377
311 397
311 787
312 594
312 605
312 632
312 773
312 838
313 385
313 407
313 631
313 668
313 781
314 338
314 357
314 645
315 373
316 543
316 717
317 510
317 511
317 558
317 564
317 580
317 583
317 760
317 847
318 338
318 409
318 490
318 508
318 524
318 573
318 644
318 714
319 343
319 357
319 377
319 536
319 547
319 635
320 436
320 548
320 681
320 845
321 375
321 440
321 574
322 370
322 382
322 462
322 467
322 584
322 843
323 336
323 343
323 513
323 633
323 764
323 843
324 400
324 421
324 624
324 750
324 773
325 340
325 421
325 435
325 751
326 350
326 508
326 807
327 476
327 622
328 331
328 346
328 475
328 558
328 581
328 609
328 662
328 696
328 719
329 444
329 459
329 486
329 542
329 550
329 750
330 377
330 466
330 489
330 540
330 560
330 562
330 570
330 688
330 729
330 742
330 813
331 402
331 438
331 567
331 782
332 339
332 581
332 659
332 781
332 800
332 828
333 375
333 378
333 476
333 559
333 593
333 686
333 778
334 442
334 558
334 643
334 780
334 810
335 346
335 361
335 364
335 383
335 429
335 641
335 665
335 769
335 809
336 413
336 472
336 552
336 570
336 649
336 796
336 841
337 398
337 433
337 657
337 818
338 626
338 810
339 468
339 487
340 418
340 588
341 408
341 475
341 632
341 658
341 735
342 538
342 672
343 373
343 384
343 652
343 662
343 803
344 385
344 463
344 540
345 347
345 387
345 446
345 480
345 607
345 659
346 453
346 565
346 595
346 645
346 710
347 395
347 497
347 555
347 614
347 696
348 380
348 406
348 448
348 482
348 508
348 521
348 536
348 700
348 748
349 427
349 493
349 591
349 750
349 756
349 791
349 796
349 798
350 406
350 502
350 519
350 529
350 589
350 592
350 594
350 758
350 832
351 538
351 662
351 668
351 789
352 371
352 500
352 510
352 663
353 360
353 465
353 519
353 564
353 721
354 431
354 543
354 572
354 598
354 604
354 842
355 580
355 799
355 843
356 447
356 536
356 596
357 440
357 702
357 730
357 732
357 745
357 746
358 418
358 460
358 491
358 713
358 833
358 843
359 373
359 377
359 414
359 495
359 609
359 774
360 426
360 549
360 635
361 688
362 533
362 680
363 456
363 467
363 481
363 540
363 548
363 553
363 561
363 810
364 496
364 529
364 609
364 737
364 742
364 747
364 770
364 835
365 366
365 690
365 733
365 807
366 428
366 506
366 515
366 541
366 562
366 581
366 601
367 567
367 691
367 749
368 397
368 440
368 661
368 682
369 459
369 474
369 530
369 706
370 425
370 657
371 407
371 462
371 615
371 815
372 661
372 705
372 714
372 780
372 794
372 803
373 816
373 823
374 426
374 534
374 804
375 450
375 597
375 635
375 655
375 698
375 716
375 830
375 845
376 430
376 439
376 518
376 700
377 409
377 572
377 725
378 448
378 453
378 501
378 514
378 605
378 645
378 697
378 787
379 554
379 665
379 804
380 413
380 681
380 840
380 843
381 408
381 437
381 598
381 600
381 639
381 684
381 705
382 514
382 580
382 673
382 781
383 499
383 630
383 655
384 479
384 618
384 833
385 504
385 621
386 464
386 544
386 563
386 729
386 754
386 799
386 824
387 428
387 479
387 512
387 523
387 566
388 527
388 707
388 817
389 473
389 515
389 590
389 628
389 750
389 784
389 795
390 391
390 698
391 400
391 419
391 486
391 528
391 568
391 647
391 689
391 716
391 796
392 531
392 608
392 798
393 605
393 614
393 659
393 737
394 697
394 719
394 807
394 813
395 422
395 474
395 602
395 773
395 824
396 504
396 646
397 510
397 577
397 684
397 791
398 450
398 615
398 778
398 804
399 560
399 583
399 713
399 829
400 534
400 601
400 680
400 707
400 841
401 563
401 583
401 754
401 763
401 821
402 666
402 720
402 741
403 434
403 466
403 535
403 657
403 723
403 745
404 476
404 566
404 594
404 627
404 709
404 735
404 765
404 786
405 523
405 548
405 716
406 486
406 618
406 636
406 648
406 685
406 810
407 428
407 431
407 501
407 506
407 517
407 520
407 616
407 760
407 847
408 466
408 540
408 649
408 696
408 713
408 782
408 787
408 813
409 430
409 445
409 568
410 540
410 567
410 582
410 595
410 650
410 697
410 733
410 772
410 813
411 691
411 825
411 826
412 450
412 462
412 587
412 619
412 664
412 708
412 734
413 443
413 533
413 733
413 750
414 568
414 613
414 773
414 840
415 457
415 487
415 488
415 498
415 709
415 845
416 508
416 540
416 545
416 556
416 612
416 690
416 839
417 493
417 607
417 665
417 678
417 825
418 506
418 651
418 783
419 426
419 683
419 790
419 821
420 491
420 525
420 603
420 658
420 685
420 829
421 537
421 731
422 442
422 465
422 488
422 491
422 506
422 530
422 547
422 597
422 848
423 454
423 510
423 660
423 833
425 455
425 456
425 500
425 547
425 768
426 478
426 534
426 742
427 612
427 635
427 713
428 511
428 557
428 616
428 701
428 742
429 695
429 795
429 819
430 441
430 450
430 483
430 523
430 670
430 725
430 781
430 783
430 812
431 833
432 486
432 610
432 623
432 686
433 470
433 643
433 663
434 455
434 509
434 719
434 750
434 778
435 655
435 693
435 717
435 844
436 515
436 532
436 685
436 814
436 817
437 498
437 761
438 457
438 530
438 656
438 669
438 761
439 723
439 768
439 788
440 480
440 508
440 554
440 565
440 798
440 800
441 464
441 492
441 658
442 584
442 741
442 750
443 447
443 705
444 515
444 651
445 464
445 738
447 461
447 519
447 596
447 632
447 815
448 475
448 521
448 715
448 752
449 576
449 711
449 726
450 491
450 494
450 551
450 563
450 591
450 627
451 471
451 503
451 797
452 496
452 535
452 621
452 668
452 705
453 503
453 624
453 681
453 780
454 568
454 756
454 779
454 793
454 796
455 461
455 545
455 555
455 580
455 618
455 735
456 474
456 502
456 515
456 808
457 543
457 608
458 487
458 513
458 721
458 775
458 781
459 517
459 566
460 471
460 653
460 803
461 696
461 836
462 510
462 522
462 585
462 589
462 654
462 685
462 758
462 830
463 499
463 726
463 792
463 834
464 495
464 603
464 604
464 612
464 756
465 523
465 715
465 764
466 595
466 825
467 572
467 656
467 838
467 841
468 476
468 597
468 663
468 665
468 703
468 736
469 720
469 831
470 712
470 764
471 591
471 653
471 655
471 689
472 537
473 647
474 586
475 684
475 824
475 842
476 713
476 714
477 546
477 812
478 724
478 753
478 776
478 781
478 805
479 481
479 503
479 533
479 550
479 585
479 605
479 631
479 641
479 673
479 751
479 821
480 492
480 723
480 784
481 517
481 538
481 559
481 598
481 754
482 633
482 769
482 798
484 497
484 550
484 604
484 658
484 808
485 534
485 694
485 727
485 806
486 573
487 561
487 587
487 742
488 499
488 519
488 574
488 609
488 692
488 800
488 809
489 528
489 636
489 644
489 803
490 717
490 814
490 819
491 550
491 667
491 710
491 843
492 548
492 571
492 582
492 599
492 701
492 737
492 837
493 544
493 631
493 682
493 744
494 571
494 613
495 608
495 613
495 793
495 810
495 834
496 506
496 579
496 584
496 635
496 693
497 569
497 693
498 584
498 673
498 755
499 532
499 578
499 688
499 771
499 803
499 805
499 807
500 635
500 665
500 715
501 543
501 757
502 556
502 759
502 794
502 835
503 569
503 678
503 711
504 521
504 602
504 614
504 842
505 550
505 595
505 620
505 636
506 509
506 514
506 601
506 619
506 636
506 840
507 516
507 640
507 645
507 647
507 684
507 761
507 784
507 794
508 585
508 725
508 741
508 744
508 794
509 655
509 669
509 847
510 533
510 612
510 724
511 571
511 660
511 745
511 774
511 810
512 688
512 772
512 776
513 751
513 796
513 838
514 600
514 615
515 533
515 652
515 724
515 726
515 740
515 765
516 799
516 845
516 847
517 776
518 604
518 660
518 680
519 692
519 821
520 596
520 703
520 800
521 623
521 806
521 835
522 790
522 833
523 796
523 813
524 569
524 589
524 676
525 561
525 754
525 761
526 682
526 828
527 561
527 627
527 651
527 749
527 803
528 609
528 760
528 771
528 784
528 823
529 720
530 627
530 633
530 663
530 746
530 755
530 797
531 679
531 742
531 847
532 616
532 617
532 636
532 786
532 849
533 626
533 653
533 661
533 810
533 817
534 714
534 823
535 556
535 651
535 701
537 609
537 749
538 679
538 812
539 548
539 582
539 602
539 616
539 650
539 728
539 800
540 730
541 556
541 557
541 709
541 718
541 739
541 799
541 806
542 543
542 642
542 644
543 576
543 751
544 761
544 801
545 724
545 830
546 632
546 706
547 691
547 695
547 735
548 638
549 551
549 702
550 589
551 612
551 707
551 770
552 625
552 632
552 818
554 580
554 603
554 698
554 753
554 770
555 606
555 632
557 574
557 639
557 766
557 810
558 595
558 686
558 730
558 843
559 660
559 691
560 721
561 570
561 639
562 578
562 596
562 798
563 587
564 565
564 575
564 589
564 686
565 641
565 745
566 671
567 655
567 709
567 758
567 791
567 820
567 835
568 603
568 773
569 616
569 628
570 811
570 825
571 622
571 626
571 787
572 787
573 588
573 670
573 679
573 689
574 604
574 617
574 798
575 746
575 833
576 714
576 758
576 761
576 832
577 704
577 749
577 830
578 685
578 756
578 841
579 599
579 636
579 818
580 841
581 734
581 842
582 611
582 633
582 683
582 789
582 830
582 844
583 591
583 595
583 607
583 620
583 651
583 681
583 821
584 595
584 778
584 795
585 722
585 762
586 591
586 620
586 786
587 628
587 729
587 730
587 763
588 641
589 651
589 656
589 722
589 728
590 797
590 837
591 686
592 723
592 770
593 661
593 742
593 775
593 820
594 755
594 804
594 839
595 749
595 772
596 620
597 637
597 697
597 766
598 728
598 755
598 770
599 634
599 679
599 704
599 828
600 616
600 634
600 669
601 729
601 779
601 784
601 805
602 804
602 820
604 615
604 685
605 638
605 676
605 729
605 757
605 759
605 849
606 796
606 826
607 609
608 680
608 691
608 759
608 769
608 806
608 849
609 815
610 690
610 719
610 838
611 695
611 816
611 825
611 833
612 783
612 821
613 724
614 621
614 832
615 719
615 736
615 750
615 803
615 816
615 843
616 721
617 645
617 734
618 708
618 727
618 757
618 777
618 811
619 654
619 753
619 783
619 817
620 756
621 651
621 661
621 672
623 720
623 777
624 667
624 830
625 829
626 713
626 723
626 839
627 686
627 699
627 782
627 796
627 813
628 754
629 699
629 783
629 801
630 698
630 808
631 774
632 654
632 767
632 778
632 781
633 665
633 763
634 700
634 730
634 798
634 847
635 697
635 824
636 747
637 700
637 783
637 835
638 743
639 676
639 717
639 730
639 739
641 723
641 790
641 806
642 683
642 767
642 784
642 819
643 648
643 667
643 670
643 697
643 709
643 784
643 836
644 657
645 779
646 656
646 662
646 787
646 835
647 699
647 709
647 745
647 844
648 690
648 725
648 730
648 804
649 704
649 709
649 728
650 715
651 742
651 765
652 656
652 835
653 685
653 849
655 751
656 785
656 792
656 838
657 676
657 695
657 753
657 805
658 764
661 742
662 795
662 830
663 672
663 848
665 690
665 754
665 844
666 777
666 780
666 792
666 803
667 711
667 765
667 776
668 699
668 744
669 835
670 768
670 779
670 792
670 821
671 702
672 683
672 733
672 825
672 833
672 845
673 686
673 691
673 717
673 734
674 710
675 754
675 814
675 824
676 681
676 686
676 810
677 756
678 691
678 768
678 786
679 832
681 682
681 755
681 784
682 685
682 696
682 794
682 818
683 722
684 827
685 753
686 798
686 847
689 735
689 769
690 838
691 776
691 796
692 828
692 842
694 747
694 804
695 731
695 764
695 772
696 709
696 775
696 819
697 848
698 782
698 846
699 721
699 818
699 820
699 824
700 795
701 722
701 785
702 763
702 824
702 826
703 788
704 714
705 815
706 777
707 731
707 795
707 807
708 733
709 821
710 733
710 792
710 827
710 829
711 732
713 734
713 777
713 831
713 843
714 715
714 755
714 787
715 748
715 789
715 795
715 798
715 829
718 806
718 825
718 830
718 845
719 759
720 724
720 767
721 779
722 766
722 773
723 774
723 809
723 818
723 822
723 837
724 791
725 775
726 832
727 816
727 833
728 813
729 844
730 733
730 824
732 770
732 801
732 842
733 825
733 844
733 845
735 770
735 779
735 787
736 840
737 835
738 789
740 772
740 805
740 811
741 779
742 838
745 764
745 784
745 822
745 847
746 789
746 792
748 818
751 796
751 836
754 759
754 772
755 768
755 798
756 778
756 791
758 806
760 814
760 824
761 772
761 781
762 780
763 796
763 806
764 780
764 817
765 844
771 808
772 846
774 780
774 814
775 786
775 789
777 812
777 821
777 846
778 805
780 800
781 794
784 793
785 791
787 828
794 795
794 803
797 841
798 841
799 807
802 814
802 830
809 826
813 816
824 834
824 839
834 837