900
4167
0 69
0 104
0 271
0 277
0 466
0 526
0 642
0 881
0 886
1 105
1 181
1 452
1 480
1 545
1 614
1 711
2 9
2 104
2 172
2 243
2 360
2 399
2 565
2 603
2 781
2 891
3 54
3 83
3 126
3 148
3 229
3 293
3 373
3 400
3 408
3 423
3 527
3 560
3 787
3 850
4 62
4 205
4 239
4 277
4 378
4 424
5 29
5 60
5 102
5 106
5 189
5 192
5 292
5 310
5 521
5 561
5 572
5 632
5 828
6 357
6 445
6 485
6 580
6 618
7 45
7 187
7 500
7 511
7 606
7 741
7 770
7 814
7 838
7 847
8 140
8 220
8 264
8 696
9 197
9 255
9 389
9 406
9 591
9 806
9 814
9 882
10 36
10 116
10 164
10 214
10 266
10 285
10 328
10 371
10 650
10 664
10 689
10 719
10 829
10 882
11 25
11 67
11 102
11 302
11 335
11 370
11 516
11 723
11 724
11 779
11 828
11 895
12 120
12 130
12 482
12 608
12 610
12 641
12 693
12 723
12 734
12 831
12 875
12 881
13 58
13 107
13 109
13 132
13 374
13 548
13 559
13 637
13 711
13 753
13 768
14 21
14 94
14 99
14 173
14 196
14 299
14 355
14 400
14 584
14 602
15 48
15 104
15 129
15 198
15 207
15 317
15 346
15 518
15 604
15 713
15 863
16 27
16 65
16 483
16 576
16 600
16 630
16 822
16 840
17 470
17 504
17 542
17 595
18 45
18 53
18 185
18 311
18 403
18 509
18 544
18 873
19 231
19 259
19 416
19 447
19 597
19 627
19 682
20 273
20 313
20 495
20 570
20 619
20 620
20 682
20 736
20 837
21 105
21 157
21 177
21 221
21 245
21 262
21 384
21 509
21 580
21 585
21 781
21 812
21 877
22 108
22 152
22 177
22 213
22 740
22 872
22 894
23 85
23 175
23 273
23 276
23 345
23 668
23 838
23 862
23 869
24 34
24 39
24 131
24 171
24 178
24 185
24 238
24 479
24 600
24 724
24 730
24 827
24 868
25 68
25 97
25 111
25 117
25 205
25 217
25 256
25 323
25 384
25 402
25 422
25 449
25 462
25 626
25 744
25 766
25 881
26 202
26 230
26 267
26 273
26 421
26 444
26 575
26 699
26 772
27 478
27 611
27 726
27 739
27 822
28 80
28 148
28 150
28 269
28 307
28 321
28 474
28 479
28 552
28 564
28 589
28 591
28 617
28 636
28 643
28 842
29 159
29 185
29 442
29 475
29 486
29 501
29 589
29 598
29 615
29 639
29 722
29 842
30 35
30 240
30 265
30 560
30 734
31 36
31 58
31 72
31 291
31 348
31 420
31 519
31 564
31 578
31 655
31 683
31 708
31 771
32 52
32 92
32 186
32 225
32 407
32 441
32 463
32 589
32 599
32 631
32 780
32 829
32 883
33 234
33 252
33 307
33 324
33 507
33 720
33 735
33 785
33 846
34 88
34 106
34 131
34 384
34 485
34 495
34 563
34 614
34 870
34 892
35 250
35 406
35 499
35 500
35 638
35 778
35 833
35 871
36 115
36 166
36 289
36 425
36 697
36 761
36 781
36 846
37 47
37 167
37 168
37 382
37 533
37 605
38 91
38 112
38 165
38 168
38 318
38 469
38 715
38 744
39 71
39 120
39 175
39 208
39 288
39 379
39 411
39 456
39 576
39 666
40 56
40 257
40 293
40 424
40 454
40 607
40 700
40 713
40 848
41 64
41 88
41 135
41 347
41 434
41 452
41 477
41 546
41 677
42 101
42 239
42 274
42 352
42 390
42 467
42 667
42 670
43 300
43 331
43 432
43 445
43 559
43 660
43 800
43 828
43 835
43 886
44 171
44 349
44 474
44 533
44 543
44 564
44 571
44 727
45 84
45 158
45 264
45 363
45 432
45 501
45 742
45 806
45 856
46 61
46 262
46 408
46 646
46 737
47 111
47 266
47 343
47 403
47 469
47 536
47 666
47 667
47 717
47 782
47 835
48 192
48 274
48 295
48 393
48 524
48 552
48 577
48 654
48 670
48 811
49 202
49 379
49 393
49 405
49 412
49 470
49 475
49 507
49 564
49 626
49 643
49 673
49 700
49 752
49 786
50 189
50 283
50 312
50 446
50 612
50 665
50 728
50 817
50 826
50 829
50 875
51 160
51 432
51 433
51 695
51 699
51 764
52 89
52 100
52 138
52 191
52 269
52 320
52 365
52 379
52 566
52 650
52 748
52 898
53 100
53 107
53 140
53 142
53 192
53 250
53 276
53 318
53 338
53 364
53 409
53 469
53 514
53 580
53 674
54 55
54 491
54 494
54 659
54 724
55 131
55 145
55 262
55 290
55 300
55 324
55 529
55 607
55 806
56 93
56 96
56 150
56 178
56 369
56 803
57 238
57 253
57 383
57 420
57 578
58 195
58 258
58 351
58 401
58 477
58 481
58 512
58 515
58 562
58 676
58 765
59 72
59 262
59 311
59 367
59 449
59 612
59 632
59 760
59 764
59 774
59 838
59 881
60 78
60 112
60 136
60 316
60 579
60 587
60 593
60 830
60 834
61 233
61 744
61 826
61 850
62 63
62 250
62 607
62 703
62 796
62 866
63 158
63 206
63 367
63 461
63 520
63 601
63 815
63 829
63 895
64 243
64 311
64 506
64 679
65 131
65 178
65 196
65 269
65 486
65 562
65 650
66 101
66 102
66 146
66 365
66 400
66 408
66 467
66 647
67 97
67 132
67 244
67 401
67 526
67 782
67 805
68 100
68 134
68 166
68 266
68 386
68 515
68 568
68 605
68 645
68 721
68 894
69 170
69 178
69 223
69 244
69 272
69 299
69 523
69 575
69 893
70 219
70 279
70 412
70 661
70 727
70 803
70 815
71 148
71 259
71 490
71 527
71 837
71 891
72 84
72 94
72 235
72 468
72 585
73 90
73 99
73 492
74 79
74 200
74 227
74 239
74 483
74 626
74 685
74 870
75 81
75 250
75 342
75 670
75 799
76 140
76 314
76 474
76 504
76 530
76 551
76 651
76 839
76 898
77 108
77 279
77 297
77 384
77 397
77 407
77 471
77 493
77 608
77 622
77 647
77 669
77 680
77 712
78 97
78 149
78 219
78 249
78 313
78 350
78 383
78 503
78 510
78 596
78 859
79 144
79 205
79 281
79 634
79 830
79 846
79 863
80 115
80 149
80 198
80 294
80 746
80 772
81 150
81 188
81 413
81 457
81 475
81 510
81 559
81 649
81 809
81 882
82 253
82 547
82 578
82 655
83 124
83 440
83 466
83 558
83 662
83 731
83 818
84 112
84 259
84 374
84 422
84 510
84 519
84 807
84 824
85 159
85 175
85 218
85 239
85 415
85 568
85 661
85 816
86 147
86 162
86 363
86 395
86 562
86 723
86 844
87 198
87 226
87 231
87 234
87 366
87 381
87 391
87 505
87 523
87 548
87 570
87 622
87 639
87 774
87 857
88 94
88 298
88 328
88 559
88 618
88 657
88 682
88 714
88 861
89 120
89 225
89 402
89 460
89 654
89 719
89 834
90 116
90 156
90 246
90 247
90 271
90 428
90 547
90 599
90 781
91 199
91 323
91 421
91 703
91 890
91 894
92 179
92 376
92 415
92 556
92 558
92 640
92 802
93 122
93 213
93 296
93 367
93 393
93 503
93 892
93 893
94 203
94 219
94 265
94 326
94 636
94 782
95 282
95 544
95 566
95 680
95 682
95 708
95 744
95 823
95 833
96 274
96 417
96 429
96 516
96 548
96 620
96 677
96 700
96 826
96 834
97 324
97 420
97 484
97 545
97 664
97 882
97 892
98 163
98 366
98 464
98 583
98 695
98 765
98 779
98 796
98 894
99 280
99 289
99 399
99 480
99 630
99 697
99 792
100 234
100 243
100 295
100 470
100 709
101 512
101 535
101 537
101 858
102 357
102 599
102 660
102 662
102 686
102 690
103 136
103 234
103 322
103 326
103 475
103 488
103 495
103 689
103 703
104 281
104 301
104 418
104 586
104 623
104 648
104 672
104 700
105 217
105 221
105 368
105 475
105 483
105 528
105 543
105 586
105 590
105 682
105 720
105 769
105 807
105 831
106 275
106 386
106 569
106 606
106 701
106 745
106 756
106 792
107 326
107 572
107 824
107 891
108 177
108 293
108 358
108 599
108 604
108 670
108 707
108 829
109 297
109 425
109 519
109 750
109 757
109 775
109 877
110 320
110 368
110 464
110 593
110 874
111 116
111 158
111 197
111 311
111 426
111 490
111 553
111 601
112 124
112 153
112 185
112 228
112 304
112 396
112 689
112 814
113 139
113 179
113 184
113 237
113 273
113 527
113 792
113 833
114 235
114 261
114 383
114 386
114 465
114 505
114 587
114 749
114 810
114 835
115 234
115 630
115 694
115 725
115 732
115 743
115 782
115 800
115 816
116 202
116 499
116 539
116 706
116 744
117 156
117 238
117 430
117 500
117 513
117 757
117 770
117 831
117 843
117 845
118 256
118 278
118 289
118 367
118 397
118 475
118 533
118 584
118 615
118 620
118 766
118 791
118 819
119 129
119 143
119 170
119 186
119 353
119 364
119 435
119 634
119 663
119 763
119 849
119 869
120 271
120 385
120 881
121 153
121 232
121 256
121 315
121 347
121 468
121 560
121 684
122 199
122 211
122 214
122 347
122 837
122 898
123 355
123 684
123 797
123 851
124 129
124 240
124 338
124 376
124 541
124 674
124 700
124 763
124 837
125 205
125 574
125 674
125 698
125 768
125 889
125 895
126 237
126 409
126 441
126 818
127 161
127 431
127 525
127 618
127 663
128 187
128 414
128 426
128 480
128 491
128 526
128 551
128 575
128 666
128 843
129 245
129 373
129 547
129 624
129 658
129 674
129 773
130 187
130 262
130 325
130 384
130 390
130 467
130 526
130 533
130 536
130 610
130 702
130 762
131 178
131 278
131 361
131 434
131 708
131 807
132 249
132 264
132 405
132 540
132 630
132 786
133 206
133 275
133 299
133 327
133 340
133 503
133 552
133 596
133 691
133 789
134 236
134 340
134 353
134 419
134 434
134 457
134 514
134 536
134 775
134 828
134 838
135 196
135 292
135 311
135 327
135 398
135 409
135 550
135 569
135 685
136 223
136 231
136 554
136 561
136 699
136 728
136 832
137 153
137 190
137 200
137 233
137 256
137 278
137 342
137 363
137 379
137 397
137 516
137 585
137 719
137 758
137 822
138 200
138 262
138 375
138 602
138 677
138 856
139 218
139 278
139 436
139 818
139 839
140 250
140 253
140 515
140 588
140 609
140 708
141 435
141 477
141 532
141 725
141 898
142 152
142 191
142 231
142 234
142 241
142 367
142 574
142 745
142 796
142 847
143 252
143 261
143 628
143 653
143 705
143 820
144 168
144 183
144 188
144 333
144 373
144 380
144 399
144 427
144 444
144 466
144 638
144 643
144 685
144 733
144 767
145 152
145 332
145 578
145 606
145 649
145 758
146 259
146 301
146 470
146 485
146 506
146 751
146 786
147 150
147 386
147 534
147 778
147 897
148 347
148 366
148 452
148 481
148 765
148 858
149 368
149 645
149 679
149 687
149 711
150 222
150 285
150 315
150 363
150 439
150 481
150 587
150 601
150 788
150 802
151 161
151 467
151 630
151 631
151 709
151 790
151 819
151 832
151 833
151 860
152 268
152 408
152 600
153 201
153 229
153 271
153 274
153 300
153 335
153 346
153 361
154 179
154 246
154 247
154 402
154 438
154 530
154 609
154 687
155 374
155 582
155 604
155 723
155 846
155 875
156 228
156 249
156 335
156 362
156 416
156 508
156 558
156 598
157 160
157 387
157 448
157 499
157 726
157 845
158 201
158 294
158 332
158 790
158 799
158 827
159 208
159 280
159 283
159 357
159 373
159 400
159 503
159 723
159 762
159 766
159 779
159 853
160 234
160 246
160 259
160 553
161 278
161 311
161 440
161 443
161 456
161 678
161 783
161 873
161 885
162 169
162 368
162 400
162 429
162 447
162 459
162 519
162 562
162 614
162 793
162 797
162 816
163 299
163 554
163 596
163 664
163 697
163 813
163 835
164 357
164 369
164 396
164 449
164 456
164 468
164 585
164 610
164 681
164 858
165 195
165 441
165 533
165 608
165 655
165 717
165 719
166 284
166 414
166 447
166 482
166 508
166 529
166 620
166 695
166 702
166 830
167 251
167 606
167 708
167 717
167 875
168 179
168 468
168 534
168 542
169 217
169 308
169 749
169 890
169 897
170 194
170 235
170 236
170 304
170 366
170 376
170 470
170 559
170 573
170 619
170 630
170 671
170 676
170 862
171 283
171 301
171 309
171 328
171 574
171 691
171 750
171 794
171 819
171 881
172 232
172 543
172 590
172 620
172 648
172 706
173 325
173 491
173 531
173 569
173 683
173 713
173 723
174 191
174 495
174 517
174 815
174 868
174 869
174 884
174 887
175 731
175 782
176 272
176 462
176 584
176 720
176 823
177 217
177 334
177 459
177 526
177 624
177 782
177 808
178 285
178 357
178 435
178 556
178 625
178 654
178 767
179 186
179 292
179 434
179 451
179 512
179 564
179 631
179 768
179 775
179 862
179 869
180 344
180 359
180 449
180 451
180 452
180 478
180 556
180 694
181 185
181 308
181 410
181 438
181 457
181 492
181 515
181 647
181 779
181 856
182 242
182 298
182 415
182 421
182 493
182 623
182 731
183 256
183 298
183 437
183 467
183 515
184 239
184 356
184 371
184 400
184 656
184 658
184 710
184 749
184 755
184 826
185 211
185 414
185 416
185 499
185 636
185 642
185 706
185 798
185 810
185 829
185 895
186 228
186 229
186 425
186 520
186 538
186 642
186 754
186 773
186 888
186 895
187 191
187 225
187 257
187 262
187 300
187 360
187 384
187 569
187 726
187 874
188 227
188 344
188 367
188 385
188 419
188 580
188 616
188 624
188 672
188 694
188 852
188 878
189 214
189 323
189 575
189 628
189 663
189 775
189 798
189 867
190 320
190 325
190 339
190 365
190 428
190 516
190 633
190 639
190 697
190 723
190 742
191 276
191 289
191 321
191 573
191 619
191 813
192 199
192 319
192 350
192 509
192 685
192 756
192 803
192 852
193 279
193 379
193 447
193 757
193 769
194 248
194 322
194 369
194 388
194 442
194 486
194 645
194 707
194 757
195 210
195 235
195 238
195 245
195 278
195 326
195 329
195 379
195 388
195 418
195 437
195 467
195 541
195 675
196 340
196 568
196 720
196 733
196 734
196 802
196 806
196 822
197 245
197 355
197 658
198 201
198 244
198 381
198 662
198 870
199 201
199 286
199 335
199 381
199 392
199 393
199 405
199 414
199 573
199 577
199 580
199 604
199 827
200 227
200 260
200 312
200 325
200 385
200 394
200 446
200 514
200 794
201 340
201 436
201 659
201 685
201 805
201 845
201 877
202 504
202 510
202 728
202 795
203 436
203 465
203 519
203 585
203 595
203 751
203 872
204 304
204 333
204 343
204 418
204 466
204 639
204 755
204 818
205 226
205 227
205 241
205 497
205 619
205 720
206 211
206 403
206 432
206 506
206 562
206 621
206 703
206 723
206 788
207 402
207 471
207 560
207 601
207 768
208 405
208 474
208 732
208 787
208 818
209 210
209 344
209 345
209 744
209 747
209 857
210 284
210 351
210 448
210 873
211 319
211 373
211 490
211 772
211 800
212 294
212 485
212 503
212 546
212 554
212 620
212 623
212 642
212 666
212 772
212 791
213 386
213 464
213 482
213 539
213 540
213 602
213 664
213 850
214 232
214 395
214 411
214 571
214 668
214 721
214 840
215 392
215 489
215 521
215 638
215 710
215 757
215 788
216 295
216 303
216 358
216 399
216 503
216 508
216 667
216 832
217 495
217 561
217 594
217 704
217 814
217 819
218 468
218 551
218 583
218 621
218 625
218 725
219 223
219 245
219 379
219 419
219 431
219 438
219 531
219 656
219 827
220 263
220 424
220 457
220 476
220 630
220 699
220 727
220 825
220 844
220 897
221 287
221 523
221 689
221 812
221 857
222 310
222 602
222 651
222 771
222 802
223 261
223 354
223 449
223 480
224 306
224 334
224 340
224 663
224 685
224 778
225 563
225 592
225 618
225 676
225 886
226 409
227 343
227 461
227 591
227 626
227 678
227 681
227 711
227 743
228 263
228 378
228 432
228 561
228 648
228 775
228 785
228 806
228 874
229 337
229 433
229 455
229 493
229 535
229 747
230 292
230 326
230 374
230 449
230 581
230 588
230 613
230 719
230 840
230 883
230 885
231 412
231 450
231 459
231 517
231 580
231 608
231 613
231 638
231 683
231 762
231 767
231 793
231 799
231 823
232 305
232 326
232 401
232 469
232 477
232 574
232 592
232 709
232 756
232 816
233 292
233 316
233 339
233 341
233 370
233 619
233 705
234 324
234 391
234 433
235 241
235 263
235 377
235 403
235 483
235 492
235 527
235 580
235 651
235 707
236 302
236 377
236 754
236 799
236 819
236 874
237 239
237 408
237 642
237 729
238 404
238 439
238 512
238 847
239 309
239 398
239 472
239 727
240 349
240 615
240 762
240 772
241 266
241 417
241 425
241 557
241 631
241 637
241 766
241 787
241 850
242 259
242 490
242 530
242 717
242 775
243 612
243 699
243 847
244 276
244 288
244 338
244 389
244 488
244 592
244 713
244 735
244 803
244 897
245 500
245 776
245 779
245 846
246 268
246 399
246 426
246 481
246 511
246 709
246 815
246 834
246 889
247 444
247 613
247 648
247 727
247 764
248 304
248 317
248 332
248 385
248 403
248 458
248 601
248 697
248 717
248 759
248 828
248 871
248 873
248 881
249 299
249 400
249 464
249 502
249 606
249 865
250 463
250 528
250 709
250 856
251 352
251 382
251 524
251 549
251 558
251 697
251 765
251 771
251 804
251 872
252 550
252 552
252 667
252 697
253 415
253 463
253 535
253 598
253 674
253 781
253 802
253 816
254 284
254 338
254 508
254 563
254 568
254 628
254 649
254 694
254 762
254 780
254 788
254 840
254 857
255 267
255 338
255 415
255 464
255 509
255 533
255 709
256 295
256 316
256 673
256 708
256 721
256 726
257 289
257 363
257 371
257 451
257 459
257 479
257 495
257 610
257 717
258 466
258 620
258 655
258 674
258 742
259 285
259 292
259 483
259 533
259 544
259 758
259 821
260 380
260 411
260 446
260 501
260 582
260 741
260 819
260 856
261 342
261 519
261 579
261 585
261 760
261 797
261 882
262 438
262 448
262 512
262 587
263 317
263 820
263 880
264 273
264 575
264 646
264 858
264 884
265 365
265 439
265 523
265 670
265 681
265 834
265 844
265 898
266 320
266 321
266 380
266 659
266 682
266 759
266 794
266 815
267 314
267 451
267 705
268 390
268 439
268 537
268 546
268 882
269 272
269 330
269 391
269 437
269 677
269 756
269 814
269 875
270 382
270 485
270 550
270 706
270 724
270 731
270 865
271 378
271 535
271 587
271 597
271 740
271 819
271 844
271 850
271 893
272 351
272 407
272 694
272 743
272 745
273 287
273 486
273 524
273 613
273 718
273 734
273 842
274 284
274 320
274 336
274 660
274 813
275 566
275 660
275 662
275 721
275 813
276 300
276 563
276 692
276 809
276 819
276 871
277 285
277 439
277 440
277 681
277 738
277 862
278 331
278 417
278 459
278 558
278 630
278 848
279 351
279 390
279 773
279 813
280 321
280 432
280 565
280 614
280 658
280 676
280 729
280 761
280 766
280 839
280 866
280 874
281 303
281 313
281 461
281 484
281 525
281 530
281 570
281 628
281 638
281 707
281 741
282 379
282 486
282 539
282 577
282 832
283 379
283 558
283 633
283 884
284 290
284 331
284 449
284 774
284 810
284 820
285 369
285 421
285 688
285 698
286 436
286 440
286 453
286 467
286 579
286 640
286 696
286 859
286 866
287 298
287 349
287 384
287 509
287 537
287 555
287 611
287 673
287 693
287 832
287 860
287 877
288 302
288 317
288 449
288 469
288 481
288 663
288 756
288 777
289 314
289 340
289 392
289 430
289 459
289 488
289 523
289 587
289 648
289 661
289 689
289 749
290 295
290 349
290 391
290 406
290 722
290 852
290 893
291 343
291 473
291 706
291 773
291 797
291 837
291 845
291 886
292 326
292 492
292 519
292 568
292 604
292 667
293 310
293 467
293 495
293 693
293 699
293 798
293 831
294 318
294 366
294 387
294 458
294 498
294 511
294 607
294 787
294 794
294 798
295 386
295 387
295 434
295 549
295 553
295 576
295 752
295 774
296 656
296 772
296 790
297 552
297 553
297 560
297 623
297 644
297 649
297 727
297 879
298 337
298 354
298 475
298 596
298 610
298 690
298 764
298 850
299 347
299 423
299 561
299 562
299 639
300 349
300 446
300 488
300 829
300 857
301 411
301 413
301 477
301 561
301 845
301 847
301 889
302 371
302 398
302 417
302 502
302 598
302 638
302 689
303 429
303 440
303 529
303 535
303 641
303 823
303 826
303 866
304 362
304 560
304 710
304 716
304 759
304 805
304 807
304 892
305 333
305 522
305 542
305 709
305 711
305 745
305 870
306 328
306 374
306 490
306 494
306 638
306 871
306 873
306 892
307 359
307 382
307 418
307 447
307 489
307 520
307 657
307 818
308 331
308 341
308 495
308 573
308 730
308 782
308 891
309 331
309 370
309 461
309 492
309 582
309 585
309 594
309 705
309 770
310 312
310 433
310 461
310 501
310 523
310 548
310 728
310 781
310 788
311 460
311 533
311 654
311 748
311 840
311 862
311 866
311 867
312 425
312 489
312 588
312 691
313 329
313 340
313 464
313 515
314 388
314 477
314 671
314 703
314 749
314 875
315 332
315 410
315 522
315 528
315 625
316 397
316 601
316 812
316 849
316 870
316 897
317 414
317 452
317 484
317 494
317 534
317 632
317 817
317 839
317 850
317 869
318 370
318 382
318 564
318 616
318 877
319 321
319 378
319 643
320 324
320 415
320 489
320 514
320 544
320 667
320 883
321 327
321 424
321 525
321 528
321 649
322 376
322 380
322 394
322 435
322 466
322 821
323 465
323 535
323 550
323 570
323 607
323 625
323 795
323 838
324 420
324 745
324 751
324 837
325 397
325 465
325 474
325 482
325 523
325 838
326 643
326 740
326 760
326 867
327 666
327 696
328 858
329 358
329 505
329 668
329 812
329 815
329 822
329 893
330 352
330 460
330 575
330 649
330 858
330 866
331 643
331 740
331 839
331 853
332 666
332 768
332 803
332 835
333 391
333 483
333 665
333 722
333 734
333 862
334 413
334 449
334 489
334 579
334 587
334 674
334 774
334 884
335 453
335 463
335 515
335 599
335 751
336 361
336 393
336 414
336 467
336 512
336 544
336 606
336 769
337 386
337 571
338 555
338 587
338 658
338 672
338 808
338 811
339 426
339 519
339 656
339 659
339 724
339 806
339 860
340 383
340 464
340 466
340 653
340 713
340 773
341 744
341 766
341 865
342 401
342 626
342 688
342 752
343 359
343 396
343 483
343 684
343 878
344 422
344 500
344 587
344 819
344 895
345 399
345 479
345 555
345 604
345 771
345 807
346 357
346 359
346 394
346 737
346 826
347 431
347 478
347 506
347 595
347 647
347 875
348 397
348 424
348 437
348 547
348 630
348 798
349 500
349 553
349 572
349 587
350 398
350 452
350 456
350 516
350 525
350 746
350 763
350 774
350 821
351 548
352 374
352 583
352 670
352 684
352 692
352 761
352 838
352 872
353 415
353 454
353 478
353 479
353 554
353 678
353 803
353 824
354 419
354 426
354 612
354 652
354 690
355 586
355 649
355 658
356 618
356 787
356 816
356 827
356 895
357 425
357 537
357 825
357 849
357 864
358 383
358 521
358 573
358 646
358 679
358 742
358 748
359 587
359 686
359 811
359 839
360 454
360 520
360 620
360 756
360 761
360 807
361 365
361 425
361 451
361 528
361 531
361 545
361 553
361 636
361 658
361 678
361 697
361 805
361 843
361 881
361 888
362 478
362 479
362 605
363 496
363 690
363 733
363 779
364 585
364 793
364 820
364 889
365 417
365 438
365 635
365 705
365 806
366 609
366 722
366 805
366 809
366 819
366 823
366 834
366 854
367 416
367 636
368 382
368 388
368 408
368 436
368 547
368 564
368 642
368 736
368 778
368 806
369 401
369 633
369 681
369 714
369 740
369 783
370 588
370 627
370 642
370 681
371 483
371 568
371 569
371 754
372 561
372 567
372 880
373 472
373 604
373 640
373 729
373 782
373 876
374 496
374 535
374 572
374 608
374 671
374 694
374 787
374 811
375 555
375 785
375 793
376 475
376 616
376 661
376 774
376 823
376 842
377 539
377 566
377 568
378 446
378 624
378 797
379 472
379 487
379 537
379 702
379 730
379 792
380 411
380 621
380 680
381 505
381 556
381 564
381 565
381 580
381 588
382 517
382 681
382 708
382 716
382 796
383 463
383 486
383 489
383 510
383 531
383 684
383 889
384 393
384 459
384 589
384 609
384 629
384 644
384 689
384 710
384 721
385 390
385 421
385 453
385 633
385 666
385 736
385 772
385 839
386 622
386 712
386 757
387 536
389 558
389 655
389 766
389 787
389 790
389 805
389 827
390 414
390 440
390 514
390 829
390 843
391 441
391 669
391 703
392 465
392 578
392 630
392 643
393 469
393 505
393 545
393 604
393 790
394 397
394 436
394 542
394 620
394 679
394 730
394 768
394 783
395 562
395 588
395 602
395 716
395 730
395 773
395 821
396 618
396 632
396 752
396 818
397 504
397 630
397 645
397 886
398 619
399 627
399 870
400 425
400 628
400 667
400 690
400 702
400 792
400 898
401 427
401 526
401 571
401 583
401 698
401 708
402 687
402 835
403 589
403 676
403 690
403 694
403 697
403 718
403 735
403 782
403 898
404 433
404 504
404 643
404 653
404 751
404 832
404 867
405 413
405 702
405 762
405 768
405 824
405 864
406 572
406 588
406 638
406 765
407 720
407 890
408 464
408 472
408 548
408 577
408 642
408 751
408 800
409 417
409 489
409 491
409 560
409 725
410 540
410 588
410 633
410 709
410 830
411 762
412 532
412 612
413 861
414 560
414 635
414 642
414 684
415 891
416 426
416 622
416 721
417 484
417 857
417 861
418 424
418 531
418 619
418 629
418 640
418 672
418 719
418 737
418 742
418 787
418 894
419 467
419 504
419 654
419 733
419 757
420 729
420 750
420 826
420 861
421 713
422 489
422 557
422 705
423 433
423 468
423 496
423 509
423 516
423 542
423 584
423 722
423 769
424 508
424 564
424 705
424 800
425 486
425 719
425 761
425 886
426 435
426 525
426 591
426 605
426 629
426 764
426 787
426 896
427 463
427 535
427 581
427 588
427 658
427 838
427 842
427 859
428 439
428 467
428 469
428 480
428 594
428 655
428 660
428 691
428 712
429 431
429 473
429 560
429 592
429 611
429 694
429 743
429 825
430 488
430 607
430 702
430 865
431 660
431 707
431 726
431 748
432 517
432 842
432 893
433 443
433 445
433 486
433 692
434 541
434 646
434 672
434 713
435 485
435 545
435 557
435 567
435 622
435 864
436 494
436 594
436 682
437 597
437 736
437 750
437 830
438 582
438 598
438 607
438 761
438 787
439 496
439 544
440 460
440 504
441 561
441 605
441 696
441 754
441 867
442 602
442 620
442 621
442 640
442 711
442 794
443 515
443 646
443 829
443 886
444 494
444 497
444 548
444 569
444 855
445 689
445 779
446 717
447 544
447 557
447 594
447 675
448 451
448 483
448 570
448 583
448 637
448 652
448 685
448 790
448 798
448 828
449 516
449 891
450 574
450 839
450 896
451 462
451 733
451 871
452 461
452 643
452 686
452 883
453 457
453 484
453 596
453 673
453 705
453 756
453 806
454 667
454 680
454 711
454 764
454 838
455 475
455 621
455 735
456 894
457 660
457 890
458 464
458 471
458 653
458 819
459 578
459 639
459 878
459 899
460 588
460 616
460 643
460 778
460 837
461 767
461 781
461 841
462 469
462 601
462 684
463 491
463 533
463 724
463 737
463 782
463 826
463 855
464 612
464 776
465 494
465 577
465 599
465 712
465 746
466 530
466 616
466 801
467 502
467 600
467 604
467 617
467 892
467 893
468 565
468 735
468 772
469 471
469 572
469 701
470 538
470 591
470 744
470 792
471 663
471 710
471 808
471 820
472 486
472 493
472 839
473 514
473 542
473 552
473 610
473 643
473 734
473 744
473 806
473 876
474 581
474 676
474 692
474 739
474 815
475 848
476 499
476 527
476 740
476 763
477 552
477 559
477 571
477 727
477 777
477 802
477 850
478 483
478 597
478 615
478 701
478 706
478 748
478 792
479 480
479 565
479 663
480 510
480 685
480 741
480 758
480 809
480 820
480 841
480 852
481 530
481 565
481 570
481 810
481 846
481 875
482 578
482 587
482 620
482 644
482 716
482 882
483 571
483 673
483 676
483 699
483 743
484 502
484 685
484 710
484 811
485 545
485 615
485 749
485 755
485 826
486 751
487 671
488 565
488 593
488 644
488 683
488 684
488 869
489 506
489 615
489 705
489 778
489 873
490 582
490 606
490 612
490 728
490 797
491 609
491 650
491 792
491 817
492 725
492 855
492 879
493 581
493 705
493 751
493 764
493 859
494 496
494 785
494 848
494 857
495 536
495 538
495 743
495 810
495 837
495 896
496 520
496 633
496 695
496 761
496 763
496 834
497 628
497 761
497 777
497 781
497 794
497 815
497 857
497 867
498 652
498 665
498 825
499 575
499 580
499 581
499 643
499 644
500 508
500 560
500 637
500 675
500 738
501 531
501 674
502 520
502 534
502 549
502 692
502 850
502 899
503 569
503 611
503 861
503 868
503 882
504 552
504 629
504 674
504 789
505 624
505 702
505 711
505 757
505 788
506 611
506 655
506 807
506 897
507 594
507 632
507 704
507 785
507 860
508 733
508 832
508 898
509 578
509 707
510 518
510 522
510 632
510 635
510 688
510 752
511 561
511 580
511 609
511 721
512 879
513 571
513 578
513 717
514 520
514 539
514 593
514 629
514 631
514 683
514 725
514 835
514 890
514 896
514 898
515 550
515 662
516 531
516 642
517 536
517 736
517 756
517 777
517 843
518 602
518 838
518 875
519 603
519 692
519 767
520 634
520 799
521 570
521 633
521 649
521 762
521 814
522 687
523 666
523 719
524 529
524 605
524 615
524 688
524 827
524 887
525 588
525 633
525 687
526 584
526 599
526 804
526 809
526 865
527 584
527 600
527 616
527 660
527 876
528 591
528 692
528 864
529 540
529 608
529 626
529 653
529 661
529 747
529 812
529 868
530 532
530 692
530 739
530 786
530 824
531 534
531 564
531 613
531 654
531 655
531 674
531 724
531 762
531 789
532 598
532 635
532 649
532 676
532 699
533 538
533 676
533 792
534 581
534 646
534 662
534 754
534 792
535 781
535 793
535 888
535 889
536 723
536 724
536 731
536 757
536 775
536 810
536 869
537 640
537 717
538 644
539 582
539 585
539 787
539 793
540 614
540 882
541 634
541 733
541 833
541 854
542 582
542 599
542 741
542 805
542 809
542 830
542 873
543 608
543 701
543 717
543 831
543 839
544 727
544 731
544 759
544 868
545 670
545 840
545 876
545 884
545 890
546 750
546 837
547 561
547 712
547 734
548 562
548 595
548 651
548 656
548 723
548 810
549 597
549 624
549 628
549 629
549 640
549 648
550 596
550 601
550 603
550 672
550 689
550 714
551 658
551 823
552 567
552 685
552 770
552 839
553 612
553 613
553 626
553 706
553 801
553 809
553 827
553 845
553 894
553 898
554 568
554 581
554 793
555 578
555 631
555 643
555 657
555 827
556 621
556 696
556 713
556 820
556 863
556 884
557 666
557 704
557 728
557 870
557 872
557 876
558 674
558 748
558 861
559 802
559 805
559 866
560 606
560 714
560 734
560 798
561 566
561 751
561 824
562 567
563 584
563 842
563 857
563 883
563 895
563 898
564 602
564 822
564 846
564 883
565 568
565 587
565 765
566 770
567 660
567 665
567 677
567 802
568 624
568 690
568 732
569 609
569 865
569 890
570 634
570 709
570 820
570 868
570 883
570 891
571 774
572 578
572 615
572 667
572 809
573 647
573 770
574 748
574 890
575 750
575 869
576 645
576 836
576 880
577 580
577 647
577 756
577 815
577 857
577 868
578 600
578 605
578 641
578 712
580 673
580 723
580 776
580 886
581 657
581 740
581 741
582 603
582 730
582 884
582 892
583 800
583 820
584 590
584 879
585 588
585 602
586 587
586 647
586 818
586 891
587 798
588 724
588 768
588 786
589 599
589 680
589 856
589 877
589 884
590 600
590 716
590 811
590 882
591 628
591 631
591 773
592 649
593 602
593 673
593 733
593 776
593 777
594 713
594 728
594 833
595 631
595 781
596 654
596 747
596 757
598 788
598 858
599 635
600 636
600 741
600 776
600 782
601 628
601 651
601 723
601 741
602 684
603 605
603 657
603 671
604 662
604 797
604 831
605 689
605 827
606 610
606 638
606 767
606 865
606 897
607 844
607 848
608 664
608 687
608 745
608 873
608 882
608 884
609 642
609 833
610 714
610 858
611 746
611 790
614 618
614 628
614 736
615 647
615 834
615 878
616 706
617 684
617 785
618 808
619 645
619 773
620 645
620 775
620 788
620 804
620 846
620 869
622 654
622 740
622 753
622 882
623 665
623 805
623 823
623 898
624 629
624 703
624 720
624 751
624 813
624 837
624 873
625 639
625 881
626 681
626 707
626 717
627 701
627 722
627 863
627 893
628 699
628 763
628 766
628 851
628 863
629 668
629 759
630 660
630 678
630 867
631 645
631 756
631 759
631 809
631 854
632 798
633 678
633 804
633 854
634 815
634 853
634 892
637 655
637 665
637 673
637 683
637 738
637 830
638 651
638 658
638 744
638 803
638 842
638 897
639 829
640 670
640 672
640 687
640 699
640 704
641 728
641 798
641 847
642 656
642 749
642 798
642 855
642 880
643 650
643 807
643 810
644 655
644 716
644 725
644 803
645 663
645 685
645 802
645 885
646 724
646 752
647 696
647 703
648 879
649 752
649 812
649 869
650 687
650 826
651 664
651 707
651 789
651 886
652 686
652 838
652 883
653 856
654 710
655 664
655 724
655 808
655 870
655 878
655 886
656 761
656 858
657 692
657 709
657 775
657 789
657 819
658 727
659 758
659 850
659 879
659 893
660 697
660 716
660 739
660 840
661 767
662 727
662 801
662 843
662 899
664 859
664 865
664 887
665 692
666 704
666 840
667 798
667 830
668 699
668 761
668 831
668 886
669 741
669 793
669 802
669 893
670 748
670 877
672 722
672 744
673 692
673 698
673 707
673 799
674 688
674 786
674 796
674 898
675 718
675 802
675 809
675 843
675 847
676 807
676 887
677 723
677 803
677 845
678 716
679 709
679 759
679 789
679 859
681 778
682 688
682 697
682 721
683 782
683 825
683 836
684 789
686 775
686 776
686 793
687 774
687 800
688 696
688 809
688 877
689 736
690 704
690 726
690 731
690 733
690 842
690 852
690 899
692 737
692 751
692 846
693 729
693 736
693 746
693 827
694 735
694 797
694 805
695 703
695 718
695 750
695 850
696 708
696 723
697 709
697 827
697 852
697 859
698 699
698 716
698 859
699 737
701 794
701 841
702 718
702 735
702 806
702 823
703 830
704 811
704 888
705 742
706 888
707 878
708 840
709 776
709 823
711 734
711 882
711 883
712 740
712 771
712 862
713 779
713 799
714 737
714 769
714 794
714 833
714 858
714 892
715 732
716 717
716 752
717 804
718 810
719 769
721 757
722 737
722 805
722 815
723 831
723 849
724 845
725 801
726 787
726 824
727 742
727 762
727 779
729 768
729 840
730 732
730 833
731 836
732 856
733 822
733 836
733 887
734 814
734 847
735 769
736 889
737 745
738 848
738 894
740 763
740 836
741 865
742 818
743 863
744 751
744 819
745 787
746 804
746 828
746 899
747 766
747 894
749 782
749 854
750 781
750 806
751 859
752 860
752 891
753 767
753 769
753 775
754 756
754 774
754 809
755 778
755 868
756 858
757 856
757 864
760 835
760 837
760 870
761 823
762 786
762 831
762 864
766 882
767 829
768 782
768 818
769 846
774 869
775 899
776 799
777 791
777 874
778 813
779 784
779 801
779 878
781 798
781 818
782 854
782 855
782 856
783 818
783 844
785 868
787 806
787 841
787 852
788 792
788 801
788 845
789 799
789 843
790 794
790 885
791 853
792 802
796 819
796 836
796 856
797 847
798 819
798 848
799 884
800 855
801 804
801 842
801 845
801 860
802 878
803 844
803 851
805 825
807 819
809 875
809 878
813 899
819 841
819 897
821 828
822 896
823 830
824 826
831 833
833 840
833 851
841 861
841 865
841 867
842 862
842 873
843 855
844 853
845 866
850 864
851 870
855 864
857 865
862 876
865 887
873 892
874 895
878 880
885 899