950
4481
0 35
0 62
0 121
0 236
0 323
0 346
0 347
0 581
0 639
0 730
0 747
0 763
0 807
0 938
1 157
1 487
1 513
1 758
1 915
1 927
2 23
2 117
2 476
2 559
2 686
2 710
2 873
2 926
3 45
3 346
3 547
3 603
3 665
3 686
3 691
3 749
4 187
4 239
4 279
4 308
4 355
4 383
4 385
4 402
4 479
4 517
4 569
4 623
4 697
4 713
4 790
4 795
4 909
4 941
5 43
5 246
5 482
5 564
5 727
5 738
5 858
5 879
6 16
6 125
6 152
6 285
6 371
6 578
6 690
7 72
7 421
7 427
7 717
7 735
7 751
7 870
8 113
8 194
8 458
8 541
8 586
8 688
8 734
8 749
8 798
8 818
8 881
9 131
9 434
9 465
9 496
9 505
9 531
9 611
9 615
9 643
9 659
9 749
9 812
10 104
10 163
10 312
10 357
10 381
10 498
10 586
10 598
10 642
10 772
10 886
11 107
11 603
11 759
11 775
12 15
12 41
12 110
12 193
12 230
12 435
12 698
12 763
12 861
12 883
12 925
13 67
13 76
13 330
13 371
13 755
13 788
13 833
13 846
14 49
14 302
14 347
14 379
14 495
14 502
14 552
14 611
14 699
14 771
14 879
15 74
15 299
15 455
15 572
15 754
15 816
15 842
15 939
16 637
16 679
16 775
16 839
17 68
17 166
17 555
17 570
17 698
17 719
17 869
18 48
18 79
18 125
18 145
18 217
18 256
18 334
18 365
18 573
18 581
18 604
18 708
18 748
18 909
19 145
19 150
19 156
19 239
19 346
19 368
19 711
19 734
20 179
20 253
20 254
20 392
20 394
20 507
20 560
20 590
20 651
20 794
21 29
21 348
21 375
21 492
21 560
21 665
22 34
22 256
22 343
22 451
22 468
22 583
22 608
22 898
22 938
23 326
23 591
23 601
23 602
23 610
23 677
23 709
23 847
23 924
24 90
24 183
24 184
24 259
24 281
24 410
24 435
24 550
24 597
24 620
24 848
25 254
25 266
25 277
25 301
25 374
25 783
25 817
25 887
26 64
26 206
26 374
26 395
26 439
26 511
26 529
26 534
26 544
26 754
26 813
26 831
26 892
26 923
27 203
27 272
27 641
27 665
27 760
27 806
28 125
28 188
28 267
28 322
28 362
28 450
28 730
28 765
28 824
28 930
29 32
29 37
29 128
29 175
29 181
29 431
29 881
30 60
30 131
30 191
30 228
30 270
30 281
30 377
30 855
31 33
31 61
31 192
31 541
31 647
31 791
32 35
32 144
32 146
32 149
32 177
32 239
32 301
32 375
32 420
32 663
32 763
32 806
32 830
33 49
33 81
33 160
33 222
33 296
33 375
33 409
33 413
33 428
33 496
33 549
33 730
33 872
34 490
34 514
34 599
34 603
34 716
34 754
34 828
35 95
35 138
35 167
35 242
35 484
35 581
35 700
35 818
36 96
36 113
36 127
36 148
36 243
36 299
36 399
36 491
36 506
36 586
36 618
36 626
36 742
36 858
36 862
36 918
37 139
37 281
37 542
37 645
37 687
37 741
37 767
37 866
38 57
38 85
38 115
38 147
38 234
38 246
38 411
38 465
38 486
38 576
38 580
38 724
38 733
38 747
38 909
39 336
39 415
39 452
39 786
39 929
40 112
40 404
40 406
40 492
40 518
40 539
40 669
40 685
41 53
41 121
41 145
41 245
41 534
41 538
41 621
41 682
41 686
41 702
41 727
41 791
41 877
41 886
41 910
42 135
42 233
42 249
42 259
42 445
42 451
42 616
42 675
42 696
42 721
42 753
42 854
43 95
43 102
43 456
43 497
43 716
43 736
43 779
43 817
43 853
44 64
44 104
44 216
44 227
44 285
44 552
44 608
44 665
44 706
44 736
45 52
45 102
45 296
45 351
45 438
45 445
45 652
45 654
45 761
45 773
45 800
45 925
46 285
46 326
46 508
46 658
46 788
46 823
46 842
46 941
47 71
47 119
47 137
47 327
47 373
47 380
47 420
47 453
47 475
47 546
47 561
47 619
47 684
47 733
47 850
47 899
48 163
48 254
48 613
48 660
49 101
49 118
49 154
49 169
49 399
49 497
49 656
49 713
49 720
49 783
49 863
49 866
49 892
50 169
50 192
50 273
50 301
50 415
50 598
50 610
50 718
50 805
50 903
51 229
51 606
51 928
52 59
52 74
52 82
52 102
52 147
52 315
52 393
52 493
52 723
52 768
52 804
53 560
53 803
53 864
53 875
53 929
53 944
54 129
54 327
54 349
54 595
54 668
54 778
54 808
54 861
54 884
54 906
55 133
55 172
55 232
55 244
55 285
55 449
55 485
55 737
55 742
56 187
56 282
56 309
56 355
56 394
56 413
56 438
56 539
56 562
56 612
56 650
56 690
56 710
56 728
56 743
56 751
56 753
56 832
56 843
56 909
57 496
57 624
57 657
57 719
58 94
58 211
58 309
58 331
58 386
58 501
58 559
58 589
58 693
58 710
58 763
58 765
58 929
59 237
59 252
59 449
59 864
59 910
59 941
60 137
60 170
60 232
60 259
60 264
60 452
60 574
60 761
60 762
60 813
60 817
60 842
61 104
61 105
61 125
61 427
61 783
61 892
61 941
62 121
62 127
62 183
62 328
62 721
62 851
62 859
63 128
63 303
63 524
63 818
63 850
64 300
64 394
64 428
64 539
64 806
64 896
65 138
65 235
65 362
65 386
65 515
65 538
65 584
65 678
65 717
65 787
65 808
65 832
65 882
66 280
66 360
66 455
66 630
66 804
66 877
66 899
67 86
67 157
67 235
67 277
67 293
67 370
67 484
67 508
67 564
67 594
67 747
67 820
67 831
68 193
68 200
68 204
68 329
68 583
68 909
69 71
69 214
69 288
69 364
69 422
69 550
69 682
69 702
69 864
69 885
70 187
70 212
70 217
70 329
70 376
70 387
70 499
70 704
70 920
71 109
71 222
71 468
71 525
71 705
71 752
71 764
71 787
71 799
71 884
71 894
72 101
72 121
72 263
72 545
72 889
72 927
73 95
73 245
73 368
73 468
73 837
73 838
73 850
74 77
74 88
74 249
74 300
74 307
74 458
74 475
74 509
74 768
74 776
74 827
74 898
75 148
75 167
75 172
75 235
75 239
75 465
75 470
75 747
76 170
76 299
76 333
76 346
76 361
76 418
76 465
76 503
76 520
76 569
76 649
76 721
76 726
76 733
76 944
77 83
77 258
77 631
77 741
77 750
77 796
78 101
78 145
78 146
78 230
78 275
78 292
78 347
78 481
78 533
78 847
78 920
79 514
79 569
79 841
80 446
80 597
80 646
80 661
80 889
81 250
81 256
81 395
81 405
81 407
81 427
81 744
81 923
82 139
82 523
82 620
82 629
82 690
82 696
82 714
83 143
83 225
83 232
83 367
83 471
83 532
83 563
83 611
83 720
83 949
84 141
84 237
84 249
84 290
84 439
84 514
84 535
84 695
84 880
85 167
85 175
85 198
85 434
85 442
85 639
85 651
85 716
85 822
86 211
86 227
86 386
86 501
86 547
86 636
86 898
87 160
87 248
87 364
87 726
88 134
88 289
88 330
88 367
88 375
88 463
88 518
88 544
88 577
88 733
88 750
89 100
89 141
89 655
89 845
89 876
89 917
89 929
89 931
90 217
90 248
90 304
90 440
90 499
90 566
90 581
90 616
90 879
91 220
91 247
91 536
91 665
91 775
91 894
91 931
92 195
92 200
92 218
92 273
92 309
92 520
92 539
92 547
92 644
92 699
92 738
92 892
93 95
93 171
93 280
93 388
93 501
93 568
93 791
93 827
93 928
94 235
94 317
94 358
94 368
94 491
94 515
94 548
94 893
94 920
95 183
95 524
95 609
95 633
95 657
95 735
95 933
96 211
96 266
96 766
96 829
96 844
96 880
97 214
97 256
97 329
97 495
97 593
97 695
97 778
98 109
98 463
98 503
98 517
98 519
98 591
98 690
98 709
98 876
99 146
99 235
99 495
99 498
99 547
100 101
100 141
100 187
100 765
100 856
100 939
101 405
101 613
101 616
101 706
101 723
101 899
102 376
102 388
102 436
102 549
102 642
102 650
102 699
102 739
102 843
102 891
102 901
103 175
103 205
103 256
103 362
103 405
103 498
103 537
103 588
103 694
103 741
103 811
104 135
104 178
104 352
104 571
104 878
104 912
105 212
105 306
105 374
105 549
106 316
106 347
106 408
106 625
106 653
107 242
107 381
107 474
107 541
107 543
107 593
107 598
107 601
107 632
107 764
107 838
107 862
107 906
107 922
107 929
108 222
108 541
108 690
108 692
109 268
109 274
109 353
109 388
109 396
109 422
109 516
109 674
109 731
109 763
109 775
110 354
110 564
110 640
110 784
110 813
111 139
111 189
111 429
111 553
111 673
111 752
112 136
112 179
112 208
112 214
112 228
112 908
112 941
113 206
113 390
113 391
113 573
113 625
113 711
113 777
113 885
113 914
113 940
114 207
114 232
114 612
114 697
114 805
114 851
114 919
115 130
115 230
115 239
115 240
115 380
115 474
115 843
115 931
115 947
116 277
116 378
116 510
116 512
116 588
116 652
116 933
116 935
117 255
117 356
117 364
117 539
117 560
117 591
117 605
117 701
117 837
118 283
118 326
118 365
118 491
118 580
118 744
118 787
118 933
118 943
119 434
119 470
119 658
120 137
120 220
120 241
120 289
120 309
120 637
120 731
120 811
121 504
121 537
121 578
121 585
121 738
121 911
122 219
122 250
122 254
122 471
122 842
122 914
122 936
123 197
123 216
123 497
123 522
123 731
123 735
123 741
124 336
124 361
124 531
124 624
124 644
124 713
124 737
124 782
124 821
125 288
125 291
125 434
125 597
125 712
125 734
125 739
125 757
126 165
126 388
126 441
126 480
126 524
126 585
126 705
126 836
127 205
127 523
127 614
127 650
127 729
127 932
128 257
128 293
128 319
128 385
128 482
128 493
128 629
128 707
129 362
129 429
129 461
129 554
129 652
129 751
130 137
130 143
130 335
130 351
130 353
130 377
130 457
130 492
130 741
130 924
131 335
131 340
131 472
131 649
131 792
131 873
132 145
132 264
132 325
132 363
132 377
132 547
132 557
132 766
132 783
132 827
133 196
133 204
133 256
133 347
133 361
133 756
134 146
134 739
134 830
134 917
135 191
135 203
135 271
135 304
135 494
135 550
135 704
135 814
135 824
136 143
136 400
136 410
136 517
136 523
136 529
136 536
136 568
136 672
136 689
136 729
137 369
137 543
137 626
137 631
137 704
137 730
137 926
138 197
138 217
138 259
138 545
138 591
138 603
138 655
138 720
138 725
139 162
139 222
139 348
139 547
139 619
139 643
139 706
140 147
140 321
140 356
140 385
140 536
140 671
140 884
141 183
141 263
141 369
141 413
141 500
141 688
141 785
141 848
141 858
142 238
142 265
142 377
142 437
142 504
142 553
142 561
142 745
142 866
142 934
143 220
143 228
143 334
143 338
143 526
143 548
143 617
143 626
143 655
143 703
143 704
143 708
143 757
143 816
143 831
144 218
144 325
144 489
144 560
144 594
144 724
144 772
145 332
145 428
145 517
145 554
145 570
145 578
145 682
145 684
145 758
145 761
145 792
145 837
145 931
146 154
146 217
146 221
146 258
146 345
146 360
146 394
146 598
146 834
146 942
147 226
147 442
147 676
147 949
148 169
148 278
148 284
148 300
148 676
148 807
148 946
149 187
149 334
149 556
149 668
149 901
149 910
150 265
150 348
150 477
150 530
150 572
150 749
151 154
151 202
151 435
151 626
151 660
151 672
151 797
151 837
151 944
152 212
152 293
152 340
152 490
152 536
152 885
152 905
153 454
153 531
153 643
153 723
153 792
153 819
154 175
154 370
154 482
154 495
154 612
154 681
154 803
154 824
155 391
155 461
155 712
156 242
156 273
156 397
156 506
157 182
157 200
157 236
157 238
157 344
157 509
157 557
157 601
157 856
158 187
158 232
158 461
158 502
158 660
158 662
158 742
158 899
159 237
159 310
159 526
159 629
159 631
159 914
160 168
160 251
160 312
160 591
160 829
160 935
161 232
161 256
161 408
161 736
161 789
161 815
161 902
161 936
162 308
162 334
162 404
162 552
162 564
162 770
162 898
162 908
162 921
163 208
163 333
163 359
163 462
163 565
164 221
164 274
164 366
164 445
164 486
164 566
164 587
164 718
164 751
164 842
165 168
165 361
165 558
165 631
165 841
165 852
166 219
166 236
166 248
166 577
166 691
166 719
166 773
166 785
166 906
167 178
167 211
167 460
167 464
167 696
167 943
168 293
168 362
168 662
168 665
168 678
168 693
168 715
168 831
168 848
168 900
169 275
169 338
169 415
169 436
169 440
169 623
169 819
170 195
170 462
170 882
170 942
171 232
171 239
171 322
171 386
171 466
171 559
172 220
172 235
172 337
172 340
172 814
173 324
173 454
173 502
173 513
173 559
173 643
173 865
173 869
173 907
174 250
174 507
174 558
175 375
175 407
175 412
175 571
175 605
175 643
175 839
176 187
176 315
176 413
176 429
176 504
176 663
176 664
176 733
176 782
177 232
177 255
177 365
177 531
177 558
177 624
177 641
177 795
177 949
178 272
178 317
178 323
178 383
178 421
178 430
178 583
178 783
178 806
178 847
178 873
178 903
179 213
179 219
179 266
179 346
179 491
179 501
179 759
179 900
180 228
180 331
180 367
180 693
180 694
180 758
180 847
180 894
180 936
181 587
181 672
181 725
181 846
181 869
182 297
182 334
182 351
182 417
182 451
182 558
182 591
182 732
182 771
182 871
182 890
182 915
183 202
183 250
183 349
183 428
183 622
183 631
183 635
183 883
184 227
184 344
184 511
184 535
185 199
185 238
185 270
185 275
185 341
185 395
185 414
185 481
185 627
185 772
185 834
186 770
186 937
187 259
187 261
187 366
187 728
187 805
187 877
188 204
188 219
188 500
188 555
188 727
188 731
188 744
189 285
189 510
189 565
189 582
189 618
189 825
189 861
189 888
189 894
190 235
190 452
190 462
190 497
190 834
190 901
191 749
191 888
191 897
192 232
192 274
192 276
192 396
192 467
192 572
192 816
192 904
192 947
193 289
193 415
193 649
193 671
193 747
193 830
194 212
194 225
194 356
194 397
194 592
194 717
194 753
194 776
194 835
194 868
194 889
195 251
195 284
195 337
195 583
195 652
196 330
196 486
196 626
196 698
196 897
197 206
197 260
197 471
197 519
197 812
197 825
197 845
197 857
198 230
198 323
198 573
198 805
199 397
199 488
199 652
199 664
199 765
199 931
200 317
200 542
200 594
200 745
200 777
200 781
200 860
201 233
201 296
201 362
201 572
201 647
201 714
201 775
202 207
202 292
202 392
202 513
202 765
203 355
203 550
203 590
203 761
203 947
204 279
204 421
204 659
204 743
204 823
204 918
204 944
205 283
205 369
205 403
205 492
205 507
205 546
205 756
205 785
205 847
206 216
206 345
206 408
206 452
206 459
206 483
206 526
206 569
206 597
206 606
206 615
206 664
206 666
206 692
206 768
207 247
207 354
207 403
207 415
207 491
207 567
207 772
207 777
207 850
208 278
208 279
208 378
208 474
208 542
208 608
208 723
208 820
208 919
209 341
209 511
209 512
209 714
209 715
210 229
210 271
210 699
210 754
210 756
210 868
210 918
211 550
211 588
211 652
211 683
211 766
212 246
212 264
212 274
212 462
212 595
212 827
212 835
212 934
213 259
213 342
213 364
213 371
213 383
213 614
213 624
213 652
213 796
213 920
214 234
214 235
214 266
214 359
214 394
214 624
214 805
215 219
215 409
215 656
215 686
215 789
215 855
216 297
216 443
216 575
216 699
216 893
216 925
217 219
217 378
217 472
217 695
218 275
218 413
218 454
218 599
218 601
218 795
218 905
219 524
219 645
219 731
219 759
220 239
220 437
220 491
220 728
220 738
220 744
220 803
220 861
220 912
221 257
221 268
221 295
221 761
221 831
221 846
222 406
222 478
222 558
222 585
222 593
222 768
222 787
222 887
222 895
223 230
223 279
223 314
223 440
223 481
223 553
223 675
223 732
223 807
224 316
224 349
224 405
224 608
224 709
224 734
224 876
224 882
225 354
225 359
225 545
225 726
225 801
225 931
226 316
226 388
226 577
226 604
226 655
226 789
226 819
226 861
226 870
226 929
227 253
227 326
227 389
227 465
227 468
227 480
227 565
227 749
227 804
228 243
228 324
228 355
228 390
228 599
228 618
228 760
228 810
228 845
228 855
228 875
229 386
229 442
229 469
229 524
229 626
229 643
229 644
229 696
229 808
229 946
230 312
230 350
230 535
230 644
231 235
231 308
231 362
231 385
231 405
231 626
231 644
231 671
231 702
231 818
231 876
232 271
232 314
232 413
232 478
232 884
232 932
233 249
233 354
233 737
234 246
234 433
234 601
234 632
234 753
234 879
234 880
234 893
234 929
235 334
235 586
235 643
235 677
235 715
235 810
235 814
236 304
236 425
236 595
236 705
236 838
237 289
237 308
237 392
237 404
237 546
237 748
238 363
238 372
238 395
238 500
238 559
238 583
238 658
238 690
238 697
238 791
238 945
239 274
239 520
239 523
239 596
239 619
239 725
239 775
239 852
240 338
240 409
240 430
240 505
240 554
240 592
240 702
240 846
241 319
241 335
241 496
241 499
241 543
241 576
241 631
241 658
241 704
241 739
241 855
241 867
241 874
241 886
242 246
242 323
242 419
242 430
242 444
242 465
242 476
242 600
242 782
243 583
243 628
243 725
243 844
243 876
243 946
244 283
244 306
244 422
244 556
244 582
244 626
244 764
244 834
244 867
245 362
245 575
245 633
245 713
245 737
245 789
245 844
246 256
246 369
246 407
246 447
246 548
246 678
246 702
246 722
246 831
247 274
247 367
247 534
247 560
247 649
247 651
248 424
248 586
248 719
248 801
248 815
248 840
248 943
249 319
249 470
249 646
249 891
249 934
250 308
250 350
250 376
250 386
250 419
250 428
250 575
250 624
250 641
250 736
251 548
251 635
251 685
251 798
251 834
251 850
251 855
252 270
252 296
252 335
252 389
252 765
252 772
252 800
252 905
253 377
253 391
253 556
253 618
253 687
253 693
253 713
253 860
254 289
254 326
254 335
254 408
254 657
254 690
254 704
254 864
255 316
255 347
255 379
255 397
255 529
255 764
255 855
256 301
256 425
256 865
257 409
257 434
257 812
257 853
258 370
258 808
259 280
259 373
259 380
259 457
259 517
259 555
259 652
259 760
259 839
259 894
259 933
260 289
260 305
260 393
260 554
260 689
260 696
260 714
260 799
260 826
261 337
261 397
261 689
261 835
261 877
261 929
262 305
262 622
262 681
262 942
263 414
263 815
264 296
264 410
264 594
264 653
264 685
264 716
264 795
264 885
264 932
265 281
265 344
265 460
265 508
265 761
265 766
265 770
265 869
265 928
266 381
266 729
266 736
266 754
267 283
267 512
267 522
267 658
267 828
267 863
268 350
268 351
268 372
268 377
268 452
268 565
268 610
268 617
268 682
268 845
268 885
268 929
269 277
269 366
269 421
269 711
269 734
269 768
269 940
270 272
270 373
270 393
270 524
270 645
270 772
270 904
271 552
271 594
271 607
271 640
271 646
271 656
271 688
271 693
271 706
271 817
271 875
271 928
272 340
272 476
272 525
272 529
272 568
272 795
272 871
272 886
273 334
273 512
273 553
273 702
273 737
273 829
273 883
273 908
273 914
274 349
274 361
274 381
274 569
274 588
274 874
275 363
275 441
275 463
275 691
275 806
275 820
276 410
276 516
276 583
276 745
276 787
277 431
277 517
277 537
277 551
277 632
277 776
277 862
277 936
278 577
278 580
278 627
278 745
278 765
278 908
279 594
279 759
280 338
280 579
280 782
281 291
281 361
281 577
281 629
281 693
281 694
282 353
282 523
282 565
282 857
283 334
283 374
283 493
283 560
283 562
283 877
283 909
283 932
284 345
284 437
284 526
284 528
284 631
285 708
285 792
285 912
286 293
286 324
286 371
286 381
286 437
286 576
286 591
286 796
286 877
286 949
287 358
287 529
287 545
287 556
287 591
287 696
288 297
288 311
288 352
288 421
288 840
288 919
289 329
289 436
289 484
289 624
289 778
289 784
289 799
289 921
290 466
290 548
290 609
290 613
290 702
290 910
291 590
291 622
291 697
291 810
292 406
292 606
292 661
292 831
293 310
293 330
293 406
293 441
293 526
293 554
293 823
293 938
294 347
294 358
294 415
294 517
294 548
294 653
294 684
294 698
294 846
294 856
295 313
295 416
295 584
295 894
295 901
296 325
296 352
296 355
296 572
296 922
297 415
297 483
297 484
297 654
297 672
297 775
297 790
297 872
297 894
298 338
298 455
298 474
298 664
298 880
298 891
299 334
299 335
299 925
300 320
300 356
300 379
300 392
300 465
300 527
300 566
300 669
300 752
300 794
300 914
300 920
301 366
301 415
301 530
301 719
301 895
301 896
301 921
302 446
302 498
302 598
302 633
302 729
302 733
302 931
303 316
303 456
303 508
303 517
303 629
303 676
303 678
303 862
303 873
303 911
304 339
304 507
304 535
304 585
304 600
304 655
304 830
305 443
305 530
305 618
305 646
305 692
305 742
305 818
305 847
306 509
306 629
306 671
306 756
307 387
307 441
307 514
307 545
307 564
307 587
307 649
307 689
307 764
307 836
307 849
307 851
308 319
308 420
308 677
308 716
308 817
308 904
308 908
308 930
309 381
309 392
309 406
309 537
309 742
310 510
310 583
310 617
310 641
310 699
310 704
310 724
310 733
310 811
310 937
311 366
311 492
311 532
311 608
311 748
311 778
311 800
312 455
312 532
312 598
312 658
312 809
313 441
313 445
313 524
313 540
313 545
313 553
313 585
313 699
313 816
313 913
313 946
314 325
314 584
314 714
314 804
314 924
314 928
314 942
314 944
315 366
315 486
315 497
315 582
315 637
315 659
315 783
315 831
315 913
315 923
315 937
316 381
316 460
316 532
316 604
317 341
317 417
317 501
317 695
317 782
318 390
318 435
318 770
319 403
319 429
319 488
319 606
319 826
319 931
320 435
320 508
320 516
320 538
320 608
320 616
321 368
321 369
321 458
321 510
321 609
321 627
321 770
321 887
322 546
322 566
322 578
322 587
322 660
322 675
322 867
322 877
323 416
323 451
323 524
323 527
323 585
323 587
323 631
323 830
323 860
324 362
324 390
324 432
324 549
324 640
324 779
324 888
325 350
325 382
325 511
325 808
325 809
325 820
326 552
326 697
326 838
327 429
327 510
327 653
327 721
327 742
327 905
327 915
328 348
328 385
328 440
328 458
328 471
328 537
328 568
328 785
328 899
328 924
328 939
329 442
329 518
329 550
329 679
329 830
329 881
330 418
330 437
330 439
330 503
330 678
330 761
330 802
331 364
331 458
331 609
331 687
331 803
331 859
332 443
332 552
332 782
332 887
333 355
333 490
333 694
333 695
333 890
334 348
334 404
334 721
335 393
335 460
335 605
335 606
335 697
335 753
335 821
336 367
336 446
336 650
336 676
336 706
336 827
336 872
336 874
337 642
337 711
337 803
337 824
337 873
337 919
337 929
338 371
338 372
338 457
338 502
338 552
338 576
338 798
339 444
339 852
339 866
339 880
340 358
340 441
340 510
340 578
340 817
340 828
340 947
341 343
341 579
341 587
341 612
341 683
341 947
342 463
342 785
342 881
343 351
343 359
343 391
343 484
343 492
343 594
343 605
343 746
343 870
344 355
344 396
344 565
344 595
344 600
345 422
345 741
345 819
345 849
345 861
346 519
346 603
346 653
346 774
346 795
346 874
346 924
347 769
347 876
348 523
348 618
348 650
348 671
348 719
348 795
348 833
348 837
348 893
348 946
349 554
349 613
349 726
349 830
349 891
349 902
349 936
350 641
350 738
350 748
350 810
350 939
351 378
351 391
351 428
351 470
351 509
351 532
351 624
351 690
351 764
351 818
352 509
352 546
352 670
352 741
352 776
352 889
352 936
353 356
353 441
353 487
353 494
353 849
354 373
354 405
354 419
354 436
354 523
354 669
354 718
354 747
354 868
354 899
355 481
355 631
355 659
355 742
356 571
356 904
357 434
357 454
357 615
357 643
357 730
357 805
358 425
358 448
358 645
358 893
359 519
359 643
359 829
359 870
359 885
359 941
359 943
360 382
360 390
360 541
360 569
360 610
360 687
360 712
360 793
360 831
360 911
360 937
361 661
361 693
361 727
361 810
361 867
362 473
362 602
362 820
362 907
362 935
363 449
363 491
363 643
363 655
363 704
363 778
363 841
363 885
364 481
364 649
364 657
364 787
364 841
364 896
364 904
364 919
365 371
365 523
365 586
365 640
365 729
365 742
365 841
365 862
365 898
366 370
366 371
366 376
366 383
366 525
366 573
366 827
367 502
367 824
367 826
367 908
368 415
368 465
368 526
368 578
368 589
368 626
368 652
368 713
368 872
368 911
369 374
369 510
369 904
370 468
370 507
370 533
370 774
371 417
371 568
371 578
371 589
371 776
372 382
372 554
372 643
372 700
372 839
373 383
373 386
373 410
373 625
373 726
373 733
373 762
373 765
373 825
373 946
374 392
374 406
374 423
374 548
374 669
374 671
374 831
374 865
374 910
375 570
375 635
375 703
375 789
375 847
375 868
375 876
375 900
375 906
376 425
376 479
376 483
376 579
376 626
376 820
376 904
377 702
377 801
377 831
377 879
378 483
378 544
378 558
378 575
378 657
378 833
379 516
379 773
379 839
380 403
380 404
380 505
380 630
380 777
380 823
381 534
381 646
381 760
381 802
381 849
381 909
382 474
382 525
382 617
382 627
382 758
382 843
383 445
383 648
383 774
383 855
383 921
384 456
384 573
384 656
384 717
384 728
384 744
384 781
384 809
384 850
384 864
385 589
385 891
385 934
386 440
386 586
386 608
386 795
386 808
386 862
387 653
387 875
388 753
388 811
388 852
388 899
389 463
389 485
389 623
389 656
389 898
390 564
390 682
390 702
390 780
391 445
391 546
391 547
391 619
391 637
391 686
392 411
392 438
392 441
392 694
392 841
392 890
392 939
393 461
393 575
393 615
393 618
393 641
394 475
394 637
394 850
394 943
395 456
395 706
395 721
395 776
396 446
396 484
396 485
396 636
396 652
397 630
397 728
398 612
398 779
398 830
399 444
399 576
399 809
399 826
399 865
399 938
400 450
400 530
400 629
400 797
400 895
401 430
401 515
401 557
401 715
402 429
402 504
402 589
402 592
402 608
402 691
402 718
402 786
402 886
403 455
403 461
403 486
403 583
403 782
403 839
403 937
404 667
404 696
404 740
405 454
405 620
405 766
405 854
405 858
406 481
406 533
406 536
406 752
407 547
407 736
407 839
408 758
408 821
409 624
409 637
409 869
409 930
409 933
410 431
410 437
410 462
410 539
410 595
410 602
410 666
410 746
410 895
410 939
411 495
411 675
412 474
412 794
412 827
413 573
413 594
413 637
413 768
413 817
413 876
414 488
414 628
415 427
415 553
415 572
415 637
415 709
415 737
415 749
415 835
416 498
416 539
416 669
416 688
416 753
416 803
416 886
417 739
417 827
417 849
418 628
418 727
418 746
418 749
418 812
418 887
418 909
419 456
419 710
419 949
420 423
420 453
420 468
420 527
420 536
420 574
420 587
420 809
420 846
420 872
421 433
421 513
421 545
421 596
421 768
421 803
421 917
422 464
422 592
422 627
422 662
422 755
422 764
422 916
423 697
423 837
423 879
423 922
424 473
424 627
424 699
424 735
424 812
424 850
425 569
425 767
426 431
426 465
426 495
426 784
426 872
426 877
426 941
427 593
427 671
427 817
427 880
428 573
428 585
428 620
428 647
428 811
429 473
429 616
429 723
429 785
429 794
429 799
429 930
430 441
430 481
430 496
430 584
430 633
430 720
430 721
430 818
430 878
431 717
431 776
431 883
432 658
432 738
432 746
432 758
432 838
432 868
433 451
433 664
433 668
434 532
434 568
434 884
435 449
435 456
435 564
435 576
435 747
436 669
437 453
437 469
437 517
437 592
437 602
437 669
437 673
437 824
437 850
437 861
437 945
438 442
438 449
438 490
438 513
438 818
439 442
439 492
439 577
439 726
439 776
439 812
439 883
440 468
440 505
440 538
440 732
440 787
441 572
441 732
441 755
441 843
442 452
442 495
442 518
442 923
443 526
443 575
443 870
444 679
444 735
444 785
445 459
445 542
445 562
445 634
445 662
445 695
446 563
446 837
446 929
447 567
447 586
447 622
447 625
447 869
448 462
448 517
448 696
448 742
448 847
448 920
449 483
449 595
449 771
449 777
449 778
450 561
450 569
450 615
450 645
450 800
451 648
451 756
452 457
452 539
452 672
452 746
452 798
452 844
452 889
453 611
453 691
453 717
453 789
453 838
453 877
454 539
454 594
454 615
454 616
454 724
454 816
454 890
455 456
455 552
455 666
455 672
455 714
455 733
455 868
456 516
456 542
456 720
456 835
456 865
457 487
457 497
457 695
457 703
457 731
457 905
457 948
458 625
458 628
458 629
458 762
458 844
459 505
459 729
459 891
460 668
460 809
460 848
460 931
461 666
461 791
461 841
461 936
462 507
462 643
462 743
462 944
463 509
463 592
463 607
463 735
463 845
463 846
464 518
464 656
464 663
464 672
464 683
464 720
464 860
464 948
465 568
465 838
466 488
466 656
466 752
466 910
466 927
467 479
467 556
467 640
467 658
467 839
467 843
467 933
468 652
468 773
468 914
469 566
469 638
469 720
469 842
470 622
470 633
470 653
470 775
470 869
471 486
471 607
471 709
471 733
471 797
472 473
472 504
472 517
472 615
472 724
472 812
472 906
472 910
472 939
473 479
473 558
473 751
473 764
473 828
473 829
474 551
474 611
474 649
474 715
474 757
474 914
475 532
475 547
475 549
475 583
477 508
477 613
477 853
477 928
478 499
478 519
478 654
478 752
478 764
478 836
479 528
479 533
479 611
479 688
479 886
479 887
479 899
480 874
480 875
481 653
482 512
482 708
482 789
483 601
483 853
484 513
484 553
484 647
484 660
484 717
484 732
484 734
484 880
485 550
485 566
485 631
485 641
485 675
485 700
485 747
486 551
486 573
486 614
486 785
486 786
486 841
486 888
486 920
487 573
487 660
487 699
487 729
487 793
488 534
488 543
488 597
488 619
488 646
488 783
488 892
489 653
489 887
490 509
490 527
490 680
490 732
490 735
490 755
490 875
490 912
491 549
491 749
491 909
492 509
492 528
492 538
492 686
492 693
492 844
492 893
493 787
493 863
494 795
495 582
495 664
495 685
495 699
495 771
495 806
495 824
495 833
495 919
495 925
496 635
496 665
496 816
496 888
497 510
497 687
498 573
498 855
498 901
498 929
499 820
499 866
499 942
500 535
500 613
500 670
500 763
500 766
500 769
501 568
501 706
501 710
501 764
502 540
502 559
502 837
503 606
503 667
503 794
503 801
504 733
504 799
504 937
505 522
505 593
505 837
505 872
506 652
507 559
507 597
507 698
508 732
508 753
508 771
508 826
509 595
509 633
509 777
509 778
509 865
509 909
509 914
510 626
510 745
510 836
510 882
511 520
511 594
511 638
511 653
512 522
512 532
512 548
512 674
512 820
512 900
513 587
513 616
513 711
514 571
514 682
514 686
514 759
514 864
514 906
514 920
515 602
515 625
515 719
516 541
516 569
516 631
516 642
516 775
516 847
517 575
517 706
517 850
518 711
518 749
518 773
518 796
518 805
518 908
518 944
519 913
520 558
520 646
520 784
520 868
521 595
521 620
521 654
521 675
521 928
522 719
522 814
522 872
523 525
523 585
523 647
523 713
523 772
523 912
524 695
525 593
525 879
525 896
526 756
526 794
526 821
527 680
527 774
527 841
527 850
527 852
527 891
527 931
528 568
528 578
528 680
528 857
528 914
529 637
529 792
529 949
530 909
530 921
531 632
531 694
531 711
531 750
531 845
532 560
532 747
532 758
532 804
534 551
534 909
535 903
536 810
536 854
537 591
537 674
537 935
538 907
538 937
539 583
539 774
539 787
539 788
539 850
540 552
540 604
540 637
541 648
541 784
542 585
542 615
542 850
542 883
542 898
542 901
542 934
543 603
543 700
543 799
543 868
544 663
544 809
544 830
544 833
544 881
544 922
545 626
545 725
545 757
545 829
546 595
546 880
546 907
546 909
547 568
547 588
547 609
547 829
547 842
547 944
548 658
548 709
548 761
548 820
548 863
549 747
549 762
549 875
550 608
550 661
550 684
550 774
550 830
550 832
550 873
550 882
551 634
551 663
551 810
552 587
552 688
552 847
552 881
553 556
553 663
553 688
553 785
553 873
553 886
553 888
554 602
554 640
554 706
554 736
554 771
554 804
554 809
555 556
555 630
555 745
556 736
556 779
556 831
556 885
556 918
556 932
557 665
557 812
557 907
558 665
558 713
558 719
558 819
558 831
558 889
559 598
559 646
559 911
560 580
560 667
560 679
560 685
560 752
560 770
560 772
560 773
560 948
561 583
561 625
561 696
561 856
561 888
562 576
562 936
563 630
563 651
563 692
563 897
564 570
564 680
564 686
564 781
564 938
565 650
565 730
565 799
565 940
566 628
566 732
566 771
566 799
566 862
566 885
566 920
567 618
567 622
567 765
567 807
567 844
567 937
568 649
568 709
568 808
568 828
569 666
569 779
569 821
569 933
570 610
570 661
570 730
571 723
571 741
571 855
571 911
571 922
572 608
572 620
572 805
572 846
572 929
572 937
573 578
573 583
573 717
573 844
573 893
574 716
574 754
574 772
574 788
575 597
575 651
575 747
575 788
575 825
575 833
575 847
576 632
576 730
576 833
576 903
577 738
577 777
577 885
578 907
579 600
580 797
580 854
580 868
580 902
581 750
581 753
581 776
581 787
581 926
581 934
582 607
582 645
583 630
583 664
583 795
583 837
583 915
584 800
584 868
584 882
585 700
585 756
585 863
585 877
585 910
586 636
586 637
586 643
586 705
587 606
587 616
587 710
587 899
588 604
588 607
588 664
589 745
589 887
590 618
590 674
590 868
591 720
591 825
592 616
592 737
592 781
592 874
593 702
593 801
593 943
594 741
594 752
594 753
594 848
596 647
596 672
596 726
596 746
596 822
596 881
596 939
597 691
597 888
597 905
598 605
598 692
598 760
598 764
598 775
598 815
598 924
599 686
599 744
599 773
599 886
600 654
600 752
600 876
601 675
601 704
601 789
601 793
601 863
601 878
601 911
602 606
602 657
603 781
603 878
604 615
604 626
604 747
604 824
604 853
605 799
605 819
606 689
607 723
607 731
607 792
607 928
608 902
608 949
609 636
609 762
610 858
610 903
610 945
611 637
611 673
611 705
611 849
611 917
612 731
612 842
612 924
613 744
613 790
614 904
614 937
615 886
616 653
616 717
616 871
616 895
617 746
617 819
617 863
617 904
618 661
618 687
618 897
618 935
619 659
619 745
620 769
620 807
620 845
620 868
621 665
621 706
621 721
622 648
622 885
623 673
623 771
623 811
623 812
623 869
623 903
624 667
624 687
624 709
624 914
625 673
626 674
626 809
626 901
626 917
627 640
627 723
627 747
628 786
628 788
628 795
628 855
629 692
629 771
630 649
630 745
631 687
631 761
631 763
631 825
631 863
632 653
632 750
632 889
632 934
634 803
634 811
634 943
635 736
635 778
635 792
635 853
635 884
635 896
636 676
636 890
637 799
640 648
640 788
640 922
640 938
641 682
641 713
641 942
642 649
642 651
642 799
642 821
642 833
642 873
642 885
642 904
642 935
642 946
643 736
643 759
643 797
643 825
643 911
644 709
644 762
644 764
644 869
645 665
645 673
645 828
645 938
645 941
646 669
646 689
646 738
646 775
647 741
647 822
648 673
648 900
648 920
649 659
649 719
649 740
649 831
649 909
650 676
650 724
650 782
650 924
651 665
651 723
652 719
652 825
652 846
653 843
654 704
654 727
654 732
654 753
654 932
655 699
655 721
655 886
656 660
656 674
656 701
656 825
656 829
657 890
658 663
658 676
658 765
658 793
658 833
659 819
659 909
659 916
660 724
660 744
660 825
660 850
660 880
661 811
661 845
662 712
662 846
663 860
664 691
664 699
665 708
665 710
665 723
665 805
665 819
665 940
666 673
666 776
666 927
667 756
667 905
668 943
668 949
669 757
670 790
670 842
670 916
671 888
672 700
672 844
673 729
674 851
674 949
675 787
675 804
675 859
675 885
675 923
676 701
676 867
676 927
676 936
676 944
678 808
679 702
679 708
679 866
679 867
680 700
680 915
681 771
681 846
681 893
682 766
683 705
683 868
683 911
684 706
684 786
684 896
685 700
685 743
685 794
685 804
685 837
686 828
686 915
687 783
687 814
687 829
687 878
688 734
688 872
690 863
690 868
692 713
693 701
693 713
693 749
693 848
693 887
694 772
694 828
694 937
696 741
696 761
696 781
696 859
697 731
697 786
697 836
698 732
698 752
698 800
698 810
698 864
698 912
698 937
701 834
701 901
702 871
703 799
704 862
704 903
704 931
705 738
705 784
705 843
705 886
705 925
705 933
705 942
706 757
706 888
707 753
707 756
707 828
707 922
708 844
709 864
709 888
711 836
711 918
712 738
712 753
712 765
712 816
712 887
713 900
713 939
714 775
714 798
714 824
715 814
715 911
716 858
717 745
717 753
717 804
718 813
718 871
719 794
719 871
721 794
722 758
722 907
723 825
723 826
723 877
724 771
724 886
724 930
724 939
725 793
725 803
726 776
728 751
728 939
729 733
729 734
729 761
729 856
729 882
729 914
730 890
730 941
731 860
732 759
732 809
732 885
733 787
734 737
734 751
734 782
735 845
735 916
736 767
736 888
737 838
737 875
737 921
738 808
738 935
739 914
740 850
740 852
740 875
740 883
740 931
741 756
743 756
745 821
745 857
746 764
746 909
747 768
747 796
748 808
748 861
748 922
749 808
749 838
749 918
750 773
750 817
750 837
750 915
751 788
751 816
751 830
752 922
753 808
753 872
753 894
754 764
755 762
755 856
756 882
756 887
757 820
757 839
757 878
758 789
759 946
760 848
760 899
760 909
760 917
761 775
762 829
762 853
763 873
763 896
764 942
765 797
765 800
765 833
765 926
766 931
767 812
768 948
769 833
769 834
769 849
769 948
770 857
770 898
771 942
775 912
776 863
776 896
777 849
777 904
777 913
778 881
778 920
778 934
779 815
779 849
779 931
780 820
780 825
780 883
781 806
782 853
782 880
783 873
783 889
785 824
785 863
785 945
787 881
787 902
788 795
788 811
788 834
789 875
790 801
790 864
790 877
792 818
793 829
794 814
794 821
794 914
794 932
794 949
795 797
796 918
797 814
797 886
797 888
797 900
797 949
798 814
798 865
799 861
799 877
800 835
800 837
800 843
801 883
801 894
802 945
804 836
805 853
805 867
807 819
810 912
810 936
811 883
812 925
813 866
814 818
817 873
818 852
819 852
819 867
820 822
822 920
823 852
826 932
827 881
827 906
827 924
827 927
828 851
829 920
830 873
832 839
834 848
836 939
837 873
840 908
841 873
841 900
844 944
845 874
848 882
849 924
850 867
851 859
854 926
856 868
856 894
857 874
857 893
857 909
857 930
857 935
860 865
860 876
860 891
860 905
861 877
862 864
863 882
863 938
864 944
865 870
865 874
865 940
866 882
868 874
868 898
868 919
868 924
869 924
870 897
872 879
873 892
875 888
876 946
877 884
878 913
879 909
879 942
883 940
884 906
887 918
888 930
889 893
889 904
892 906
895 915
896 905
898 926
900 920
900 929
901 906
905 925
909 920
912 923
913 924
913 926
916 933
916 938
924 944
925 926
927 948
929 933
939 942