100
477
0 8
0 10
0 19
0 23
0 31
0 44
0 49
0 52
0 69
0 77
0 79
1 27
1 29
1 50
1 76
1 86
1 97
2 8
2 14
2 28
2 36
2 38
2 41
2 42
2 77
2 78
3 5
3 9
3 19
3 42
3 53
3 62
3 69
3 77
3 97
4 12
4 14
4 15
4 16
4 22
4 44
4 53
4 55
4 70
4 77
4 78
4 93
4 97
5 9
5 13
5 14
5 15
5 35
5 50
5 87
6 12
6 16
6 50
6 53
6 72
6 90
6 92
6 93
7 49
7 52
7 56
7 62
7 72
7 77
7 96
8 11
8 17
8 40
8 41
8 46
8 73
8 82
8 86
8 90
9 28
9 38
9 41
9 66
9 83
9 88
10 19
10 22
10 23
10 33
10 49
10 60
10 61
10 64
10 86
10 87
10 94
11 16
11 17
11 21
11 32
11 52
11 55
11 63
11 68
11 69
11 77
11 89
12 25
12 28
12 44
12 46
12 56
12 65
12 67
12 70
12 76
12 79
13 17
13 22
13 27
13 29
13 35
13 44
13 66
13 72
14 27
14 28
14 30
14 47
14 71
14 83
14 92
14 99
15 26
15 42
15 51
15 62
15 64
15 82
15 83
15 89
15 94
16 18
16 19
16 28
16 40
16 51
16 79
16 85
16 87
16 90
16 94
17 18
17 19
17 44
17 50
17 52
17 78
17 79
17 86
17 89
18 29
18 31
18 47
18 58
18 86
18 95
18 98
19 36
19 52
19 57
19 61
19 64
19 76
19 79
19 83
19 94
20 24
20 43
20 68
20 78
20 83
20 85
20 87
21 26
21 38
21 50
21 70
21 73
21 77
21 80
21 81
21 84
21 87
21 89
21 99
22 23
22 33
22 34
22 36
22 37
22 60
22 63
22 78
23 29
23 31
23 57
23 90
24 39
24 68
24 98
25 34
25 43
25 44
25 79
25 84
25 89
26 28
26 37
26 45
26 48
26 57
26 66
26 70
26 85
26 88
26 90
26 95
27 28
27 31
27 35
27 36
27 40
27 68
27 73
27 88
27 89
27 91
28 30
28 47
28 50
28 72
28 86
28 89
29 30
29 33
29 42
29 77
29 84
29 95
29 96
30 31
30 50
30 70
30 72
30 74
30 82
30 89
30 99
31 39
31 73
31 80
31 83
32 34
32 45
32 46
32 51
32 56
32 68
32 71
32 80
32 82
32 86
32 91
33 39
33 42
33 43
33 48
33 73
33 76
33 84
33 88
33 91
33 92
34 36
34 47
34 52
34 67
34 70
34 81
34 92
35 60
35 66
35 69
35 77
35 93
36 40
36 55
36 58
36 62
36 83
36 93
37 42
37 64
37 72
38 63
38 81
38 88
39 41
39 43
39 48
39 54
39 78
39 84
39 96
39 97
40 65
40 67
40 83
40 85
41 52
41 63
41 69
41 71
41 74
41 80
41 86
41 98
42 55
42 57
42 63
42 65
42 68
42 71
42 77
42 79
42 81
42 87
42 92
42 96
42 99
43 49
43 58
43 61
43 66
44 47
44 51
44 60
44 80
44 84
44 89
44 90
44 95
44 96
45 67
45 87
46 60
46 67
46 93
46 95
47 67
48 67
48 85
49 63
49 71
49 94
50 52
50 83
51 72
51 73
52 53
52 69
52 71
52 83
52 88
53 55
53 56
53 70
53 75
53 76
54 68
54 86
54 95
56 66
56 90
56 92
57 82
58 62
58 69
59 70
59 72
59 75
59 79
59 92
60 69
60 70
60 76
60 90
61 63
61 67
61 69
61 84
62 65
62 84
62 87
62 95
63 76
63 83
63 88
63 96
64 69
64 77
64 84
64 88
65 73
65 74
65 86
65 98
66 80
66 96
67 96
68 70
68 83
68 95
69 77
69 78
69 82
70 73
70 75
70 97
70 98
71 78
71 84
71 85
71 87
71 96
72 76
72 95
73 74
73 85
73 89
73 90
74 76
74 90
75 81
75 89
75 90
75 91
76 96
76 98
77 80
77 85
78 84
78 95
79 80
79 96
80 81
80 82
80 84
80 99
82 84
82 88
82 97
84 91
84 93
86 87
87 90
89 92
89 94
89 97
90 92
92 94
92 96
92 98
93 98
94 95
97 98