1000
5001
0 73
0 110
0 712
0 774
1 109
1 259
1 344
1 448
1 467
1 496
1 549
1 580
1 610
1 725
1 759
1 831
1 933
1 938
2 110
2 151
2 184
2 860
2 918
2 962
3 106
3 201
3 215
3 440
3 495
3 535
3 545
3 632
3 953
3 986
4 254
4 332
4 448
5 25
5 44
5 85
5 176
5 428
5 460
5 484
5 679
5 729
5 781
5 808
5 832
5 855
6 36
6 66
6 67
6 124
6 205
6 441
6 523
6 706
6 774
6 844
7 368
7 571
7 607
7 613
7 729
7 743
7 811
7 898
7 923
7 987
8 16
8 58
8 124
8 224
8 278
8 337
8 506
8 544
8 648
8 830
8 865
9 215
9 542
9 620
9 627
9 817
9 904
9 973
10 215
10 265
10 379
10 481
10 582
10 691
10 702
10 989
11 110
11 184
11 350
11 356
11 386
11 623
11 710
11 717
11 817
11 823
11 888
11 892
11 914
12 356
12 468
12 747
12 870
12 884
12 892
12 928
12 939
13 60
13 165
13 179
13 197
13 328
13 352
13 353
13 378
13 461
13 552
13 566
13 602
13 637
13 749
13 770
13 826
13 834
13 874
13 913
13 945
13 988
14 212
14 368
14 558
14 584
14 624
14 664
14 774
14 898
15 67
15 146
15 183
15 219
15 439
15 482
15 500
15 614
15 655
15 821
15 897
15 974
16 38
16 194
16 202
16 211
16 387
16 426
16 436
16 506
16 575
16 656
16 675
16 716
16 851
17 89
17 96
17 117
17 152
17 211
17 337
17 402
17 424
17 430
17 631
17 755
17 765
17 920
17 992
18 76
18 91
18 264
18 438
18 527
18 529
18 585
18 601
18 758
18 789
19 82
19 220
19 333
19 392
19 464
19 794
19 831
19 900
19 904
19 911
19 936
20 396
20 529
20 531
20 647
20 667
20 671
20 733
20 736
20 790
20 880
21 108
21 247
21 396
21 483
21 494
21 692
21 907
22 359
22 411
22 531
22 630
22 797
22 996
23 28
23 200
23 216
23 244
23 295
23 304
23 473
23 481
23 775
24 96
24 308
24 371
24 519
24 520
24 527
24 548
24 621
24 689
24 905
24 978
25 93
25 105
25 189
25 202
25 339
25 345
25 370
25 433
25 451
25 492
25 698
25 767
25 898
26 161
26 279
26 316
26 379
26 474
26 783
26 840
26 867
26 993
27 217
27 228
27 236
27 265
27 388
27 470
27 923
28 47
28 110
28 169
28 241
28 299
28 324
28 389
28 391
28 744
29 90
29 104
29 116
29 223
29 304
29 381
29 415
29 526
29 555
29 628
29 707
30 45
30 404
30 423
30 481
30 499
30 601
30 641
30 705
30 755
30 796
30 841
30 951
31 281
31 376
31 377
31 471
31 498
31 573
31 611
31 741
31 809
31 833
31 845
32 293
32 303
32 336
32 390
32 505
32 542
32 556
32 601
32 638
32 690
32 738
32 816
32 893
33 38
33 247
33 655
33 739
34 48
34 79
34 81
34 142
34 155
34 246
34 247
34 395
34 698
34 808
34 917
35 80
35 235
35 368
35 444
35 448
35 511
35 525
35 561
35 579
35 703
35 720
36 132
36 204
36 241
36 316
36 358
36 494
36 530
36 560
36 568
36 670
36 700
36 745
36 804
36 856
36 952
37 62
37 195
37 303
37 371
37 382
37 486
37 722
37 852
37 860
38 109
38 228
38 395
38 396
38 682
38 777
38 856
38 901
39 58
39 145
39 290
39 306
39 980
40 104
40 115
40 162
40 170
40 177
40 214
40 476
40 635
40 883
40 900
40 903
41 102
41 125
41 254
41 305
41 400
41 408
41 411
41 420
41 483
41 519
41 674
41 749
41 970
42 106
42 157
42 456
42 489
42 569
42 643
42 687
43 261
43 295
43 345
43 396
43 770
43 942
44 146
44 151
44 172
44 270
44 272
44 353
44 473
44 503
44 520
44 529
44 556
44 645
45 367
45 646
45 668
45 740
45 816
45 935
46 48
46 118
46 165
46 282
46 286
46 376
46 456
46 480
46 535
46 581
46 638
46 655
46 802
46 952
47 114
47 125
47 144
47 234
47 369
47 626
47 876
47 956
47 988
48 62
48 85
48 143
48 235
48 297
48 481
48 669
48 706
48 761
48 773
48 820
49 51
49 210
49 294
49 316
49 403
49 487
49 908
50 109
50 168
50 257
50 303
50 352
50 441
50 465
50 671
50 803
50 807
50 820
50 858
50 869
50 894
51 151
51 230
51 362
51 504
51 531
51 850
51 861
51 984
52 61
52 92
52 231
52 241
52 429
52 485
52 503
52 537
52 629
52 797
52 816
52 849
52 953
53 321
53 368
53 397
53 533
53 866
54 56
54 183
54 299
54 373
54 520
54 690
54 843
55 165
55 196
55 317
55 374
55 439
55 446
55 535
55 681
55 988
56 158
56 187
56 196
56 227
56 290
56 311
56 387
56 448
56 491
56 541
56 676
56 751
56 900
57 217
57 224
57 248
57 379
57 451
57 600
57 693
57 710
57 763
58 242
58 339
58 692
58 725
58 898
58 914
58 950
58 963
59 99
59 182
59 200
59 202
59 386
59 541
59 766
59 777
59 939
59 946
60 68
60 140
60 178
60 303
60 319
60 343
60 544
60 621
60 678
60 763
60 996
61 65
61 93
61 118
61 209
61 595
61 833
61 951
62 71
62 101
62 148
62 175
62 262
62 304
62 449
62 464
62 580
62 613
62 738
62 846
62 945
62 979
62 983
63 491
63 538
63 564
64 81
64 92
64 214
64 260
64 504
64 566
64 703
64 832
64 910
64 961
64 986
65 80
65 375
65 413
65 414
65 513
65 531
65 835
65 901
66 100
66 364
66 376
66 443
66 523
66 595
66 596
66 659
66 765
66 892
66 903
67 202
67 502
67 505
67 717
67 796
67 949
68 160
68 227
68 326
68 350
68 466
68 669
68 732
68 780
68 846
68 859
68 988
69 176
69 652
69 722
69 887
69 899
70 170
70 237
70 323
70 453
70 571
70 685
70 822
70 873
70 940
71 75
71 89
71 101
71 225
71 278
71 595
71 647
71 799
71 910
72 97
72 146
72 155
72 183
72 345
72 441
72 559
72 579
72 777
72 782
72 971
73 114
73 124
73 125
73 178
73 256
73 342
73 362
73 674
74 198
74 324
74 359
74 361
74 435
74 487
74 589
74 828
74 917
75 94
75 428
75 746
76 176
76 210
76 226
76 273
76 480
76 501
76 607
76 734
76 862
76 865
77 156
77 301
77 351
77 526
77 535
77 744
77 773
77 837
77 857
77 870
77 880
77 895
78 92
78 245
78 380
78 405
78 508
78 575
78 600
78 780
78 824
79 96
79 212
79 362
79 411
79 422
79 581
79 763
79 881
79 923
79 976
80 164
80 538
80 570
80 618
80 633
80 738
80 784
80 853
80 870
80 965
80 968
81 84
81 176
81 341
81 361
81 472
81 504
81 717
81 720
81 821
81 897
81 902
81 921
82 111
82 264
82 414
82 450
82 498
82 561
82 644
82 708
82 760
82 842
82 918
83 84
83 198
83 381
83 386
83 434
83 524
83 599
83 655
83 771
84 94
84 153
84 239
84 405
84 473
84 567
84 582
84 865
84 915
84 933
85 215
85 327
85 868
85 912
85 922
85 990
86 114
86 162
86 258
86 262
86 312
86 460
86 589
86 700
86 704
86 773
86 817
86 968
87 165
87 243
87 249
87 399
87 774
87 822
87 854
87 923
87 971
88 199
88 269
88 589
88 644
88 678
88 829
88 849
88 853
88 870
88 992
89 606
89 656
89 788
89 841
89 949
89 991
90 93
90 318
90 533
90 706
90 755
90 855
90 964
91 96
91 117
91 317
91 524
91 575
91 622
91 768
91 773
91 794
91 798
92 162
92 324
92 336
92 461
92 558
92 598
92 637
92 706
92 752
92 859
92 972
93 168
93 263
93 327
93 331
93 350
93 362
93 519
93 553
93 589
93 617
93 625
93 721
94 416
94 429
94 504
94 560
94 611
94 617
94 954
95 105
95 137
95 147
95 171
95 368
95 453
95 717
95 799
95 983
96 255
96 452
96 535
96 543
96 600
96 661
96 709
96 711
96 774
96 793
96 890
96 956
96 962
96 986
97 216
97 485
97 617
97 751
97 814
97 888
98 112
98 148
98 412
98 440
98 448
98 456
98 472
98 640
98 834
98 936
98 977
99 286
99 352
99 459
99 630
99 682
99 816
100 225
100 302
100 340
100 380
100 500
100 601
100 830
101 409
101 458
101 557
101 586
101 609
101 854
101 855
101 858
102 118
102 189
102 404
102 493
102 605
102 757
102 790
102 817
102 986
103 152
103 174
103 277
103 355
103 582
103 599
103 617
103 633
103 646
103 734
103 780
103 894
104 157
104 366
104 453
104 542
105 364
105 378
105 416
105 517
105 670
105 732
105 778
105 890
105 906
105 998
106 227
106 233
106 255
106 429
106 513
106 525
106 616
106 623
106 894
107 123
107 313
107 399
107 419
107 424
107 453
107 458
107 491
107 630
107 683
107 910
107 997
108 124
108 373
108 409
108 542
108 556
108 559
108 729
108 752
108 765
108 813
108 957
108 972
109 418
109 536
109 538
109 641
109 851
110 152
110 335
110 364
110 471
110 804
110 820
110 894
110 938
111 153
111 183
111 218
111 274
111 435
111 453
111 682
111 716
111 723
111 904
112 124
112 134
112 153
112 327
112 348
112 393
112 466
112 514
112 536
112 571
112 620
112 656
112 687
112 729
112 733
112 743
112 831
112 837
112 939
113 160
113 362
113 448
113 510
113 518
113 662
113 686
113 757
113 780
113 830
113 910
113 987
114 153
114 274
114 294
114 313
114 334
114 419
114 434
114 452
114 478
114 654
114 713
114 783
114 958
114 981
115 339
115 401
115 449
115 498
115 712
115 927
116 288
116 532
116 627
116 790
116 797
116 798
116 865
117 245
117 260
117 622
117 624
117 628
117 686
117 741
117 828
117 868
117 940
117 972
118 174
118 421
118 538
118 814
118 822
119 308
119 423
119 656
119 766
119 928
120 461
120 497
120 499
120 590
120 603
120 784
120 802
120 853
120 855
120 905
120 924
121 214
121 291
121 303
121 373
121 480
121 539
121 618
121 686
121 730
121 741
121 775
121 829
122 202
122 239
122 240
122 413
122 921
122 944
122 955
123 175
123 320
123 366
123 373
123 456
123 582
123 588
123 668
123 757
123 816
123 884
123 979
124 180
124 222
124 656
124 752
124 822
124 898
125 336
125 371
125 405
125 521
125 764
125 821
125 897
125 918
126 179
126 191
126 346
126 387
126 396
126 398
126 404
126 428
126 678
126 722
126 753
126 894
127 274
127 294
127 369
127 654
127 856
127 904
128 224
128 482
128 795
128 797
128 807
128 944
129 171
129 265
129 319
129 563
129 593
129 661
129 734
129 766
129 779
129 815
129 958
129 972
130 384
130 418
130 432
130 511
130 541
130 839
131 169
131 282
131 339
131 378
131 466
131 534
131 548
131 657
131 723
131 896
132 190
132 281
132 385
132 509
132 615
132 716
132 752
132 909
132 915
133 170
133 210
133 321
133 369
133 536
133 663
133 721
134 316
134 327
134 424
134 495
134 535
134 664
134 680
134 714
134 757
134 767
134 779
134 831
135 409
135 435
135 544
135 574
135 578
135 603
135 606
135 727
135 800
135 845
135 995
136 247
136 310
136 314
136 344
136 411
136 459
136 685
136 729
136 735
136 778
136 994
137 169
137 219
137 236
137 267
137 393
137 520
137 537
137 548
137 663
137 757
137 778
137 809
138 163
138 269
138 360
138 466
138 522
138 600
138 760
138 770
138 790
139 142
139 227
139 316
139 334
139 391
139 478
139 481
139 588
139 627
139 780
139 843
139 882
139 896
140 246
140 316
140 325
140 382
140 420
140 489
140 548
140 657
140 893
140 964
141 182
141 221
141 293
141 353
141 356
141 361
141 427
141 475
141 565
141 696
141 761
141 827
141 970
142 278
142 509
142 520
142 816
142 830
142 849
142 977
143 169
143 218
143 613
143 656
143 681
143 754
143 808
143 893
144 194
144 264
144 283
144 355
144 382
144 487
144 567
144 608
144 612
144 623
144 659
144 842
144 873
144 882
144 938
144 992
145 203
145 246
145 268
145 311
145 335
145 451
145 520
145 648
145 696
145 757
146 474
146 535
146 546
146 898
146 920
146 939
147 207
147 242
147 279
147 314
147 366
147 369
147 420
147 583
147 622
147 888
147 980
147 995
148 355
148 506
148 585
148 715
148 716
148 855
148 861
148 975
149 242
149 306
149 345
149 351
149 380
149 457
149 487
149 774
149 823
149 921
150 378
150 441
150 724
150 842
151 292
151 382
151 452
151 458
151 486
151 512
151 545
151 643
151 743
151 800
151 810
151 902
151 992
152 549
152 673
152 785
152 974
152 989
153 170
153 379
153 410
153 611
153 666
153 835
153 972
154 441
154 494
154 682
154 802
154 804
155 278
155 387
155 410
155 421
155 517
155 572
155 673
155 880
156 166
156 321
156 419
156 475
156 484
156 538
156 614
156 616
156 807
156 907
156 916
156 929
157 338
157 525
157 782
158 227
158 260
158 393
158 399
158 558
158 590
158 774
158 841
158 943
159 622
160 243
160 420
160 523
160 569
160 586
160 595
160 650
160 697
160 751
160 807
161 299
161 644
161 855
161 874
162 205
162 230
162 525
162 647
162 685
162 819
162 915
162 992
163 305
163 450
163 723
164 321
164 392
164 420
164 519
164 551
164 595
164 615
164 639
164 691
164 717
164 730
164 812
164 818
164 940
164 993
165 555
165 650
165 761
165 765
165 782
166 272
166 378
166 504
166 553
166 617
166 640
166 692
166 795
166 971
166 990
166 998
167 204
167 212
167 296
167 421
167 637
167 785
167 837
167 881
168 284
168 318
168 378
168 441
168 588
168 702
169 192
169 346
169 445
169 488
169 499
169 599
169 690
169 692
169 742
169 804
169 848
169 919
169 975
170 222
170 261
170 497
170 593
170 635
170 725
170 762
170 876
170 900
171 967
171 994
172 262
172 270
172 346
172 441
172 486
172 646
172 837
172 931
173 261
173 323
173 509
173 565
173 586
173 594
173 913
174 214
174 403
174 426
174 458
174 479
174 821
175 730
175 789
175 862
175 903
175 950
176 179
176 237
176 823
177 358
177 610
177 663
178 237
178 568
178 630
178 764
178 819
178 971
179 195
179 256
179 511
179 538
179 575
179 651
179 734
179 960
179 978
179 992
180 196
180 376
180 407
180 440
180 474
180 479
180 488
180 520
180 585
180 699
180 706
181 226
181 602
181 659
181 749
181 913
181 981
181 983
182 358
182 362
182 393
182 440
182 666
182 712
182 736
182 756
182 805
182 932
183 224
183 646
183 816
183 865
183 932
184 274
184 555
184 699
184 709
184 902
184 955
185 260
185 452
185 512
185 545
185 667
185 928
185 945
185 984
186 413
186 456
186 475
186 492
186 517
186 519
186 563
186 583
186 604
186 624
186 739
186 798
186 872
186 885
186 933
187 224
187 413
187 493
187 799
188 451
188 528
188 586
188 929
189 335
189 339
189 442
189 497
189 515
189 649
189 685
189 721
189 818
189 929
189 943
189 948
189 995
190 215
190 447
190 497
190 779
190 902
190 931
191 214
191 317
191 722
191 839
191 943
191 953
192 208
192 262
192 327
192 345
192 455
192 791
192 829
192 904
192 937
193 295
193 326
193 416
193 545
193 555
193 587
193 595
193 635
193 646
193 707
193 894
194 329
194 809
194 819
194 936
194 937
194 979
195 200
195 231
195 406
195 515
195 538
195 756
195 897
195 994
196 203
196 246
196 365
196 378
196 388
196 456
196 599
196 680
196 786
196 858
197 251
197 392
197 445
197 490
197 579
197 719
197 774
197 800
197 843
197 901
197 953
197 984
198 284
198 289
198 312
198 505
198 566
198 594
198 618
198 732
198 788
198 840
198 874
198 936
199 302
199 353
199 519
199 680
199 772
199 776
200 204
200 211
200 282
200 549
200 557
200 659
201 204
201 251
201 266
201 377
201 383
201 456
201 465
201 909
202 224
202 307
202 442
202 536
202 627
202 744
202 781
203 422
203 709
203 742
203 795
203 806
204 234
204 255
204 351
204 568
204 583
204 650
204 675
204 853
205 214
205 484
205 647
205 799
205 940
205 959
206 265
206 342
206 623
206 691
206 827
206 833
206 859
206 937
207 258
207 600
207 731
207 812
207 905
207 907
207 986
208 321
208 363
208 464
208 588
208 654
208 675
208 819
208 845
208 886
208 929
208 969
209 399
209 426
209 466
209 557
209 771
209 773
210 240
210 281
210 298
210 415
210 504
210 760
210 779
210 813
210 865
210 906
210 952
210 973
211 216
211 229
211 287
211 351
211 425
211 677
211 729
211 768
211 848
211 896
211 974
212 240
212 287
212 308
212 682
212 848
212 859
212 886
212 979
213 249
213 549
213 756
213 886
214 362
214 499
214 752
214 774
214 868
215 272
215 286
215 366
215 398
215 418
215 464
215 469
215 513
215 557
215 591
215 593
215 669
215 673
215 703
215 794
215 859
215 901
215 925
216 228
216 286
216 493
216 573
216 598
216 736
216 827
216 871
216 892
217 508
217 553
217 676
218 521
218 552
218 790
218 824
218 827
218 878
218 897
218 957
218 987
219 250
219 285
219 481
219 946
219 976
220 285
220 490
220 701
220 778
220 860
220 926
220 929
221 351
221 546
221 623
221 698
221 871
222 410
222 585
222 606
222 655
222 683
222 700
222 746
223 547
223 780
223 804
223 819
223 852
223 860
223 943
223 955
224 468
224 487
224 545
224 582
224 712
224 918
224 957
224 964
225 321
225 356
225 375
225 430
225 439
225 512
225 538
225 646
225 655
225 685
225 826
226 237
226 275
226 492
226 618
226 668
226 873
227 239
227 755
227 825
227 837
228 333
228 737
228 859
228 909
228 993
229 476
229 829
229 877
229 990
230 421
230 566
230 583
230 640
230 709
230 843
230 881
230 890
231 489
231 528
231 593
231 624
231 670
231 676
231 746
231 788
231 916
231 985
232 246
232 450
232 527
232 779
232 789
232 928
232 956
233 257
233 303
233 361
233 369
233 494
233 533
233 635
233 674
233 719
233 836
233 936
234 271
234 408
234 523
234 641
234 668
234 718
234 719
234 758
234 848
234 941
235 243
235 324
235 402
235 436
235 443
235 470
235 570
235 730
235 780
236 260
236 273
236 308
236 313
236 317
236 409
236 498
236 648
236 703
236 831
236 846
236 931
236 945
237 581
237 792
237 958
238 344
238 466
238 537
238 552
238 844
239 311
239 353
239 455
239 534
239 542
239 812
239 942
239 970
239 974
239 990
240 253
240 257
240 385
240 400
240 524
240 557
240 709
240 748
240 979
241 259
241 361
241 434
241 536
241 592
241 604
241 719
241 721
241 749
241 812
241 871
241 883
241 895
241 935
241 944
242 248
242 344
242 385
242 388
242 653
242 659
242 720
243 341
243 358
243 410
243 412
243 718
243 891
243 937
243 971
244 419
244 500
244 600
244 676
244 696
244 862
244 929
245 279
245 363
245 497
245 801
246 250
246 339
246 369
246 381
246 426
246 521
246 600
246 601
246 632
246 639
246 676
246 726
246 963
246 969
247 256
247 384
247 405
247 449
247 595
247 641
247 659
247 715
247 853
247 899
247 978
248 288
248 372
248 550
248 609
248 641
248 715
248 739
248 933
248 954
248 982
249 271
249 306
249 318
249 379
249 417
249 647
249 714
249 736
249 745
249 822
249 823
249 904
249 906
250 300
250 304
250 532
250 631
250 646
250 660
250 678
250 746
250 831
250 967
250 987
251 343
251 479
251 518
251 735
251 949
252 326
252 334
252 336
252 357
252 531
252 827
252 944
252 994
253 488
253 601
253 627
253 669
253 777
253 873
253 982
254 263
254 373
254 557
254 683
254 849
255 259
255 533
255 661
255 715
255 764
255 870
255 940
256 372
256 448
256 602
256 679
256 789
256 901
256 946
256 962
256 973
257 339
257 437
257 534
257 621
257 816
257 921
258 330
258 548
258 580
258 666
258 709
258 803
258 955
258 995
259 393
259 499
259 525
259 627
259 671
259 704
259 827
260 261
260 274
260 321
260 409
260 595
260 606
260 898
261 294
261 338
261 523
261 628
261 708
261 801
261 811
261 851
261 880
262 334
262 337
262 464
262 467
262 601
262 983
262 992
263 600
263 624
263 625
263 636
263 689
264 826
265 387
265 511
265 528
265 625
265 770
265 835
265 865
265 870
265 940
265 971
266 344
266 535
266 544
266 683
266 813
266 830
267 324
267 367
267 573
267 623
267 864
267 961
267 987
268 366
268 403
268 464
268 612
268 887
268 920
269 334
269 351
269 396
269 648
269 660
269 680
269 705
269 788
269 863
270 276
270 441
270 461
270 473
270 558
270 588
270 682
270 702
271 313
271 398
271 554
271 630
271 637
271 671
272 275
272 311
272 342
272 705
272 767
272 911
272 928
273 280
273 293
273 345
273 601
274 353
274 358
274 438
274 459
274 472
274 482
274 503
274 553
274 905
274 987
275 698
275 732
275 895
275 985
276 378
276 431
276 488
276 526
276 577
276 739
276 839
276 844
276 859
276 980
277 419
277 583
277 639
277 966
278 308
278 348
278 358
278 391
278 437
278 695
278 698
278 797
278 828
278 882
279 329
279 395
279 598
279 615
279 659
279 789
279 809
279 811
279 915
279 990
280 377
280 463
280 481
280 697
280 725
280 745
280 845
280 869
280 944
280 956
281 530
281 565
281 622
281 720
281 749
281 761
281 980
281 991
282 377
282 387
282 523
282 527
282 943
283 314
284 358
284 518
284 555
284 676
284 708
284 914
284 943
285 369
285 407
285 461
285 661
285 722
285 760
285 923
285 938
286 309
286 335
286 438
286 492
286 723
286 726
286 747
286 842
286 937
287 446
287 543
287 739
287 753
287 943
288 346
288 375
288 442
288 697
289 463
289 523
289 572
289 755
289 782
289 864
289 878
289 978
290 442
290 720
290 979
291 522
291 550
291 588
291 601
291 671
291 678
291 763
291 767
291 793
291 808
292 372
292 377
292 394
292 431
292 433
292 517
292 566
292 739
292 855
293 306
293 316
293 502
293 619
294 359
294 404
294 698
294 828
295 345
295 738
295 847
295 890
295 922
296 363
296 514
296 632
296 723
296 748
296 816
297 618
297 833
297 983
298 462
298 573
298 837
298 867
298 897
298 928
298 946
298 997
299 362
299 495
299 553
299 761
299 838
299 919
300 467
300 638
300 689
300 821
300 953
300 991
301 503
301 703
302 319
302 348
302 640
302 686
302 727
302 748
302 784
302 818
303 368
303 472
303 610
303 611
303 628
303 737
304 369
304 488
304 602
304 670
304 698
304 869
304 977
304 987
305 309
305 428
305 770
305 890
305 998
306 416
306 550
306 761
306 808
306 991
307 371
307 431
307 463
307 521
307 690
307 739
307 746
307 823
307 906
307 939
307 984
308 323
308 453
308 468
308 472
308 637
308 644
308 670
308 697
308 715
308 776
308 798
308 852
308 935
309 433
309 604
309 627
309 793
309 896
310 326
310 335
310 555
310 587
310 648
310 829
310 897
311 467
311 533
311 657
311 858
311 889
311 977
311 995
312 431
312 489
312 548
312 647
312 651
312 677
312 774
312 804
313 344
313 420
313 467
313 562
313 649
313 702
313 760
313 807
313 827
313 876
314 354
314 388
314 418
314 455
314 481
314 625
314 773
314 786
314 795
314 808
315 407
315 592
315 940
316 326
316 561
316 606
316 689
316 755
316 766
316 839
316 966
317 344
317 525
317 576
317 651
317 686
317 834
317 839
317 899
317 913
318 479
318 528
318 613
319 339
319 395
319 574
319 639
319 704
319 839
319 876
319 948
320 466
320 549
320 676
320 815
320 937
320 952
321 375
321 508
321 646
321 879
321 921
321 977
322 431
322 747
322 907
322 939
323 384
323 405
323 437
323 466
323 565
323 628
323 662
323 694
323 891
323 956
324 334
324 391
324 499
324 576
324 658
324 776
324 832
324 835
324 851
324 867
324 929
325 335
325 384
325 421
325 438
325 505
326 340
326 362
326 596
326 600
326 707
326 763
326 943
326 963
326 964
327 464
327 735
328 467
328 506
328 557
328 631
328 660
328 788
328 828
329 375
329 430
329 479
329 732
329 737
329 749
329 799
329 820
329 869
330 588
330 797
330 882
330 996
330 997
331 344
331 609
331 642
331 768
331 779
331 820
331 942
332 452
332 577
332 680
332 705
332 724
332 803
332 853
332 886
332 956
332 995
333 370
333 425
333 532
333 594
333 745
333 935
334 444
334 594
334 631
334 633
334 658
334 720
334 746
334 887
334 935
335 543
335 573
335 600
335 665
335 671
335 737
335 838
336 353
336 604
336 641
336 722
336 821
336 887
336 893
337 594
337 598
337 689
337 834
337 894
337 911
338 350
338 364
338 437
338 491
338 538
338 578
338 627
338 798
338 814
338 896
339 413
339 506
339 510
339 735
340 560
340 607
340 636
340 664
340 777
341 422
341 471
341 500
341 634
341 843
342 367
342 463
342 513
342 527
342 666
342 698
342 933
342 964
342 992
343 515
343 546
343 557
343 593
343 770
343 783
343 814
343 818
343 846
343 930
343 951
344 501
344 535
344 561
344 608
344 623
344 684
344 845
344 901
344 971
345 410
345 503
345 597
345 676
345 682
345 688
345 710
345 778
345 994
346 358
346 373
346 508
346 526
346 582
346 714
346 720
346 766
346 806
346 807
347 382
347 406
347 433
347 611
347 786
347 826
347 919
347 951
348 409
348 469
348 911
348 935
349 429
349 483
349 517
349 521
349 584
349 599
349 666
349 737
349 876
350 711
350 727
350 784
350 786
351 381
351 413
351 464
351 484
351 560
351 646
351 758
351 827
351 873
351 894
352 655
352 722
352 741
352 794
352 920
352 976
353 405
353 441
353 569
353 571
353 724
353 789
353 871
353 986
354 460
354 642
354 682
354 783
354 837
354 934
355 531
355 533
355 537
355 652
355 684
355 692
356 582
356 656
356 708
356 763
356 804
356 826
357 385
357 449
357 523
357 558
357 700
357 765
357 833
358 422
358 476
358 485
358 585
358 721
358 818
358 985
358 998
359 479
359 515
359 551
359 582
359 633
359 664
359 713
359 930
359 955
359 957
360 445
360 559
361 539
361 561
361 589
361 620
361 687
361 828
361 910
362 581
362 601
362 669
362 746
362 925
363 519
363 547
363 735
363 918
364 451
364 579
364 594
364 643
364 670
364 746
364 900
364 936
365 416
365 584
365 589
365 612
365 642
365 767
365 996
366 486
366 533
366 665
366 825
366 920
366 973
367 400
367 600
367 632
367 767
368 450
368 566
368 808
368 941
368 961
368 998
369 412
369 448
369 613
369 659
369 820
369 940
370 589
370 731
370 854
371 376
371 379
371 425
371 429
371 482
371 619
371 778
371 838
371 961
372 459
372 481
372 511
372 647
372 750
372 875
372 915
372 922
372 992
373 380
373 522
373 676
373 690
373 866
374 485
374 515
374 622
374 649
374 730
375 644
375 739
375 891
375 974
376 377
376 386
376 435
376 508
376 578
376 765
376 964
377 604
377 702
377 902
377 921
377 939
377 971
377 996
378 429
378 713
378 879
378 927
379 447
379 623
379 964
379 966
379 977
380 469
380 515
380 540
380 602
380 766
380 959
380 977
381 464
381 552
381 555
381 686
381 769
382 521
382 596
382 662
382 790
382 798
382 800
382 871
383 562
383 577
383 640
383 780
383 793
383 817
383 928
383 933
383 960
384 462
384 857
385 469
385 473
385 712
385 815
385 917
385 945
386 494
386 498
386 505
386 631
386 634
386 689
386 928
386 968
387 416
387 532
387 549
387 565
387 624
387 788
387 865
387 924
388 391
388 533
388 709
388 758
388 770
388 975
388 977
388 982
388 988
389 390
389 524
389 715
389 748
389 781
389 885
389 953
390 580
390 639
390 660
390 816
390 865
390 873
390 944
390 990
391 416
391 539
391 553
391 592
391 604
391 695
391 739
391 767
391 877
391 900
391 948
391 952
391 959
392 409
392 793
392 988
393 507
393 659
393 683
393 702
393 764
394 445
394 511
394 534
394 562
394 603
394 675
394 767
394 819
394 825
394 878
395 606
395 875
396 558
396 941
396 946
397 473
397 521
397 623
397 648
397 719
397 841
397 905
397 915
398 507
398 527
398 649
398 721
398 790
398 796
398 821
398 872
398 964
399 401
399 493
399 763
400 449
400 450
400 475
400 534
400 605
400 999
401 475
401 663
401 759
401 845
402 621
402 634
402 669
402 825
402 944
402 948
402 982
403 619
403 651
403 731
403 761
403 765
403 930
403 949
404 516
404 880
404 888
404 918
404 949
405 494
405 525
405 561
406 494
406 572
406 605
406 610
406 655
406 726
406 737
406 847
406 903
406 994
407 435
407 548
407 659
407 735
407 855
407 907
408 439
408 521
408 541
408 552
408 579
408 667
408 883
408 935
408 992
409 428
409 440
409 495
409 553
409 575
409 693
409 840
409 843
409 916
409 960
410 415
410 597
410 745
410 813
410 943
411 433
411 781
411 814
411 968
412 680
412 833
413 468
413 860
413 870
413 971
413 990
414 425
414 532
414 573
414 589
414 629
414 630
414 687
414 699
414 794
415 503
415 529
415 613
415 943
416 459
416 527
416 916
416 960
416 987
417 630
417 657
417 859
417 874
417 932
418 436
418 510
418 542
418 626
418 906
418 968
418 997
419 526
419 748
419 795
419 926
420 457
420 487
420 520
420 583
420 716
420 729
420 736
420 821
420 921
420 970
421 474
421 648
421 675
421 676
421 795
421 871
422 565
422 590
422 665
422 705
422 851
423 703
423 724
423 796
423 890
423 972
423 993
424 504
424 667
424 687
424 815
425 496
425 586
425 595
425 667
425 679
425 827
425 889
426 452
426 470
426 509
426 548
426 627
426 679
427 476
427 531
427 549
427 618
427 833
427 891
428 491
428 518
428 590
428 696
428 894
429 536
429 785
429 789
430 583
430 646
430 693
430 805
430 820
430 902
430 999
431 437
431 444
431 526
431 541
431 640
431 669
432 465
432 531
432 664
432 694
432 790
432 888
432 957
433 589
433 594
433 688
433 712
433 750
433 988
434 661
434 693
434 709
435 500
435 664
435 734
435 753
435 845
436 564
436 633
436 674
436 808
436 861
436 876
436 895
437 836
437 933
438 762
438 804
438 899
438 931
438 932
439 545
439 645
439 663
439 670
439 820
439 885
440 497
440 498
440 578
440 686
440 688
440 693
440 711
440 750
441 470
441 482
441 507
441 691
441 699
442 599
442 693
442 737
442 843
442 889
443 476
443 510
443 575
443 614
443 691
443 815
443 953
444 505
444 526
444 553
444 878
445 600
445 918
446 557
446 637
446 785
446 812
446 863
446 911
447 496
447 583
447 652
447 779
448 556
448 666
448 822
448 852
448 865
448 891
448 986
449 465
449 671
449 733
449 853
449 877
449 899
449 977
450 524
450 695
450 813
450 929
450 962
451 513
451 576
451 697
451 800
451 903
452 515
452 590
452 595
452 706
452 746
452 888
452 892
453 598
453 761
453 762
454 566
454 610
454 739
454 922
455 517
455 529
455 554
455 562
455 597
455 641
455 682
455 706
455 971
456 555
456 587
456 599
456 701
456 887
457 479
457 535
457 551
457 770
457 861
457 958
458 783
458 852
458 982
459 552
459 622
459 651
459 705
459 712
460 497
460 609
460 624
460 667
460 673
460 697
460 742
460 974
461 734
461 830
462 567
462 778
462 948
463 594
463 613
463 673
463 711
463 774
463 818
463 976
464 491
464 542
464 626
464 632
464 859
464 949
465 522
465 822
465 926
466 472
466 525
466 578
466 597
466 638
466 664
466 689
466 727
466 779
466 851
466 874
466 935
466 954
467 667
467 677
467 739
467 753
467 766
467 780
467 815
467 849
467 903
467 995
468 471
468 525
468 662
468 937
469 539
469 601
469 625
469 779
469 796
469 961
470 804
470 819
471 631
471 747
471 832
471 986
472 572
472 573
472 628
472 629
472 683
472 686
472 719
472 803
472 943
473 510
473 702
473 830
474 480
474 742
474 759
475 512
475 583
475 834
475 890
475 899
475 989
475 991
476 574
476 592
476 653
476 693
477 708
477 779
477 796
477 801
477 847
477 960
478 492
478 505
478 527
478 545
478 589
478 610
478 637
478 664
478 765
478 925
478 986
479 489
479 683
479 705
479 942
479 944
479 946
480 494
480 510
480 522
480 657
481 482
481 612
481 650
481 782
481 807
482 554
482 558
482 625
482 680
482 761
482 921
483 671
483 822
483 844
484 511
484 534
484 579
484 586
484 593
484 743
484 768
484 855
484 949
485 486
485 563
485 569
485 900
485 994
486 570
486 651
486 743
487 546
487 601
487 839
487 905
487 982
488 539
488 561
488 573
488 733
488 774
488 845
488 875
488 969
488 997
489 623
489 629
489 788
489 882
489 983
490 511
490 523
490 597
490 619
490 671
490 834
490 904
491 540
491 785
491 792
491 861
491 882
492 626
492 710
492 885
492 950
492 952
493 667
493 740
493 815
493 891
494 536
494 602
494 616
494 776
494 817
495 546
495 658
495 666
495 671
495 735
495 850
495 859
495 871
496 504
496 757
496 784
496 973
497 543
497 572
497 651
497 885
497 890
498 518
499 549
499 646
499 843
499 852
499 922
500 527
500 654
500 656
500 693
500 853
500 913
501 749
501 752
502 601
502 643
502 705
502 713
502 821
502 971
503 538
503 617
503 647
503 898
503 918
504 666
504 812
504 819
504 877
504 904
504 943
504 963
505 634
505 904
506 584
506 746
506 764
506 882
507 631
507 764
507 807
507 934
507 991
508 590
508 876
508 923
509 513
509 540
509 545
509 656
509 658
509 992
510 587
510 660
510 674
510 857
510 877
510 943
510 963
511 532
511 584
511 612
511 725
512 553
512 737
512 835
512 880
513 528
513 634
513 796
513 806
513 831
513 940
514 641
514 766
514 896
515 529
515 575
515 671
515 673
515 904
516 624
516 794
516 828
516 847
516 849
516 961
517 580
517 691
517 700
517 891
518 678
518 738
518 747
518 837
518 860
518 878
519 633
519 661
519 681
519 859
520 623
520 701
520 715
520 738
520 766
521 592
521 603
521 685
521 785
521 808
521 898
522 580
522 585
522 966
523 649
523 651
523 674
524 548
524 554
524 715
524 750
524 875
524 944
525 614
525 749
525 757
525 895
525 908
526 545
526 741
526 784
526 854
526 871
526 989
527 657
527 918
528 554
528 635
528 660
528 720
528 913
529 735
529 746
529 759
529 807
529 843
530 737
530 768
530 792
530 866
530 875
530 938
530 994
531 754
531 764
531 839
532 570
532 593
532 654
532 670
532 712
532 786
532 906
533 592
533 748
533 940
534 638
534 658
534 667
534 752
534 877
534 878
534 969
535 570
535 676
535 714
535 847
536 636
536 663
536 887
536 923
537 677
537 757
537 907
538 583
538 608
538 680
538 756
538 963
539 635
539 830
540 745
540 768
540 771
540 789
540 900
540 976
541 784
541 815
541 849
541 914
541 953
541 982
542 559
542 653
542 748
542 878
542 891
542 929
542 938
543 590
543 646
543 803
543 908
543 911
544 681
544 751
544 835
544 908
544 909
544 992
545 550
545 692
545 712
545 976
546 549
546 599
546 678
546 729
546 937
547 685
547 866
548 585
548 670
548 727
548 729
548 852
548 858
548 989
549 579
549 822
549 908
550 837
550 859
551 680
551 714
552 594
552 663
552 774
552 840
553 580
553 656
553 661
553 730
553 745
553 779
553 783
554 759
554 794
554 822
554 849
555 711
555 714
555 800
555 802
556 606
556 766
556 812
557 814
557 884
558 706
558 885
559 612
559 632
559 656
559 728
560 600
560 617
560 628
560 653
560 679
560 770
560 921
561 746
561 887
561 989
562 718
562 890
563 620
563 719
563 729
563 783
563 805
563 992
564 593
564 594
564 720
565 585
565 609
565 622
565 660
565 920
566 609
566 910
566 915
566 935
566 988
567 680
567 691
567 783
567 864
568 618
568 712
568 733
568 803
568 804
568 856
568 934
569 597
569 683
569 772
569 778
570 578
570 762
570 769
570 982
570 998
571 697
572 790
572 799
572 902
572 976
572 982
573 625
574 598
574 714
574 746
574 770
574 818
575 625
575 810
575 867
575 876
575 971
576 843
576 844
576 877
577 636
577 676
577 724
577 798
578 662
578 684
578 795
579 738
579 885
579 955
580 699
580 714
580 782
580 890
580 924
581 911
581 942
581 954
582 619
582 682
582 711
582 848
582 850
582 919
583 593
583 695
583 701
583 799
583 888
584 770
584 947
584 962
584 981
584 999
585 645
585 858
586 661
586 751
586 831
586 852
586 854
586 924
587 684
587 705
587 724
587 785
587 801
588 896
588 994
589 659
589 717
589 957
590 744
590 950
591 735
591 743
591 790
591 989
592 753
592 845
592 852
592 855
594 656
594 676
594 848
594 914
595 600
595 905
596 636
596 786
596 937
596 979
597 648
597 719
597 967
597 968
598 717
598 774
598 815
598 818
598 874
598 949
598 997
599 605
599 668
599 866
600 645
600 680
600 704
600 744
600 750
600 822
600 991
601 737
601 774
601 873
601 891
602 639
602 645
602 652
602 680
602 685
602 782
602 845
602 863
602 958
603 734
603 797
603 851
603 867
604 617
604 643
604 656
604 678
604 714
605 704
605 795
605 800
605 877
605 899
606 714
606 791
606 849
606 993
607 629
607 821
607 997
608 633
608 753
608 775
608 837
608 859
608 929
609 628
609 720
609 896
610 617
610 766
610 862
610 864
610 905
610 907
611 669
611 773
611 778
611 983
611 992
612 675
612 749
612 904
613 660
613 682
613 751
613 765
613 816
613 825
613 883
614 749
614 790
614 959
615 645
615 987
616 642
616 702
616 865
617 664
617 675
617 705
617 736
617 933
618 662
618 691
618 733
618 929
618 955
618 992
619 735
619 804
619 889
619 948
619 988
620 981
621 646
621 669
621 721
621 725
622 648
622 913
623 739
623 973
623 997
624 827
624 838
624 861
624 882
625 742
626 650
626 654
626 821
627 685
627 780
627 838
627 893
627 961
628 774
629 812
629 966
630 841
631 655
631 662
631 785
632 688
632 695
632 780
632 798
632 884
633 772
633 929
633 986
634 648
634 768
634 990
635 934
635 954
635 959
636 742
637 704
637 750
637 753
637 806
637 872
637 956
638 639
638 687
638 712
638 790
638 888
639 821
639 996
640 650
640 674
640 886
641 752
641 913
641 960
643 714
643 821
643 855
643 906
643 967
644 720
644 772
644 872
644 951
645 720
645 986
646 651
646 681
646 692
646 794
646 839
646 888
646 896
647 715
647 728
647 736
647 805
647 826
648 761
648 793
648 831
648 857
648 987
649 721
649 841
649 997
650 662
650 792
650 852
651 654
651 671
651 715
651 716
651 734
651 785
651 904
652 670
652 843
652 850
652 889
652 936
652 939
653 797
653 841
653 860
653 976
653 999
654 825
655 714
655 800
655 885
656 688
656 926
657 800
657 933
657 996
658 764
658 770
658 961
658 990
659 728
659 988
659 989
660 728
660 772
660 860
661 764
661 783
662 944
663 682
663 689
663 808
663 908
663 978
663 995
664 692
664 852
664 883
665 780
665 792
665 936
666 744
666 786
666 789
666 897
666 920
666 926
666 933
666 938
666 981
667 999
668 691
668 829
668 868
668 878
669 686
669 714
669 720
669 909
669 979
670 764
670 836
670 991
671 684
671 725
671 761
671 816
671 825
671 960
672 702
673 683
674 681
674 889
675 748
675 841
675 917
675 941
676 810
676 881
676 963
677 722
677 915
678 743
678 982
678 983
679 750
679 849
679 866
679 927
679 970
679 997
680 807
681 707
681 749
681 751
681 908
681 952
681 992
682 699
682 764
682 836
682 838
682 841
682 855
683 730
684 711
684 767
684 772
684 818
684 854
684 990
685 804
685 824
685 945
686 735
686 864
686 998
687 761
688 736
689 781
689 937
690 753
690 775
691 790
691 922
691 939
691 951
692 740
692 762
692 778
692 823
692 932
692 935
693 757
693 839
694 736
694 778
694 793
694 961
695 806
696 819
696 859
696 889
696 940
697 772
697 794
697 828
697 881
697 960
698 773
698 946
698 999
699 715
700 748
701 834
701 854
701 884
701 946
701 983
701 996
702 769
702 962
703 772
703 903
704 852
705 820
705 935
705 940
705 942
706 924
706 951
707 980
707 996
708 744
708 824
708 889
709 849
709 927
709 973
709 994
710 715
710 736
710 855
710 878
710 948
710 949
710 959
711 787
711 813
711 831
711 952
711 965
712 716
712 845
712 907
713 824
713 912
714 864
714 902
715 737
715 780
715 924
715 967
716 742
716 753
716 809
716 904
716 908
718 841
718 976
718 998
719 916
719 986
720 830
720 972
721 776
721 791
721 967
721 972
722 799
722 827
722 954
723 898
725 796
725 841
725 958
725 983
727 744
727 746
727 749
728 897
728 951
729 751
729 752
730 759
730 785
730 792
730 811
730 848
731 896
731 958
731 973
732 792
732 893
732 943
732 949
732 956
733 967
734 805
735 754
735 788
735 870
736 784
736 818
736 866
736 875
736 944
736 948
736 973
737 764
737 822
737 856
737 965
738 850
738 884
739 797
740 821
740 822
740 927
741 743
741 769
741 918
741 957
741 972
742 891
742 906
742 926
742 971
743 824
743 942
744 940
745 789
745 830
745 862
745 884
745 954
746 843
747 810
747 824
747 898
747 935
748 753
748 821
748 924
748 949
748 956
750 817
751 814
751 871
751 886
751 904
751 998
753 792
753 852
753 853
753 976
754 795
754 876
754 932
755 828
755 844
755 884
755 897
755 940
756 966
757 845
757 969
759 799
759 912
761 777
761 952
761 963
762 926
763 767
763 823
763 876
764 915
766 793
766 815
766 943
766 999
767 838
767 919
767 953
768 881
768 961
768 975
769 809
769 886
769 995
770 842
770 869
770 954
770 998
771 807
771 809
771 832
772 930
772 950
772 951
772 980
772 981
773 785
774 853
774 977
775 933
775 960
776 796
776 807
777 928
777 961
778 912
778 946
778 961
779 851
779 951
780 897
781 855
782 858
782 961
783 863
784 794
784 855
784 894
784 999
785 802
785 843
786 813
786 872
787 805
787 808
789 875
789 921
790 816
790 842
790 887
790 985
792 802
792 969
792 982
792 996
793 845
794 828
794 940
794 999
795 807
795 978
796 836
796 873
796 942
797 813
797 948
797 982
798 819
799 911
799 957
800 918
800 929
801 835
801 916
802 868
802 881
802 895
803 863
803 917
804 981
805 950
806 858
806 939
807 993
808 913
809 914
810 847
810 974
811 927
812 835
812 839
812 847
812 871
812 895
813 841
814 874
814 886
814 923
814 979
814 985
816 825
816 840
816 944
817 960
817 980
820 843
820 928
821 857
821 931
822 893
822 900
822 928
822 988
823 924
824 908
824 914
825 964
825 981
827 828
827 905
827 917
827 992
828 921
829 951
830 875
830 920
830 960
831 878
831 973
832 969
833 870
833 957
834 866
834 912
837 874
837 882
837 957
839 868
840 971
841 905
841 910
841 921
843 892
843 951
844 895
846 882
847 911
847 963
849 917
850 900
852 858
853 876
855 864
855 990
857 912
857 990
858 949
858 985
859 868
860 973
862 890
862 923
862 939
862 953
863 994
865 878
865 953
865 984
866 942
866 967
868 974
871 898
872 899
872 902
872 934
872 998
875 953
875 985
875 991
876 938
877 963
881 893
883 952
883 996
884 943
885 980
886 994
888 901
890 953
890 978
893 938
894 973
895 921
895 987
897 994
900 936
901 918
901 945
902 905
902 915
903 935
903 939
903 977
906 975
907 913
907 940
908 939
908 997
909 956
914 920
914 935
914 944
914 988
917 940
917 968
918 954
920 964
921 992
922 924
924 930
924 957
925 959
926 940
926 977
927 968
928 936
929 935
930 987
933 985
934 955
936 993
939 956
939 989
940 956
940 970
941 962
943 969
944 986
945 974
945 996
951 952
951 990
955 996
958 974
965 978
966 967
972 985
973 996