1000
5105
0 46
0 115
0 117
0 158
0 437
0 578
0 603
0 619
0 663
0 682
0 752
0 753
0 762
0 766
1 51
1 71
1 128
1 171
1 261
1 277
1 284
1 361
1 404
1 445
1 465
1 519
1 704
1 783
1 968
2 66
2 71
2 156
2 212
2 214
2 288
2 375
2 431
2 628
2 763
2 769
2 826
2 931
3 52
3 129
3 198
3 273
3 317
3 325
3 429
3 676
3 718
3 748
3 764
3 837
3 900
3 911
4 73
4 161
4 274
4 289
4 401
4 471
4 472
4 560
4 600
4 658
4 727
4 811
4 815
4 824
4 839
5 59
5 171
5 172
5 196
5 200
5 268
5 282
5 328
5 421
5 500
5 506
5 847
6 56
6 59
6 81
6 508
6 590
6 762
6 861
6 921
6 964
7 62
7 104
7 122
7 188
7 194
7 335
7 436
7 528
7 539
7 730
7 802
7 837
7 958
7 964
7 967
7 992
8 21
8 54
8 424
8 658
8 708
8 844
8 929
8 933
8 964
9 102
9 169
9 215
9 273
9 297
9 574
9 604
9 652
9 655
9 665
9 769
10 427
10 558
10 586
10 606
10 685
10 690
10 837
10 895
11 34
11 58
11 63
11 84
11 94
11 326
11 355
11 522
11 620
11 678
11 724
11 826
12 32
12 290
12 397
12 410
12 740
12 786
12 791
13 17
13 46
13 75
13 135
13 191
13 381
13 415
13 433
13 563
13 640
13 665
13 668
13 778
13 808
13 815
13 840
13 976
14 134
14 142
14 203
14 462
14 591
14 713
14 733
14 743
14 874
14 891
14 924
14 961
15 315
15 347
15 406
15 730
16 73
16 101
16 108
16 121
16 181
16 188
16 515
16 954
16 963
17 118
17 218
17 562
17 574
17 736
17 792
17 957
18 70
18 248
18 308
18 315
18 450
18 464
18 492
18 632
18 708
18 842
18 951
19 29
19 107
19 146
19 151
19 270
19 281
19 320
19 360
19 625
19 664
19 766
19 835
19 946
20 181
20 322
20 572
20 700
20 743
20 840
20 848
20 917
20 953
20 963
20 981
21 102
21 185
21 255
21 459
21 655
21 747
21 784
21 864
21 868
22 167
22 240
22 293
22 322
22 352
22 401
22 433
22 483
22 552
22 882
23 308
23 352
23 556
23 910
23 966
23 984
24 280
24 321
24 327
24 339
24 548
24 570
24 583
24 633
24 819
24 915
25 45
25 198
25 230
25 246
25 275
25 307
25 711
25 766
25 984
26 217
26 283
26 315
26 326
26 564
26 580
26 673
26 680
26 739
26 747
26 920
26 937
26 992
27 78
27 196
27 241
27 259
27 289
27 292
27 388
27 441
27 492
27 535
27 621
27 629
27 810
27 912
28 82
28 185
28 208
28 216
28 303
28 379
28 399
28 501
28 662
28 674
28 700
28 900
28 934
29 57
29 251
29 291
29 328
29 425
29 559
29 610
29 663
29 769
29 796
29 828
29 937
30 85
30 89
30 201
30 252
30 342
30 390
30 607
30 765
30 826
30 997
31 198
31 215
31 362
31 437
31 454
31 455
31 535
31 564
31 610
31 708
31 784
31 803
31 837
31 923
31 981
32 122
32 194
32 262
32 394
32 433
32 645
32 765
33 135
33 200
33 208
33 246
33 292
33 339
33 509
33 517
33 678
33 783
33 887
34 87
34 275
34 332
34 391
34 392
34 515
34 589
34 755
34 860
35 53
35 77
35 253
35 284
35 440
35 669
35 808
35 907
36 59
36 132
36 138
36 210
36 250
36 374
36 428
36 913
36 975
37 39
37 76
37 100
37 130
37 390
37 435
37 656
38 206
38 249
38 389
38 390
38 495
38 572
38 949
38 986
39 86
39 392
39 411
39 479
39 613
39 750
39 755
39 763
39 835
39 907
40 140
40 153
40 193
40 230
40 325
40 353
40 383
40 576
40 638
40 680
40 686
40 754
40 827
40 873
40 895
40 903
41 71
41 485
41 576
41 603
41 621
41 681
41 728
41 742
41 744
41 762
41 776
41 816
41 963
41 996
42 175
42 319
42 337
42 338
42 385
42 566
42 582
42 675
42 742
42 881
42 919
43 275
43 302
43 462
43 606
43 725
43 778
43 786
43 921
43 966
44 51
44 87
44 171
44 188
44 208
44 253
44 319
44 721
44 739
44 878
44 902
44 925
44 968
45 111
45 233
45 259
45 275
45 327
45 554
45 587
45 665
45 909
46 98
46 290
46 317
46 414
46 497
46 608
46 813
46 983
46 991
47 104
47 218
47 452
47 462
47 660
47 731
47 791
48 60
48 93
48 101
48 179
48 751
48 808
48 835
49 153
49 550
49 584
49 619
49 664
49 777
49 867
49 900
49 939
49 986
49 992
50 147
50 177
50 302
50 318
50 321
50 398
50 739
50 833
50 858
50 911
51 100
51 146
51 154
51 180
51 223
51 515
51 552
51 689
51 735
51 764
51 787
51 909
51 966
52 334
52 430
52 490
52 575
52 622
52 648
52 660
52 665
52 675
52 713
53 61
53 180
53 562
53 602
53 749
53 800
53 963
54 57
54 127
54 237
54 277
54 292
54 324
54 340
54 498
54 501
54 616
54 624
54 820
55 161
55 186
55 308
55 321
55 350
55 375
55 388
55 469
55 654
55 675
55 790
56 89
56 141
56 171
56 301
56 373
56 579
56 632
56 638
56 690
56 826
56 897
57 218
57 271
57 361
57 539
57 569
57 614
57 627
57 697
57 834
57 882
58 63
58 114
58 121
58 133
58 218
58 310
58 531
58 620
58 662
58 767
58 857
58 863
58 939
58 944
58 983
58 993
59 269
59 304
59 398
59 418
59 429
59 647
59 715
59 851
59 894
60 103
60 191
60 231
60 273
60 309
60 343
60 427
60 443
60 549
60 613
60 666
60 687
60 708
60 897
61 198
61 292
61 500
61 672
61 826
61 893
61 931
62 98
62 123
62 334
62 393
62 435
62 670
62 759
62 832
62 900
62 916
63 133
63 244
63 427
63 463
63 522
63 523
63 617
63 619
64 312
64 502
64 643
64 949
65 79
65 144
65 159
65 276
65 351
65 363
65 373
65 428
65 437
65 478
65 635
65 801
65 865
65 890
65 946
66 160
66 177
66 279
66 337
66 489
66 510
66 550
66 553
66 636
66 829
66 863
66 899
67 218
67 239
67 285
67 337
67 483
67 488
67 560
67 572
67 780
67 938
68 252
68 514
68 554
68 608
68 851
68 875
68 926
69 95
69 177
69 209
69 246
69 303
69 383
69 483
69 502
69 635
69 744
69 761
69 797
69 815
69 834
70 129
70 207
70 324
70 377
70 579
70 609
70 685
70 696
70 932
71 89
71 409
71 694
71 698
71 709
71 825
71 914
71 948
72 223
72 286
72 390
72 707
72 742
72 751
72 770
72 889
73 206
73 341
73 360
73 378
73 467
73 547
73 592
73 764
73 904
73 918
73 951
74 396
74 420
74 692
74 783
74 824
75 145
75 188
75 466
75 523
75 652
76 202
76 267
76 368
76 542
76 725
76 750
76 778
76 833
76 982
77 91
77 111
77 175
77 324
77 349
77 409
77 457
77 517
77 687
77 916
77 993
78 200
78 258
78 335
78 438
78 469
78 579
78 699
78 813
78 978
79 109
79 140
79 191
79 272
79 390
79 417
79 469
79 634
79 675
80 132
80 177
80 350
80 382
80 390
80 395
80 482
80 593
80 624
80 648
80 689
80 805
80 847
80 928
81 311
81 385
81 429
81 503
81 839
81 918
81 941
82 158
82 183
82 230
82 271
82 576
82 650
82 846
82 851
82 904
82 982
83 245
83 508
83 611
83 754
83 839
83 891
83 935
84 154
84 246
84 290
84 310
84 457
84 588
84 806
84 811
84 874
84 921
85 135
85 159
85 514
85 658
85 714
85 956
85 970
86 92
86 166
86 374
86 405
86 567
86 806
86 964
86 966
87 183
87 233
87 335
87 506
87 655
87 661
87 781
87 990
88 93
88 123
88 140
88 182
88 218
88 372
88 378
88 472
88 597
88 716
88 797
88 949
89 201
89 222
89 284
89 440
89 553
89 689
89 997
90 98
90 213
90 234
90 279
90 410
90 459
90 643
90 742
90 769
90 829
90 856
90 994
91 280
91 333
91 576
91 602
91 632
91 688
91 959
92 197
92 218
92 285
92 289
92 340
92 495
92 525
92 595
92 642
92 820
92 823
92 970
93 128
93 224
93 269
93 350
93 352
93 489
93 533
93 653
93 657
93 710
93 782
93 815
94 436
94 497
94 769
94 835
95 432
95 570
95 788
95 851
95 919
95 924
96 836
96 855
97 107
97 162
97 293
97 399
97 547
97 738
97 803
97 856
97 858
97 910
97 915
97 962
98 275
98 285
98 345
98 510
98 697
98 703
98 851
98 991
99 154
99 210
99 226
99 447
99 702
99 772
99 998
100 330
100 367
100 558
100 616
100 731
100 819
100 822
101 408
101 482
101 542
101 854
101 959
101 980
102 103
102 127
102 236
102 408
102 448
102 484
102 534
102 579
102 607
102 751
102 758
102 888
102 956
102 998
103 153
103 154
103 241
103 314
103 371
103 402
103 698
103 699
103 805
103 831
103 858
103 929
104 216
104 332
104 443
104 545
104 598
104 667
104 706
104 732
104 855
105 162
105 171
105 591
105 831
105 848
105 957
106 125
106 128
106 372
106 401
106 449
106 463
106 768
106 777
107 163
107 168
107 188
107 266
107 298
107 317
107 321
107 351
107 353
107 364
107 390
107 406
107 583
107 613
107 645
107 656
107 768
107 812
107 829
107 886
107 897
107 938
107 998
108 188
108 223
108 280
108 326
108 336
108 362
108 396
108 468
108 522
108 568
108 591
108 627
108 724
108 822
109 230
109 411
109 440
109 492
109 553
109 605
109 723
109 779
110 153
110 266
110 586
110 742
110 832
110 853
110 941
111 134
111 271
111 294
111 330
111 380
111 383
112 171
112 289
112 370
112 402
112 404
112 446
112 670
112 854
112 884
112 897
113 186
113 212
113 245
113 301
113 410
113 509
113 534
113 556
113 784
114 221
114 390
114 422
114 614
114 729
114 769
114 879
114 896
115 189
115 279
115 417
115 742
115 794
115 799
115 872
116 202
116 557
116 916
117 265
117 310
117 508
117 639
117 681
117 694
117 704
117 897
118 120
118 122
118 189
118 304
118 431
118 515
118 521
118 553
118 792
118 822
118 937
118 968
118 973
119 267
119 399
119 443
119 454
119 553
119 573
119 667
119 671
119 701
119 832
120 182
120 315
120 342
120 579
120 703
120 715
120 986
121 125
121 197
121 224
121 406
121 557
121 922
122 541
122 567
122 702
122 775
122 835
122 934
122 946
123 528
123 533
123 541
123 546
123 576
123 905
123 946
124 134
124 189
124 403
124 631
124 739
124 755
124 788
124 893
124 965
125 178
125 330
125 367
125 379
125 487
125 501
125 834
125 845
125 889
125 954
126 189
126 219
126 425
126 457
126 485
126 504
126 842
126 846
127 155
127 186
127 202
127 307
127 343
127 358
127 366
127 497
127 499
127 828
127 846
127 954
128 243
128 489
128 491
128 499
128 607
128 856
128 912
128 932
128 955
128 980
129 289
129 361
129 373
129 389
129 408
129 573
129 605
129 711
129 820
129 845
129 920
129 968
130 214
130 240
130 276
130 299
130 313
130 339
130 384
130 464
130 503
130 662
130 770
130 777
130 895
130 948
130 965
131 162
131 176
131 185
131 187
131 268
131 420
131 525
131 636
131 844
131 884
131 895
131 981
132 187
132 278
132 465
132 498
132 679
132 781
132 855
132 907
132 951
132 966
133 198
133 249
133 349
133 365
133 393
133 452
133 486
133 579
133 599
133 663
133 674
133 740
133 820
133 974
134 222
134 427
134 576
134 793
134 958
134 959
135 151
135 234
135 251
135 290
135 327
135 362
135 514
135 579
135 586
135 718
135 784
135 856
135 933
136 214
136 406
136 521
136 552
136 686
136 731
136 767
136 816
137 209
137 232
137 246
137 331
137 629
137 857
138 156
138 229
138 312
138 384
138 721
138 925
138 934
139 150
139 162
139 173
139 343
139 346
139 351
139 521
139 535
139 564
139 606
139 676
139 816
139 942
140 144
140 247
140 320
140 359
140 474
140 501
140 526
140 584
140 598
140 739
140 846
140 961
140 987
141 330
141 485
141 570
141 572
141 791
141 846
141 873
141 902
141 916
142 212
142 423
142 472
142 503
142 674
142 689
142 846
143 200
143 207
143 443
143 570
143 648
143 898
143 950
143 977
143 982
143 995
144 459
144 476
144 573
144 592
144 646
144 677
144 722
144 871
144 894
145 288
145 311
145 660
145 725
146 191
146 266
146 779
146 875
146 882
147 185
147 343
147 389
147 416
147 520
147 567
147 805
147 930
149 173
149 253
149 348
149 399
149 413
149 472
149 625
149 842
149 865
149 892
150 154
150 501
150 542
150 577
150 638
151 161
151 228
151 342
151 347
151 360
151 390
151 395
151 629
151 756
151 929
152 224
152 339
152 383
152 557
152 591
152 714
152 767
152 780
152 808
152 949
153 162
153 264
153 297
153 332
153 541
153 605
153 746
153 850
153 857
154 169
154 181
154 186
154 301
154 422
154 440
154 471
154 523
154 619
154 650
154 730
154 771
154 810
154 926
155 241
155 310
155 314
155 435
155 527
155 674
155 773
155 896
155 914
156 411
156 448
156 592
156 667
156 753
156 794
156 813
156 845
156 902
157 281
157 432
157 484
157 562
157 603
157 663
157 731
157 745
157 791
157 796
157 813
157 833
157 887
158 169
158 179
158 368
158 443
158 459
158 469
158 521
158 687
158 760
158 843
158 869
158 886
158 895
159 194
159 420
159 429
159 610
159 616
159 823
160 207
160 361
160 374
160 573
160 693
160 700
160 716
160 856
161 237
161 251
161 401
161 473
161 474
161 657
161 812
161 991
162 558
162 721
162 735
162 758
162 896
162 906
163 281
163 396
163 435
163 496
163 765
163 812
163 879
164 215
164 221
164 301
164 381
164 448
164 582
164 650
164 711
164 732
164 752
164 917
164 983
165 199
165 200
165 231
165 356
165 390
165 413
165 415
165 475
165 491
165 540
165 596
165 617
165 634
165 690
165 706
165 910
165 948
166 179
166 213
166 216
166 275
166 319
166 343
166 377
166 399
166 442
166 457
166 586
166 808
167 357
167 471
167 485
167 548
167 694
167 810
167 852
167 980
168 266
168 284
168 289
168 429
168 594
168 645
168 646
168 658
168 777
168 779
168 859
168 889
168 947
169 222
169 266
169 381
169 393
169 412
169 529
169 702
169 711
169 824
169 852
169 869
169 951
169 991
170 649
170 871
171 239
171 277
171 299
171 372
171 413
171 573
171 772
171 956
172 242
172 257
172 507
172 590
172 596
172 636
172 823
172 852
172 874
173 217
173 265
173 294
173 337
173 377
173 412
173 478
173 546
173 733
173 837
173 986
174 180
174 230
174 247
174 256
174 302
174 333
174 535
174 553
174 601
174 605
174 653
174 712
174 757
174 969
175 217
175 370
175 488
175 678
175 714
175 720
175 803
175 881
175 964
176 400
176 537
176 707
176 752
176 780
176 790
176 963
176 994
177 289
177 334
177 479
177 590
177 667
177 686
177 753
177 765
177 790
177 792
177 985
177 994
178 394
179 360
179 481
179 844
179 883
179 904
180 277
180 334
180 354
180 420
180 494
180 557
180 590
180 595
180 647
180 658
180 678
180 710
180 957
180 972
181 233
181 440
181 448
181 522
181 595
181 697
181 699
181 703
181 963
182 484
182 513
182 571
182 593
182 694
182 817
182 834
182 864
182 883
182 954
183 215
183 387
183 388
183 507
183 550
183 564
183 580
183 678
183 694
183 743
184 331
184 657
184 677
184 763
184 800
184 856
184 880
184 930
185 295
185 462
185 492
185 568
185 650
186 201
186 314
186 383
186 447
186 779
186 825
186 985
187 331
187 464
187 542
187 689
187 739
188 292
188 447
188 477
188 487
188 587
188 691
188 938
188 966
189 308
189 352
189 583
189 665
189 741
189 844
189 889
189 982
190 392
190 589
190 641
190 658
190 692
190 718
190 731
190 921
190 992
191 409
191 477
191 542
191 594
191 703
191 741
191 814
191 871
191 967
192 308
192 377
192 389
192 531
192 602
192 839
193 224
193 309
193 379
193 660
193 764
193 838
194 212
194 253
194 339
194 603
194 804
194 820
194 828
194 995
195 228
195 360
195 458
195 464
195 486
195 555
195 854
195 919
196 454
196 570
196 646
196 724
196 910
197 256
197 321
197 354
197 421
197 748
197 758
197 906
197 930
197 944
198 238
198 300
198 337
198 392
198 777
199 231
199 270
199 407
199 471
199 492
199 621
199 697
199 798
199 823
199 838
199 863
199 952
199 993
200 206
200 272
200 393
200 415
200 418
200 450
200 515
200 524
200 530
200 758
200 785
200 962
201 239
201 305
201 475
201 511
201 667
201 950
201 955
202 299
202 334
202 362
202 506
202 512
202 580
202 632
202 683
202 973
203 538
203 541
203 876
204 260
204 344
204 606
204 673
204 790
205 390
205 597
205 630
205 710
205 765
205 913
205 919
205 962
206 223
206 545
206 562
206 651
206 816
206 889
206 896
206 976
207 255
207 682
207 684
207 873
208 417
208 451
208 457
208 523
208 580
208 583
208 586
208 778
208 987
209 600
209 627
209 729
209 983
210 265
210 285
210 321
210 372
210 404
210 793
210 849
210 934
210 947
210 959
210 985
211 450
211 472
211 598
211 665
211 727
211 743
212 220
212 234
212 285
212 379
212 451
212 498
212 508
212 539
212 624
212 742
212 832
212 846
212 906
212 907
212 964
213 357
213 441
213 443
213 491
213 807
213 814
213 845
214 239
214 454
214 518
214 521
214 909
214 936
215 281
215 566
215 707
215 793
216 223
216 225
216 245
216 358
216 365
216 470
216 572
216 771
216 858
216 953
217 258
217 296
217 485
217 627
217 681
217 796
217 945
218 343
218 366
218 401
218 623
218 698
218 819
219 239
219 268
219 587
219 699
219 862
219 877
219 883
219 939
219 985
220 264
220 290
220 860
220 881
220 952
221 353
221 410
221 412
221 436
221 634
221 692
221 775
221 790
221 805
221 841
221 847
222 223
222 263
222 311
222 372
222 376
222 437
222 642
222 699
222 754
222 843
222 971
222 994
223 236
223 267
223 272
223 334
223 357
223 448
223 467
223 619
223 705
223 714
223 959
224 470
224 484
224 550
224 687
224 718
224 730
224 871
224 985
225 258
225 307
225 618
225 649
225 752
225 773
225 860
225 960
226 237
226 377
226 391
226 397
226 856
226 992
227 403
227 842
227 859
227 860
227 870
228 242
228 382
228 468
228 519
228 550
228 744
228 795
228 827
228 909
228 941
229 280
229 296
229 516
229 624
229 660
229 855
229 867
229 945
229 982
229 998
230 393
230 417
230 444
230 508
230 522
230 626
230 721
230 722
230 817
230 859
231 394
231 534
231 846
232 464
232 715
232 768
232 829
233 528
233 659
233 749
233 752
233 770
234 460
234 543
234 617
234 805
234 873
235 284
235 320
235 381
235 384
235 624
235 627
235 861
235 975
236 328
236 371
236 479
236 502
236 550
236 652
236 658
236 703
236 718
236 741
236 782
236 820
237 273
237 347
237 351
237 516
237 736
237 770
237 963
238 326
238 407
238 788
238 906
239 368
239 460
239 468
239 620
239 835
239 951
240 246
240 375
240 432
240 593
240 660
240 862
241 311
241 325
241 337
241 349
241 407
241 425
241 480
241 854
241 863
241 935
241 941
242 311
242 379
242 516
242 861
242 870
243 286
243 460
243 613
243 626
243 793
243 797
243 799
243 850
243 885
243 897
243 919
244 249
244 423
244 424
244 532
244 714
245 554
245 644
245 701
245 713
245 786
245 819
245 868
246 419
246 422
246 497
246 851
247 335
247 354
247 358
247 405
247 546
247 727
247 755
247 769
247 880
247 965
248 595
248 608
248 681
248 684
248 820
249 303
249 462
249 489
249 510
249 822
249 836
249 904
250 395
250 597
250 724
250 856
251 382
251 586
251 740
251 897
251 984
252 291
252 300
252 459
252 493
252 562
252 710
252 739
252 815
252 883
253 263
253 329
253 607
253 694
253 765
253 783
253 951
253 991
254 343
254 387
254 396
254 419
254 470
254 534
254 610
254 625
254 756
254 822
255 355
255 451
255 692
255 767
255 880
255 921
255 984
256 355
256 447
256 460
256 547
256 580
256 606
256 789
256 906
257 640
257 690
258 266
258 355
258 492
258 793
258 810
258 948
259 346
259 360
259 367
259 415
259 531
259 696
259 801
259 802
259 966
260 330
260 458
260 632
260 993
261 280
261 301
261 454
261 559
262 387
262 478
262 529
262 543
262 689
262 700
262 731
262 767
263 274
263 408
263 438
263 476
263 736
263 863
264 442
264 468
265 393
265 395
265 541
265 572
265 606
265 639
265 955
266 448
266 488
266 529
266 578
266 679
266 681
266 853
266 861
266 945
266 970
267 357
267 377
267 476
267 659
267 678
267 682
267 964
267 987
268 346
268 431
268 647
268 867
268 898
268 982
268 992
269 373
269 531
269 565
269 710
269 724
269 736
269 925
270 312
270 327
270 681
270 684
270 747
270 785
270 883
270 900
271 335
271 463
271 654
271 774
271 992
272 553
272 757
272 761
273 361
273 408
273 480
273 556
273 656
273 698
273 733
273 849
274 419
274 422
274 635
274 675
274 745
274 811
274 848
274 914
275 304
275 349
275 869
276 325
276 460
276 473
276 538
276 568
276 728
276 911
277 288
277 330
277 381
277 456
277 675
277 692
277 784
277 820
277 848
277 861
278 294
278 613
278 718
278 766
278 840
278 848
278 934
278 965
279 425
279 931
279 997
280 510
280 534
280 621
280 662
280 812
281 348
281 364
281 382
281 464
281 523
281 559
281 560
281 617
281 621
281 668
281 704
281 754
281 763
281 787
281 870
281 891
282 290
282 333
282 539
282 588
282 749
282 910
282 926
283 313
283 535
283 607
283 750
284 308
284 351
284 403
284 422
284 457
284 809
284 829
284 929
284 958
285 356
285 547
285 592
285 750
285 788
285 902
285 979
286 323
286 836
286 998
287 300
287 425
287 489
287 496
287 523
287 598
287 612
287 661
287 925
287 926
287 954
288 415
288 468
288 500
288 532
288 873
288 921
288 927
289 475
289 554
289 656
289 757
289 908
289 965
290 513
290 547
290 753
290 797
290 810
290 911
291 441
291 557
291 679
291 701
291 920
292 638
292 729
292 910
293 326
293 338
293 355
293 373
293 485
293 548
293 566
293 568
293 682
293 777
293 811
293 892
293 906
294 308
294 407
294 418
294 519
294 537
294 591
294 668
294 676
294 892
294 931
295 352
295 367
295 402
295 459
295 576
295 652
295 654
295 731
295 860
295 928
295 945
295 957
296 361
296 423
296 570
296 579
296 807
297 549
297 816
297 844
297 850
297 893
298 309
298 451
298 529
298 716
298 819
298 860
298 881
298 882
299 442
299 453
299 546
299 652
299 789
299 803
299 904
300 302
300 360
300 566
300 588
300 613
300 646
300 772
300 886
301 339
301 374
301 460
301 578
301 796
301 822
301 948
301 959
302 359
302 378
302 399
302 641
302 645
302 663
302 808
302 934
303 428
303 444
303 535
303 654
303 700
303 755
303 767
303 775
303 791
303 800
303 839
303 944
304 403
304 406
304 563
304 602
304 637
304 846
304 875
305 313
305 511
305 677
305 747
306 316
306 430
306 634
306 670
306 686
306 765
306 782
306 801
307 628
307 690
307 718
307 817
307 881
307 932
308 323
308 466
308 768
308 839
308 893
308 966
309 420
309 427
309 441
309 443
309 532
309 651
309 725
309 748
309 780
309 892
309 899
309 964
310 327
310 488
310 694
310 781
311 355
311 361
311 750
311 789
311 955
312 358
312 404
312 421
312 560
312 638
312 730
312 860
312 940
313 382
313 444
313 511
313 523
313 715
313 748
313 774
313 927
313 962
314 338
314 542
314 566
314 722
314 883
314 949
315 425
315 509
315 526
315 624
315 745
315 750
315 754
315 781
315 843
316 321
316 359
316 699
316 840
316 945
317 326
317 353
317 467
317 806
317 884
317 913
318 579
318 616
318 701
318 860
319 617
319 691
319 787
319 874
319 898
320 334
320 459
320 507
320 589
320 593
320 777
320 935
321 322
321 362
321 400
321 408
321 424
321 480
322 488
322 535
322 577
322 684
322 703
322 726
322 832
322 845
322 965
323 470
323 478
323 638
323 653
323 699
323 793
323 877
323 971
324 402
324 404
324 407
324 436
324 455
324 527
324 579
324 986
325 342
325 422
325 528
325 631
325 656
325 864
325 876
325 945
326 453
326 486
326 645
326 922
327 379
327 504
327 517
327 786
327 810
327 930
327 931
327 936
327 999
328 683
328 809
328 885
328 918
328 940
329 579
329 609
329 632
329 837
329 854
329 904
330 345
330 400
330 569
330 694
330 999
331 439
331 473
331 619
331 687
331 734
331 737
331 751
331 775
331 992
332 363
332 549
332 718
332 889
332 895
332 937
333 394
333 429
333 437
333 533
333 627
333 679
333 765
333 823
333 947
334 412
334 448
334 577
334 631
334 772
334 915
334 935
335 446
335 706
335 722
336 543
336 717
336 908
337 376
337 449
337 525
337 558
337 600
337 637
337 712
337 725
337 749
337 761
337 774
337 847
337 894
338 357
338 559
338 608
338 699
338 969
339 568
339 623
339 913
339 966
340 464
340 482
340 576
341 945
342 389
342 471
342 489
342 572
342 643
342 829
343 521
343 522
343 613
343 640
343 722
343 797
343 798
343 979
344 468
344 624
344 732
344 754
345 409
345 585
345 686
346 772
346 813
346 907
347 385
347 834
348 475
348 802
348 926
348 931
348 986
349 554
349 597
349 670
349 707
349 711
349 715
349 774
349 841
349 957
349 968
350 541
350 825
350 946
350 956
350 998
351 396
351 427
351 563
351 742
351 783
351 868
352 385
352 467
352 607
352 624
352 648
352 711
352 807
352 816
353 425
353 520
353 571
353 734
353 896
353 899
353 904
354 407
354 553
354 592
354 713
354 847
354 875
354 973
355 616
355 622
355 743
355 875
355 917
355 942
356 639
356 647
356 656
356 705
356 740
356 766
356 864
356 901
357 577
357 618
357 694
357 699
357 746
357 874
357 919
358 446
358 518
358 566
358 833
359 403
359 484
359 511
359 536
359 590
359 653
359 927
359 983
360 390
360 440
360 445
360 531
360 592
360 621
360 998
361 445
361 610
361 808
361 839
361 857
361 991
362 556
362 557
362 570
362 606
362 686
362 737
362 807
363 395
363 452
363 496
363 681
363 718
363 809
364 379
364 401
364 470
364 474
364 585
364 818
364 870
365 393
365 409
365 469
365 505
365 565
365 612
365 662
365 756
365 770
365 858
365 936
365 946
365 976
366 407
366 429
366 527
366 626
366 714
366 791
366 817
366 819
366 852
366 944
367 432
367 613
367 735
367 748
367 771
367 848
367 980
367 982
368 510
368 661
368 779
368 854
368 894
369 685
369 686
369 744
369 751
369 825
370 455
370 626
370 668
370 839
370 914
370 936
371 377
371 378
371 500
371 620
371 762
372 442
372 627
372 982
373 426
373 644
373 765
373 775
374 532
374 550
374 587
374 666
374 706
375 539
375 600
375 629
376 578
376 699
376 724
376 945
377 542
377 805
377 921
377 937
377 955
378 518
378 525
378 533
378 593
378 792
378 828
378 956
379 498
379 533
379 573
379 621
379 638
379 714
379 753
379 767
379 806
379 981
380 381
380 640
380 677
380 752
380 781
380 786
380 824
381 427
381 435
381 556
381 618
381 641
381 686
381 811
382 414
382 450
382 465
382 566
382 619
382 896
382 979
383 516
383 562
383 618
383 670
383 711
383 752
383 755
383 776
383 841
383 933
384 521
384 824
384 966
384 983
385 464
385 495
385 582
385 689
385 753
385 778
385 832
385 864
385 901
386 453
386 638
386 830
386 912
386 921
386 952
387 516
387 571
387 758
387 784
387 879
388 532
388 559
388 963
389 446
389 552
389 572
389 643
389 796
389 852
389 888
389 999
390 408
390 584
390 657
390 736
390 947
390 977
391 516
391 600
391 624
391 640
391 661
391 779
391 990
392 494
392 620
392 694
392 885
393 400
393 487
393 498
393 538
393 678
393 803
394 470
394 578
394 827
394 850
394 950
394 976
394 992
395 572
395 664
395 844
395 874
395 893
396 657
396 711
396 747
396 803
396 939
396 984
396 986
397 542
397 550
397 588
397 949
397 951
398 417
398 421
398 579
398 600
398 858
398 871
399 526
399 582
399 728
399 735
399 904
399 982
400 418
400 723
400 739
400 879
400 905
401 434
401 479
401 559
401 636
401 695
401 724
401 947
402 407
402 411
402 492
403 505
403 596
403 627
404 415
404 440
404 514
404 557
404 563
404 697
404 830
404 949
405 526
405 737
405 757
405 777
405 828
405 873
405 903
406 443
406 476
406 545
406 561
406 584
406 611
406 852
407 526
407 558
407 916
408 440
408 611
408 714
408 777
408 874
409 496
409 613
409 832
409 848
410 486
410 545
410 586
410 925
411 623
411 813
411 955
412 553
412 581
412 692
412 731
412 768
412 957
413 576
413 589
413 710
413 788
413 810
413 909
413 986
414 446
414 461
414 528
414 632
414 668
414 838
415 557
415 657
415 661
415 738
415 890
416 451
416 630
416 670
416 744
416 838
417 438
417 678
417 826
417 832
417 940
418 559
418 950
419 508
419 534
419 606
419 752
419 849
419 866
419 906
420 438
420 457
420 467
420 611
420 613
420 720
420 735
420 956
421 449
421 541
421 646
421 703
421 820
421 883
421 887
422 512
422 748
422 851
422 911
423 463
423 586
423 891
423 950
423 979
424 539
424 568
424 782
424 816
424 851
424 917
424 952
424 994
425 520
425 553
425 559
425 786
425 821
426 531
426 558
426 665
426 695
426 717
426 723
426 736
426 809
426 877
426 952
426 971
427 429
427 442
427 580
427 643
427 655
427 721
427 732
427 762
428 445
428 449
428 768
429 464
429 589
429 594
429 723
429 826
429 890
429 974
430 469
430 480
430 502
430 505
430 626
430 686
430 712
430 809
430 850
430 941
431 626
431 632
431 812
431 821
431 832
431 980
432 458
432 498
432 631
432 729
432 874
432 907
432 909
432 998
433 512
433 599
433 794
433 973
434 437
434 545
434 586
434 589
434 634
434 849
434 886
434 913
434 979
435 699
435 707
435 785
435 804
436 458
436 594
436 613
437 607
437 636
437 771
437 850
437 876
437 934
437 966
438 650
438 886
438 980
439 492
439 528
439 598
439 726
439 823
439 868
440 547
440 548
440 595
440 688
440 715
440 717
440 770
440 844
440 876
440 891
441 488
441 532
441 592
441 627
441 674
441 680
441 785
441 787
441 914
441 939
441 992
442 946
442 988
443 575
443 659
443 697
443 702
443 805
444 511
444 966
445 535
445 540
445 724
445 740
445 860
445 983
446 786
447 499
447 575
447 645
447 838
447 855
447 938
447 987
448 463
448 480
448 505
448 846
449 452
449 534
449 572
449 624
449 684
449 791
449 860
449 955
450 469
450 778
451 628
451 637
451 674
451 749
451 996
451 998
452 458
452 483
452 575
452 624
452 721
452 753
452 785
452 796
452 816
452 903
452 932
453 522
453 571
453 801
453 802
453 807
453 865
453 902
453 981
454 470
454 634
454 667
454 683
455 669
455 755
455 822
456 490
456 690
456 898
457 589
457 670
457 702
457 883
457 902
457 927
458 617
458 637
458 921
458 928
458 950
458 988
459 528
459 534
459 790
459 859
459 903
459 988
460 535
460 557
460 625
460 687
460 705
460 711
460 786
460 903
460 971
461 487
461 499
461 699
461 712
461 739
461 792
461 831
461 926
462 614
462 804
462 807
462 948
463 688
463 817
463 846
463 856
463 878
463 881
464 676
464 849
464 862
464 916
465 481
465 618
465 641
465 651
465 778
465 797
465 821
465 926
465 932
466 564
466 713
466 889
466 952
467 547
467 999
468 621
468 627
468 688
468 795
468 799
468 952
469 642
469 729
469 863
469 884
469 892
469 897
469 982
470 826
470 857
470 882
470 930
470 941
471 980
472 574
472 720
472 862
472 894
472 934
473 533
473 647
473 725
473 825
474 950
475 544
475 692
475 737
475 800
475 848
475 913
476 499
476 580
476 625
476 664
476 671
476 704
476 743
476 940
477 587
477 621
477 656
477 734
477 746
477 862
478 603
478 622
478 646
478 664
478 739
478 741
479 506
479 610
479 652
479 738
479 791
479 965
479 977
480 496
480 588
480 653
480 655
480 667
480 669
480 711
480 898
481 515
481 559
481 723
481 772
481 813
482 746
482 882
482 931
482 987
483 497
483 617
483 636
483 740
483 741
483 776
483 811
483 989
484 488
484 657
484 672
484 758
484 804
485 532
485 673
485 758
485 763
485 941
486 604
486 938
486 958
486 991
487 600
487 687
487 823
487 950
487 993
488 496
488 533
488 675
488 784
488 788
488 900
488 994
489 539
489 679
489 762
489 914
489 932
489 936
489 947
490 510
490 518
490 749
490 786
490 812
490 816
490 921
491 643
491 866
491 945
491 971
492 520
492 619
492 785
492 792
492 907
493 690
493 926
494 579
494 715
494 904
494 939
495 581
495 862
495 934
495 970
495 976
496 722
496 893
497 508
497 610
497 632
497 765
497 822
497 823
497 849
497 957
498 546
498 596
498 611
498 649
498 957
499 587
499 616
499 628
499 743
499 755
499 779
499 789
499 951
500 509
500 590
500 608
500 787
500 845
500 922
500 924
501 603
501 625
501 637
501 904
501 949
502 567
502 577
502 710
502 782
502 807
502 825
502 844
502 881
502 942
502 975
502 976
503 566
503 603
503 635
503 751
503 801
503 947
504 525
504 821
504 867
504 902
504 913
505 562
505 617
505 681
505 926
505 946
505 991
506 579
506 590
506 648
506 803
506 853
506 888
506 894
507 542
507 572
507 591
507 778
507 811
507 879
507 969
508 657
508 698
508 717
508 921
508 965
509 542
509 676
509 681
509 724
509 745
509 946
509 951
509 998
510 515
510 542
510 763
510 772
510 868
511 625
511 630
511 638
511 671
512 539
512 563
512 576
512 670
512 959
513 591
513 615
513 645
513 746
513 802
513 824
513 967
514 515
514 564
514 613
514 996
515 518
515 587
515 655
515 725
515 798
515 801
515 845
516 700
516 866
516 933
516 976
517 529
517 545
517 557
517 664
517 723
517 739
517 968
519 740
519 770
519 861
519 892
520 753
520 822
520 917
521 525
521 618
521 663
521 788
521 828
521 831
521 895
521 910
522 538
522 622
522 658
522 676
523 543
523 614
523 619
523 837
523 961
523 976
524 533
525 628
525 718
525 862
525 919
526 644
526 672
527 597
527 613
527 774
527 786
527 818
527 901
528 670
528 905
529 606
529 694
529 763
529 774
529 899
530 717
530 721
530 756
530 838
530 873
531 582
531 637
531 737
531 746
531 812
531 949
532 662
532 749
532 838
532 867
533 613
533 722
533 757
533 899
533 986
533 993
534 690
534 787
534 953
535 660
535 720
535 821
535 900
535 901
536 606
536 846
536 879
537 676
537 728
537 847
537 947
537 958
537 996
538 742
538 799
538 900
538 978
539 563
539 694
539 801
539 817
539 959
540 583
540 623
540 686
541 670
541 805
541 808
541 818
541 911
542 790
542 822
542 910
543 545
543 777
543 817
543 847
543 891
543 968
544 593
544 596
544 682
544 850
544 939
545 620
545 638
545 683
545 778
545 834
545 888
545 942
545 945
546 585
546 909
546 924
547 600
547 649
547 759
547 786
548 606
548 681
548 766
548 909
548 912
548 963
549 588
549 596
549 758
549 762
549 837
549 895
550 619
550 818
551 562
551 588
551 602
551 613
551 644
551 705
551 958
552 676
552 783
552 817
552 847
552 894
552 951
553 586
553 676
553 737
553 861
554 562
554 583
554 665
554 692
554 747
554 846
555 614
555 615
555 831
556 567
556 587
556 624
557 928
558 587
558 720
558 816
558 822
558 934
558 945
558 971
559 595
559 720
559 834
559 908
559 964
560 605
560 661
560 774
560 817
560 944
560 960
560 986
561 568
561 802
561 828
562 591
562 782
562 812
562 897
562 912
562 928
563 953
564 593
564 625
564 630
564 743
564 822
565 605
565 632
565 764
565 805
565 915
565 991
566 599
566 798
566 800
566 812
567 703
567 704
567 718
567 722
567 765
567 769
568 583
568 595
568 648
568 667
568 733
568 772
568 921
568 929
569 875
569 938
569 941
570 838
570 943
571 642
571 685
571 696
571 725
571 870
571 977
572 850
572 923
573 626
573 890
573 897
573 961
574 721
574 798
574 815
574 875
575 618
575 657
575 671
575 672
576 584
576 620
576 666
576 838
576 931
577 951
578 597
578 661
578 673
578 678
578 710
578 711
578 936
578 999
579 625
579 638
579 659
579 718
579 785
580 966
581 613
581 633
581 673
581 811
582 741
582 864
582 882
582 906
582 908
583 697
583 801
583 854
583 909
583 921
584 607
585 727
585 741
585 801
585 994
586 714
586 819
586 847
586 900
587 654
587 703
587 797
587 851
587 992
588 746
588 754
588 888
589 638
589 641
589 728
589 793
589 811
589 826
589 829
589 841
589 912
590 626
590 755
590 799
590 978
591 735
591 744
591 883
591 894
591 917
591 930
591 948
592 599
592 720
592 803
592 839
592 963
592 980
593 736
593 835
593 887
594 618
594 770
594 866
595 839
595 848
595 964
595 966
596 654
596 793
596 842
596 865
596 894
596 927
597 653
597 690
597 804
597 848
597 874
597 999
598 866
599 611
599 759
599 850
599 875
599 980
600 699
600 908
601 609
601 819
601 823
601 925
601 983
602 776
602 894
602 920
602 945
602 979
603 658
603 662
603 709
603 724
603 855
603 859
604 745
604 866
604 960
605 800
605 916
605 922
606 644
606 715
606 743
606 828
606 924
607 770
607 871
607 896
607 902
607 976
608 699
608 847
609 625
609 685
609 698
609 757
609 762
609 843
609 897
609 899
610 617
610 715
610 752
610 905
610 912
611 662
611 826
611 829
612 726
612 841
612 844
612 978
613 645
613 725
613 906
614 684
614 726
614 734
615 675
615 709
615 916
616 673
616 713
616 736
616 786
616 886
616 950
617 722
617 758
617 780
617 790
617 964
618 728
618 735
618 754
618 881
618 931
619 664
619 755
619 834
619 854
619 955
620 631
620 942
620 950
620 958
620 966
621 649
621 799
621 922
621 929
621 981
622 628
622 807
622 852
622 908
623 709
623 858
623 868
624 817
624 909
624 957
624 996
625 861
625 960
626 750
626 770
626 781
627 663
627 683
627 729
627 776
627 781
627 876
627 969
628 722
628 772
628 799
628 911
629 688
629 705
629 729
629 782
630 769
630 945
631 765
631 808
632 747
632 804
632 867
632 879
633 646
633 657
633 762
633 948
634 735
634 772
634 839
635 655
635 915
635 991
636 645
636 815
636 839
636 883
636 937
636 984
638 708
638 743
638 860
639 936
639 978
640 663
640 687
640 798
640 940
641 647
641 705
641 724
641 876
641 998
642 703
642 734
642 922
642 947
643 659
643 700
643 705
643 733
644 763
644 779
644 887
645 769
645 849
645 906
645 944
646 738
646 747
646 874
646 972
646 974
646 996
647 689
647 841
648 683
648 711
648 756
648 805
648 808
648 967
649 661
650 810
650 838
650 924
651 758
652 742
652 845
653 676
653 757
653 760
653 951
654 776
655 872
655 927
655 980
656 861
656 882
656 885
656 911
657 701
658 958
659 695
659 714
659 874
659 948
660 666
660 669
660 765
660 793
660 833
660 850
660 864
661 706
661 750
661 776
661 830
661 987
662 704
662 738
663 701
663 726
663 976
663 990
664 798
664 807
664 866
665 710
665 842
665 884
666 758
666 833
666 880
666 906
666 921
667 761
667 962
667 980
668 678
668 694
668 701
668 819
669 687
669 765
669 787
670 748
671 704
671 824
672 696
672 816
672 833
672 942
672 993
673 714
673 726
673 842
674 775
674 804
674 883
674 995
674 996
675 678
675 765
675 928
675 934
675 957
676 749
676 846
677 681
677 692
677 695
677 706
677 800
677 810
677 853
677 884
677 936
679 851
679 863
679 901
680 717
680 760
680 802
681 771
681 818
681 884
681 975
682 688
682 713
682 721
682 801
682 927
682 940
683 777
684 799
684 839
685 717
685 852
685 910
686 743
686 914
686 942
687 769
687 873
687 917
688 758
688 908
688 940
688 945
688 963
688 972
689 904
690 712
690 811
690 951
690 969
691 931
692 827
692 832
692 833
692 842
693 767
693 788
693 807
693 966
694 911
694 947
694 951
694 971
696 773
696 930
697 741
697 742
697 794
697 809
698 738
698 749
698 823
698 866
698 881
698 986
698 994
699 705
699 848
699 912
699 960
700 718
700 728
701 829
701 884
701 999
702 728
702 857
702 967
703 714
704 719
704 993
705 795
705 803
705 816
706 852
706 962
707 847
708 729
708 789
708 802
709 748
709 801
710 720
710 886
710 894
710 943
711 822
711 870
711 993
712 780
712 782
712 814
712 952
713 821
713 966
713 983
714 782
714 785
714 791
714 875
714 964
715 775
715 830
715 895
715 936
715 942
716 863
716 907
718 731
718 751
718 892
718 929
719 874
720 821
720 836
720 978
721 745
721 796
721 920
721 972
722 818
723 737
723 993
724 729
724 762
724 877
724 900
724 930
724 983
725 729
725 975
725 988
726 732
726 994
727 768
727 844
727 853
727 902
727 908
728 801
728 992
729 745
729 764
729 787
729 831
729 977
730 752
731 824
731 922
731 956
731 999
732 758
732 857
732 919
733 754
733 771
733 857
733 878
734 840
735 797
735 871
736 847
736 855
736 887
737 968
737 971
738 772
738 803
738 867
738 886
738 899
738 926
738 934
738 962
739 918
740 843
740 915
740 966
741 764
741 802
743 752
743 838
743 965
744 778
744 927
745 871
745 959
746 838
746 968
747 787
748 767
748 769
749 816
750 924
751 787
751 847
751 882
751 986
752 774
752 780
752 809
752 887
752 921
752 982
753 917
754 774
754 809
754 878
754 983
755 769
755 800
755 802
755 964
756 902
756 973
756 980
757 827
757 930
758 784
758 851
758 988
759 762
759 791
759 999
761 775
762 883
762 919
762 937
762 975
764 858
764 913
764 918
764 995
765 883
766 927
767 813
767 852
769 778
769 835
769 903
769 906
769 931
769 981
769 997
770 800
770 815
771 949
771 998
772 802
772 919
773 774
773 792
773 932
776 910
776 947
776 958
777 881
777 897
777 909
777 925
777 951
778 782
778 911
778 919
779 847
779 976
780 891
781 853
781 867
782 963
783 812
783 930
783 983
783 993
785 915
785 930
786 809
786 815
786 878
787 960
788 811
788 818
788 829
788 849
788 877
788 986
789 826
791 876
791 921
792 868
792 898
792 941
792 947
792 966
793 953
794 803
794 813
794 903
795 910
795 931
795 992
796 869
797 836
797 877
797 917
798 885
799 971
800 965
801 934
801 976
801 980
802 808
802 943
803 854
803 886
803 986
804 874
804 955
805 872
805 888
806 825
806 864
806 988
807 812
807 842
807 905
808 819
808 851
808 855
808 911
808 928
808 929
808 948
809 868
809 906
810 813
811 827
811 912
811 995
813 944
813 953
814 943
814 960
814 965
814 993
815 922
816 924
816 925
818 825
818 858
819 848
819 887
819 903
819 904
820 826
820 876
822 945
823 841
823 864
823 872
824 879
825 835
825 881
825 905
826 843
827 830
827 861
827 978
829 878
829 993
830 913
830 926
830 927
832 834
832 922
832 972
833 929
834 992
835 918
835 956
835 974
836 884
836 891
836 908
837 936
839 856
839 941
840 976
841 863
843 846
843 871
843 886
843 897
844 897
844 984
845 854
845 954
845 982
846 900
846 912
846 991
847 882
847 899
847 980
848 981
850 860
852 908
852 924
852 954
853 913
853 948
853 988
854 882
854 898
855 930
856 923
857 865
857 878
857 956
857 967
858 885
858 919
860 939
861 872
861 890
861 946
861 964
861 995
863 956
866 958
868 881
868 969
868 998
869 919
870 940
870 976
871 880
871 913
872 953
873 997
873 998
874 951
876 893
876 992
877 946
877 947
877 992
878 940
878 986
881 885
881 973
883 917
883 957
886 916
886 974
887 993
888 991
889 940
889 966
891 928
891 963
894 982
896 919
896 966
898 918
898 985
899 988
901 925
901 929
901 954
901 975
902 945
903 981
905 968
905 977
906 909
906 921
907 956
908 918
908 921
909 962
910 926
910 927
911 927
912 925
913 931
914 915
914 984
915 969
915 978
917 923
917 939
919 923
919 982
920 955
924 977
925 956
925 993
926 931
927 989
931 968
933 954
933 973
939 942
939 984
940 979
942 957
942 961
943 956
944 976
945 955
946 950
947 991
948 972
952 987
953 974
954 970
956 963
959 970
961 984
962 982
962 988
966 982
967 976
967 990
968 978
972 986
976 982
978 990
979 980
988 993