100
517
0 17
0 30
0 31
0 47
0 56
0 78
1 3
1 14
1 15
1 36
1 46
1 55
1 64
1 66
1 71
1 84
1 98
2 10
2 12
2 21
2 45
2 61
2 74
2 80
3 16
3 30
3 45
3 46
3 67
3 90
4 15
4 17
4 31
4 37
4 57
4 59
4 61
4 67
4 77
4 98
5 15
5 24
5 33
5 35
5 46
5 59
5 68
5 70
5 76
5 96
6 17
6 21
6 57
6 60
6 65
6 77
6 98
6 99
7 12
7 20
7 33
7 46
7 52
7 63
7 70
7 77
7 79
7 91
8 21
8 29
8 42
8 61
8 66
8 74
8 77
8 78
8 88
8 91
8 92
8 93
9 17
9 34
9 36
9 58
9 78
9 81
9 94
10 13
10 14
10 15
10 17
10 19
10 31
10 46
10 49
10 66
10 68
10 81
10 83
10 94
10 96
11 47
11 57
11 60
11 74
11 80
11 82
11 87
11 95
12 16
12 24
12 35
12 40
12 42
12 47
12 69
12 73
12 76
12 79
12 82
12 84
12 96
13 18
13 20
13 37
13 48
13 51
13 81
13 83
13 85
13 88
13 89
13 91
14 16
14 17
14 30
14 35
14 38
14 51
14 55
14 77
14 78
14 81
14 92
15 34
15 59
15 71
15 74
15 80
15 91
15 97
15 99
16 48
16 59
16 63
16 65
16 70
16 86
16 90
17 18
17 25
17 37
17 42
17 46
17 69
17 79
17 85
17 86
17 89
18 25
18 30
18 39
18 49
18 52
18 53
18 83
18 88
18 98
19 22
19 25
19 37
19 42
19 48
19 54
19 71
19 79
19 80
19 85
19 86
20 44
20 52
20 63
20 94
21 46
21 58
21 67
21 74
21 77
21 81
21 93
21 99
22 31
22 34
22 43
22 44
22 53
22 54
22 58
22 61
22 70
22 95
23 24
23 41
23 58
23 69
23 79
24 32
24 46
24 54
24 59
24 64
24 66
24 69
24 75
24 78
25 39
25 48
25 53
25 62
25 64
25 75
25 83
25 88
25 91
25 98
26 48
26 52
26 62
26 70
26 79
26 98
27 32
27 54
27 61
27 69
27 81
27 82
27 97
28 31
28 41
28 51
28 58
28 66
28 74
28 76
28 82
28 89
29 47
29 52
29 63
29 65
29 68
29 72
29 73
30 38
30 42
30 46
30 59
31 32
31 35
31 45
31 58
31 80
31 89
31 96
31 98
32 40
32 51
32 62
32 69
32 76
32 84
32 89
32 99
33 36
33 43
33 45
33 62
33 72
33 73
33 77
33 95
34 35
34 39
34 55
34 62
34 78
35 36
35 39
35 54
35 55
35 65
35 73
35 94
36 40
36 41
36 56
36 59
36 60
36 61
36 67
36 89
37 40
37 42
37 46
37 48
37 50
37 68
37 82
38 46
38 60
38 65
38 74
38 85
38 94
39 47
39 55
39 56
39 65
39 97
40 45
40 46
40 61
40 64
40 75
40 76
40 84
40 87
40 88
40 91
40 99
41 72
41 76
41 87
41 90
41 94
42 49
42 60
42 78
42 81
42 96
42 99
43 44
43 68
43 74
43 91
44 58
44 59
44 62
44 75
44 78
44 79
44 84
44 85
44 97
45 48
45 60
45 64
45 67
45 78
45 84
45 87
45 96
46 73
46 80
46 91
47 51
47 53
47 57
47 58
47 65
47 76
47 80
47 81
48 49
48 51
48 60
48 74
48 87
48 92
49 56
49 57
49 63
49 68
49 77
49 80
49 90
49 97
50 80
50 84
50 91
51 78
51 95
52 57
52 66
52 78
52 87
52 89
53 55
53 56
53 72
53 85
53 90
54 67
54 79
54 85
55 76
55 91
55 97
55 98
56 59
56 62
56 65
56 74
56 76
56 98
56 99
57 66
58 83
58 87
58 88
58 93
59 70
59 71
59 81
59 87
60 65
60 74
60 87
61 64
61 95
62 78
62 83
62 86
62 91
63 73
63 87
63 90
64 68
64 73
64 74
64 81
64 90
64 95
65 68
65 79
65 92
65 95
65 97
66 72
66 83
66 87
66 90
66 91
66 94
67 80
67 93
68 99
69 75
69 79
69 91
70 74
70 75
70 90
70 91
71 78
71 92
71 95
72 90
72 91
72 97
73 86
74 75
74 88
74 89
74 95
75 79
75 93
76 86
76 87
76 91
76 92
77 88
79 82
79 98
80 95
81 86
82 84
82 87
82 90
82 94
82 96
82 98
83 84
83 93
84 99
85 93
87 88
87 97
88 97
89 91
90 93
90 94
90 99
91 92
91 98
92 98