1000
4894
0 116
0 242
0 290
0 363
0 394
0 478
0 517
0 677
0 758
0 768
0 794
0 846
0 885
0 917
0 956
0 969
0 993
1 16
1 60
1 258
1 280
1 297
1 420
1 424
1 492
1 621
1 885
1 977
1 998
2 20
2 117
2 275
2 301
2 305
2 482
2 514
2 603
2 622
2 663
2 667
2 732
2 883
2 892
3 146
3 295
3 476
3 650
3 692
3 775
3 783
3 874
3 895
4 77
4 128
4 152
4 353
4 428
4 438
4 440
4 466
4 542
4 568
4 580
4 648
4 741
4 826
4 971
4 992
5 326
5 430
5 671
5 915
5 936
5 960
5 969
5 994
6 128
6 277
6 289
6 290
6 350
6 398
6 594
6 632
6 640
6 655
6 777
6 833
6 870
7 50
7 81
7 119
7 352
7 620
7 644
7 887
7 981
8 67
8 109
8 187
8 222
8 256
8 340
8 524
8 741
8 857
8 865
8 914
8 958
9 126
9 152
9 229
9 230
9 357
9 472
9 488
9 854
9 974
10 59
10 175
10 201
10 374
10 706
10 751
10 806
10 824
10 904
11 91
11 600
11 649
11 780
11 797
11 866
12 63
12 310
12 357
12 645
12 768
12 817
12 874
12 908
12 975
13 16
13 112
13 304
13 328
13 334
13 376
13 463
13 689
13 769
13 835
13 854
13 864
13 974
13 979
14 278
14 533
14 574
14 656
14 702
14 721
14 772
14 895
15 30
15 47
15 390
15 412
15 423
15 452
15 557
15 658
15 970
16 215
16 297
16 551
16 637
16 762
16 978
17 51
17 139
17 155
17 402
17 493
17 696
17 701
17 769
17 784
17 975
18 38
18 46
18 195
18 409
18 583
18 704
18 765
18 779
18 803
18 995
19 39
19 72
19 264
19 360
19 441
19 575
19 742
19 784
19 792
19 856
19 932
19 943
19 945
19 975
20 168
20 222
20 361
20 436
20 622
20 854
20 855
20 986
21 300
21 319
21 322
21 485
21 511
21 601
21 994
22 251
22 289
22 308
22 328
22 353
22 424
22 492
22 500
22 553
22 874
22 946
22 957
22 977
23 114
23 127
23 161
23 207
23 236
23 260
23 307
23 312
23 417
23 423
23 534
23 730
23 759
23 929
24 121
24 167
24 255
24 272
24 372
24 548
24 565
24 588
24 896
25 47
25 211
25 272
25 598
25 702
25 753
25 994
26 59
26 217
26 252
26 398
26 515
26 569
26 720
26 915
26 949
26 955
26 965
26 987
27 55
27 71
27 83
27 269
27 300
27 400
27 404
27 423
27 496
27 787
27 899
28 30
28 39
28 58
28 76
28 116
28 129
28 214
28 230
28 653
28 739
28 844
28 846
29 76
29 128
29 133
29 222
29 285
29 332
29 388
29 786
29 835
29 965
30 181
30 191
30 236
30 333
30 381
30 644
30 665
30 806
30 815
30 992
31 33
31 79
31 167
31 225
31 274
31 509
31 522
31 849
31 856
31 898
31 990
32 54
32 222
32 339
32 359
32 420
32 450
32 794
32 801
32 920
32 945
33 41
33 128
33 327
33 402
33 424
33 547
33 631
33 708
34 57
34 117
34 130
34 285
34 475
34 593
34 669
34 778
34 858
35 106
35 289
35 303
35 343
35 413
35 447
35 496
35 893
35 894
35 936
35 953
36 197
36 285
36 294
36 334
36 343
36 366
36 417
36 474
36 767
36 852
36 887
37 99
37 346
37 456
37 489
37 549
37 564
37 961
38 189
38 236
38 326
38 374
38 543
38 609
38 688
38 701
38 790
38 884
39 149
39 271
39 290
39 435
39 493
39 530
39 607
39 741
39 854
39 986
39 998
40 135
40 211
40 249
40 285
40 397
40 411
40 429
40 433
40 665
40 810
40 819
40 831
40 996
41 446
41 470
41 527
41 725
41 794
41 818
41 918
42 195
42 340
42 392
42 621
42 895
42 948
43 89
43 124
43 246
43 317
43 412
43 413
43 423
43 754
43 786
43 804
43 839
43 875
43 928
44 241
44 347
44 393
44 477
44 626
44 675
44 853
44 894
45 192
45 413
45 438
45 581
45 617
45 627
45 642
45 919
45 977
46 63
46 256
46 407
46 441
46 470
46 499
46 574
46 773
46 813
46 945
47 173
47 225
47 412
47 427
47 481
47 507
47 607
47 836
47 957
48 116
48 135
48 219
48 264
48 301
48 390
48 407
48 536
48 561
48 573
48 598
48 678
48 745
48 818
48 854
48 899
48 949
49 212
49 304
49 413
49 601
49 832
49 985
50 108
50 203
50 211
50 360
50 388
50 658
50 747
50 787
51 160
51 364
51 462
51 807
51 827
51 857
51 871
51 900
52 130
52 192
52 255
52 292
52 313
52 372
52 570
52 602
52 858
52 867
52 873
52 905
52 911
52 949
52 956
52 987
53 87
53 320
53 446
53 537
53 688
53 784
53 861
54 77
54 198
54 321
54 407
54 660
54 666
54 828
55 138
55 259
55 321
55 430
55 440
55 488
55 506
55 762
55 869
55 895
56 153
56 488
56 492
56 822
57 315
57 327
57 394
57 423
57 492
57 941
58 170
58 382
58 491
58 582
58 625
58 743
58 772
58 780
58 910
58 975
59 190
59 192
59 338
59 431
59 507
59 531
59 598
59 762
59 786
59 859
60 258
60 752
60 805
60 814
60 914
61 166
61 180
61 229
61 233
61 421
61 437
61 479
61 526
61 583
61 720
61 776
61 823
61 910
62 124
62 127
62 159
62 256
62 356
62 402
62 494
62 540
62 844
62 915
62 976
63 156
63 165
63 237
63 389
63 465
63 484
63 565
63 671
63 687
63 700
64 84
64 224
64 301
64 355
64 482
64 528
64 781
65 122
65 135
65 137
65 215
65 241
65 418
65 555
65 955
65 961
66 332
66 512
66 576
66 987
67 89
67 268
67 361
67 370
67 386
67 428
67 502
67 597
67 723
67 945
68 141
68 189
68 279
68 283
68 453
68 470
68 623
68 771
68 844
69 88
69 108
69 212
69 256
69 375
69 534
69 570
69 599
69 680
69 721
69 915
70 269
70 322
70 404
70 492
70 773
71 211
71 314
71 324
71 333
71 340
71 360
71 563
71 718
71 976
72 231
72 608
72 619
72 771
72 896
73 82
73 124
73 462
73 706
73 799
74 168
74 405
74 411
74 549
74 606
74 678
74 811
74 935
75 236
75 465
75 622
75 731
75 911
75 921
76 234
76 295
76 322
76 384
76 726
76 740
76 749
76 762
76 908
76 930
77 136
77 425
77 846
77 996
78 249
78 305
78 543
78 578
78 737
78 926
78 951
78 956
79 110
79 198
79 265
79 310
79 360
79 566
79 661
79 711
79 746
79 749
79 827
79 883
79 900
79 958
80 98
80 151
80 210
80 257
80 268
80 357
80 384
80 422
80 808
80 816
81 154
81 326
81 405
81 602
81 821
81 923
81 932
82 156
82 251
82 397
82 554
82 557
82 565
82 781
83 108
83 127
83 161
83 178
83 210
83 265
83 427
83 528
83 612
83 767
83 933
84 358
84 474
84 531
84 651
84 921
85 339
85 350
85 593
85 860
85 862
85 905
86 177
86 821
86 841
86 905
86 938
86 983
87 152
87 245
87 301
87 362
87 420
87 524
87 528
87 532
87 534
87 653
87 851
88 128
88 133
88 255
88 293
88 299
88 387
88 506
88 535
88 720
88 823
88 934
89 116
89 249
89 511
89 578
89 633
89 642
89 666
89 980
90 101
90 327
90 507
90 519
90 597
90 648
90 788
90 862
90 881
90 979
91 143
91 169
91 182
91 337
91 790
91 810
91 963
91 994
92 303
92 306
92 318
92 334
92 434
92 503
92 530
92 662
92 916
93 99
93 102
93 153
93 181
93 323
93 379
93 562
93 846
93 870
94 260
94 356
94 360
94 384
94 604
94 624
94 639
94 657
94 954
95 231
95 237
95 344
95 581
95 582
95 696
95 807
95 932
95 976
95 989
96 267
96 272
96 406
96 464
97 147
97 215
97 265
97 537
97 545
97 573
97 776
97 827
97 905
97 997
98 203
98 330
98 887
99 293
99 514
99 611
99 622
99 623
99 719
99 753
99 755
99 821
100 144
100 268
100 298
100 432
100 517
100 539
100 885
100 917
101 209
101 256
101 347
101 636
101 661
101 670
101 842
101 887
101 897
101 921
101 949
102 257
102 463
102 468
102 600
102 759
102 803
102 882
102 944
102 975
103 165
103 430
103 433
103 480
103 823
104 245
104 376
104 377
104 438
104 610
104 796
104 889
104 900
104 940
104 960
104 985
105 136
105 193
105 209
105 310
105 334
105 352
105 455
105 533
105 602
105 651
105 693
105 699
105 740
105 805
105 815
106 288
106 376
106 566
106 791
106 811
106 940
107 206
107 207
107 248
107 306
107 381
107 435
107 538
107 592
107 614
107 692
107 959
107 965
108 140
108 164
108 345
108 368
108 620
108 745
108 775
108 891
108 929
109 213
109 253
109 287
109 302
109 346
109 396
109 637
109 689
109 758
109 788
110 117
110 308
110 417
110 433
110 529
110 539
110 708
110 751
110 807
110 845
110 861
110 937
111 174
111 465
111 485
111 538
111 637
111 644
111 677
111 740
111 861
111 896
111 952
112 395
112 419
112 423
112 445
112 725
112 858
112 991
112 995
113 132
113 154
113 211
113 348
113 718
113 735
113 757
113 864
114 211
114 626
114 655
114 707
114 726
114 813
114 854
114 976
115 223
115 359
115 470
115 628
115 643
115 957
116 227
116 328
116 542
116 571
116 736
116 943
117 287
117 299
117 654
117 660
117 690
117 800
117 814
117 908
118 244
118 287
118 360
118 447
118 483
118 517
118 569
118 622
118 673
118 855
119 146
119 177
119 204
119 330
119 344
119 521
119 538
119 620
119 714
119 840
120 124
120 272
120 302
120 303
120 350
120 780
120 812
120 835
121 146
121 151
121 286
121 315
121 374
121 384
121 516
121 563
121 589
121 701
121 729
121 942
121 955
121 994
122 440
122 646
122 711
122 805
122 899
123 169
123 427
123 555
123 610
123 645
123 677
123 682
123 803
123 879
124 182
124 266
124 387
124 583
124 675
124 973
124 991
125 144
125 164
125 188
125 202
125 507
125 532
125 606
125 630
125 843
125 854
125 859
126 166
126 267
126 405
126 473
126 960
127 163
127 273
127 279
127 497
127 499
127 536
127 549
127 626
127 687
127 716
127 769
127 813
127 847
127 865
127 927
127 974
127 998
128 165
128 176
128 247
128 251
128 307
128 382
128 415
128 573
128 680
128 812
129 212
129 214
129 489
129 608
129 717
129 802
129 850
130 218
130 403
130 417
130 533
130 551
130 618
130 680
130 788
130 811
130 823
131 397
131 615
131 647
131 697
131 726
131 935
131 945
131 985
132 219
132 255
132 259
132 315
132 327
132 356
132 387
132 581
132 683
132 692
132 801
132 848
132 989
133 170
133 246
133 436
133 522
133 624
133 757
133 863
133 908
133 961
134 251
134 280
134 381
134 585
134 623
134 789
134 898
134 959
135 442
135 515
135 552
135 601
135 642
136 397
136 407
136 492
136 511
136 525
136 582
136 989
137 285
137 442
137 453
137 469
137 475
137 488
137 562
137 603
137 716
137 912
138 177
138 178
138 198
138 308
138 401
138 451
138 473
138 667
138 697
138 809
138 890
138 958
138 981
139 167
139 266
139 415
139 427
139 504
139 521
139 560
139 578
139 618
139 771
139 921
140 143
140 237
140 326
140 368
140 383
140 413
140 515
140 525
140 569
140 626
140 655
140 660
140 744
140 808
140 887
140 888
140 958
141 350
141 377
141 486
141 526
141 871
141 913
141 969
142 249
142 316
142 390
142 429
142 453
142 562
142 672
143 327
143 449
143 450
143 539
143 671
143 696
143 769
143 860
143 977
144 524
144 551
144 572
144 985
145 385
145 554
145 639
145 723
145 867
145 944
146 249
146 267
146 356
146 463
146 590
146 735
146 825
147 307
147 439
147 617
147 662
147 699
147 710
147 718
147 812
147 828
148 258
148 266
148 296
148 321
148 325
148 343
148 368
148 488
148 594
148 622
148 826
149 161
149 392
149 422
149 642
149 718
149 763
149 767
149 794
149 851
149 886
150 161
150 270
150 280
150 381
150 664
150 834
150 978
151 369
151 387
151 546
151 733
151 966
152 187
152 250
152 254
152 468
152 520
152 918
152 926
152 978
153 236
153 335
153 338
153 368
153 449
153 540
153 571
153 688
153 823
153 867
153 881
153 930
153 963
154 363
154 480
154 778
154 958
155 182
155 404
155 481
155 485
155 523
155 642
155 674
155 779
156 339
156 509
156 547
156 680
157 174
157 178
157 205
157 350
157 359
157 392
157 684
157 688
157 945
157 985
158 212
158 253
158 369
158 373
158 378
158 585
158 613
158 640
158 701
159 160
159 165
159 186
159 315
159 481
159 491
159 536
159 585
159 640
159 726
159 824
159 846
159 961
160 442
160 631
160 632
160 891
160 928
160 930
160 941
161 200
161 204
161 230
161 247
161 271
161 314
161 325
161 358
161 410
161 481
161 589
161 637
161 684
161 819
161 889
161 969
161 974
162 213
162 292
162 397
162 465
162 504
162 558
162 711
162 794
162 801
162 860
162 954
163 228
163 385
163 776
163 807
163 992
164 191
164 382
164 462
164 638
164 649
164 741
164 839
165 336
165 402
165 431
165 445
165 583
165 605
165 623
165 662
165 683
165 711
165 785
165 809
165 999
166 203
166 285
166 292
166 355
166 501
166 582
166 649
166 720
166 740
166 782
166 802
166 904
167 208
167 501
167 608
167 700
167 733
167 962
167 973
168 426
168 437
168 462
168 604
168 698
168 882
168 996
169 231
169 335
169 703
169 744
169 807
169 817
170 451
170 566
170 615
170 677
170 707
170 716
170 765
170 960
170 964
171 213
171 232
171 295
171 310
171 403
171 405
171 522
171 579
171 717
171 820
171 841
172 224
172 363
172 453
172 482
172 486
172 511
172 822
173 212
173 441
173 546
173 622
173 624
173 666
173 756
174 345
174 428
174 452
174 510
174 520
174 523
174 613
174 857
175 476
175 495
175 517
175 646
175 660
175 721
175 788
175 790
175 830
175 884
175 892
175 930
176 244
176 361
176 623
176 688
176 894
176 998
176 999
177 402
177 431
177 666
177 681
177 698
177 839
177 878
177 902
177 983
178 198
178 403
178 445
178 640
178 757
178 814
178 820
178 911
178 958
179 268
179 320
179 553
179 636
179 703
179 742
179 758
179 849
179 984
180 210
180 238
180 272
180 327
180 466
180 675
180 742
180 840
180 975
181 312
181 315
181 403
181 530
181 574
181 611
182 194
182 536
182 720
182 741
182 797
182 839
182 905
182 927
182 938
183 191
183 220
183 255
183 289
183 458
183 549
183 615
183 741
183 748
183 800
183 824
183 848
183 868
183 949
183 998
184 234
184 320
184 368
184 402
184 664
184 683
185 376
185 585
185 742
185 823
185 876
186 260
186 310
186 387
186 457
186 665
186 677
186 757
186 928
186 938
186 990
187 276
187 309
187 476
187 589
187 594
187 615
187 625
187 809
187 944
188 436
188 508
188 519
188 744
188 771
188 935
188 992
189 209
189 231
189 505
189 518
189 579
189 764
189 924
189 925
189 997
190 311
190 382
190 488
190 585
190 693
190 763
191 249
191 281
191 392
191 549
191 559
191 611
191 932
191 944
191 991
192 287
192 339
192 347
192 650
192 898
192 909
193 268
193 357
193 386
193 446
193 455
193 541
193 842
193 873
193 996
194 201
194 207
194 270
194 334
194 356
194 536
194 547
194 569
194 660
194 831
194 868
194 993
195 223
195 317
195 336
195 452
195 650
195 708
195 748
195 833
195 889
195 893
195 919
195 992
196 226
196 426
196 551
196 570
196 617
196 986
197 257
197 321
197 361
197 399
197 501
197 776
197 792
198 232
198 265
198 399
198 485
198 541
198 585
198 679
198 957
198 995
199 201
199 344
199 418
199 576
199 585
199 591
199 816
200 219
200 386
200 409
200 422
201 284
201 430
201 443
201 496
201 497
201 641
201 763
202 242
202 355
202 501
202 504
202 604
202 944
203 429
203 607
203 849
203 887
203 923
204 226
204 231
204 233
204 567
204 817
204 943
205 277
205 494
205 553
205 818
205 919
205 959
206 283
206 344
206 401
206 428
206 434
206 442
206 737
206 860
206 925
206 973
207 251
207 347
207 504
207 608
207 793
207 816
207 969
208 328
208 545
208 760
208 907
208 960
209 305
209 377
209 559
209 601
209 675
209 775
209 814
210 291
210 304
210 454
210 468
210 471
210 474
210 504
210 678
210 968
211 546
211 581
211 850
211 869
211 880
211 885
212 220
212 545
212 811
212 824
212 855
213 552
213 582
213 682
213 879
213 912
214 239
214 328
214 376
214 444
214 572
214 718
214 778
214 867
214 915
215 541
215 668
215 674
215 703
215 796
215 822
215 892
215 927
215 958
215 967
215 970
216 283
216 585
216 641
216 738
216 843
216 895
217 261
217 385
217 513
217 536
217 613
217 623
217 638
217 675
217 864
217 890
218 286
218 405
218 664
218 702
218 754
218 770
219 244
219 539
219 667
219 693
219 737
219 844
219 910
220 315
220 363
220 409
220 499
220 517
220 726
220 727
220 887
221 686
221 808
221 831
221 920
222 299
222 434
222 454
222 540
222 623
222 634
222 740
222 813
222 985
223 497
223 670
223 942
224 311
224 544
224 599
224 607
224 637
224 651
224 782
224 870
224 960
224 992
225 236
225 280
225 349
225 449
225 703
225 756
225 791
226 583
226 823
226 828
227 390
227 407
227 471
227 506
227 517
227 830
227 856
227 882
227 955
228 514
228 843
228 906
228 927
228 941
228 962
229 236
229 307
229 503
229 535
229 662
229 769
229 771
230 449
230 611
230 618
230 741
230 959
231 238
231 343
231 491
231 688
231 738
231 740
231 920
231 931
231 993
232 342
232 421
232 506
232 532
232 588
232 627
232 657
232 763
232 839
232 843
232 860
233 254
233 282
233 303
233 360
233 380
233 657
233 791
233 905
234 396
234 734
234 824
234 995
235 347
235 427
235 528
235 531
235 552
235 684
235 710
235 772
235 875
235 955
236 346
236 748
236 772
236 925
236 988
237 269
237 393
237 459
237 698
237 752
237 888
237 911
238 258
238 312
238 345
238 380
238 530
238 615
238 638
238 650
238 654
238 943
239 349
239 707
239 749
239 855
239 885
239 907
240 267
240 387
240 611
241 306
241 852
241 928
242 293
242 295
242 486
242 489
242 567
242 784
242 821
242 858
242 872
242 968
242 984
243 265
243 304
243 458
243 516
243 683
243 687
243 704
243 822
244 495
244 558
244 710
244 784
244 815
244 833
245 364
245 441
245 617
245 813
245 906
245 929
246 255
246 257
246 267
246 357
246 573
246 611
246 697
246 699
247 345
247 374
247 626
247 633
247 639
247 656
247 687
247 715
248 391
248 588
248 799
248 912
249 346
249 553
249 752
249 887
249 998
250 281
250 657
250 718
250 904
251 257
251 356
251 373
251 380
251 460
251 825
251 841
251 948
252 543
252 770
253 290
253 339
253 483
253 562
253 678
253 689
253 733
253 747
254 285
254 404
254 880
255 670
255 969
256 277
256 403
256 464
256 547
256 741
256 825
256 892
257 348
257 445
257 472
257 584
257 693
257 931
257 997
258 321
258 342
258 348
258 388
258 561
258 562
258 671
258 675
258 882
259 309
259 422
259 542
259 825
259 884
260 314
260 399
260 411
260 497
260 535
261 560
261 599
261 752
261 832
261 834
261 879
262 557
262 558
262 702
262 831
262 851
263 298
263 319
263 432
263 487
263 564
263 687
263 738
264 315
264 377
264 383
264 390
264 398
264 441
264 534
264 563
264 616
264 652
264 686
264 783
264 881
265 360
265 385
265 407
265 467
265 500
265 600
265 611
265 685
265 704
265 709
265 767
266 344
266 346
266 439
266 449
266 622
266 635
266 686
266 905
266 960
267 410
267 601
267 875
267 931
267 960
268 420
268 934
268 974
269 271
269 294
269 368
269 418
269 569
269 585
269 618
269 749
270 405
270 424
270 592
270 682
270 687
270 693
270 808
270 838
270 863
270 896
271 381
271 462
271 635
271 774
271 927
271 933
272 421
272 454
272 502
272 515
272 599
272 753
272 786
272 796
272 858
272 985
272 998
273 304
273 597
273 681
273 742
273 753
273 826
273 892
273 922
273 970
274 299
274 436
274 496
274 606
274 769
274 784
274 938
274 956
274 958
274 968
275 339
275 439
275 455
275 562
275 635
275 877
276 427
276 449
276 480
276 499
276 549
276 645
276 702
276 795
276 821
276 845
276 848
276 988
277 333
277 468
277 509
277 736
277 936
278 279
278 316
278 324
278 549
278 608
278 647
278 673
279 467
279 520
279 584
279 594
279 741
279 769
279 776
279 863
279 954
280 503
280 513
280 540
280 708
280 753
280 878
281 373
281 383
281 472
281 695
281 795
282 427
282 694
282 713
282 795
282 865
282 866
283 314
283 367
283 423
283 630
283 747
283 778
283 877
283 921
283 972
283 973
284 361
284 586
284 684
284 702
284 707
284 844
285 731
285 808
285 824
285 890
285 951
285 991
286 438
286 503
286 537
286 605
286 782
286 988
287 370
287 447
287 598
287 690
287 756
287 792
287 906
287 932
287 975
288 493
288 602
288 778
288 812
288 899
289 447
289 547
289 686
289 763
289 907
289 916
290 307
290 317
290 322
290 408
290 421
290 581
290 627
290 713
290 722
290 920
291 401
291 413
291 862
292 326
292 418
292 491
292 744
293 392
293 672
293 725
293 751
293 807
294 308
294 355
294 386
294 394
294 706
294 866
294 983
295 348
295 453
295 756
295 836
295 858
295 910
295 983
296 468
296 599
296 611
296 638
296 756
296 883
296 885
296 929
296 947
297 437
297 605
297 618
297 656
297 729
297 802
298 439
298 446
298 522
298 740
298 768
298 786
298 885
299 316
299 325
299 603
299 612
299 970
300 528
300 575
300 666
300 744
300 753
300 895
301 627
301 710
301 853
302 326
302 470
302 568
302 602
302 623
302 626
302 737
302 739
302 888
302 938
302 960
303 362
303 385
303 743
303 783
303 920
304 306
304 392
304 681
304 747
304 918
305 306
305 731
305 807
305 891
306 372
306 387
306 398
306 434
306 463
307 324
307 441
307 499
307 801
308 350
308 404
308 436
308 608
308 718
308 841
309 451
309 459
309 695
309 956
309 978
310 481
310 611
310 625
310 672
310 825
310 870
310 964
311 369
311 625
311 628
311 706
311 747
312 607
312 687
312 695
312 705
312 860
312 900
313 416
313 516
313 605
313 611
313 671
313 761
313 922
313 996
314 383
314 664
314 861
315 416
315 449
315 568
315 877
316 332
316 377
316 388
316 471
316 529
316 537
316 611
316 710
316 826
316 921
316 982
317 342
317 504
317 562
317 638
317 644
317 658
317 711
317 803
317 836
317 901
317 999
318 336
318 494
318 969
319 352
319 474
319 523
319 685
319 718
319 723
319 725
319 978
320 784
320 815
320 865
320 867
320 895
321 355
321 424
321 444
321 656
321 860
321 948
321 988
322 547
322 558
322 698
323 528
323 531
323 592
324 448
324 450
324 613
324 614
324 667
324 813
325 334
325 394
325 466
325 580
325 704
325 785
325 872
326 358
326 378
326 390
326 526
326 589
326 774
326 779
326 804
326 821
326 842
326 876
326 964
327 341
327 720
327 735
327 935
327 999
328 330
328 375
328 398
328 499
328 508
328 795
328 909
329 603
329 661
329 717
330 406
330 510
330 536
330 603
330 799
330 858
330 905
331 415
331 439
331 521
331 619
331 754
331 760
331 965
332 349
332 419
332 546
332 552
332 701
332 792
332 990
333 362
333 430
333 477
333 714
333 735
333 798
333 826
333 866
333 873
333 933
334 392
334 418
334 838
334 856
334 927
335 393
335 467
335 529
335 613
335 900
335 950
336 531
336 565
336 614
336 692
336 706
336 756
336 931
337 338
337 441
337 489
337 521
337 584
337 734
337 830
337 866
337 975
338 346
338 622
338 654
338 655
338 773
338 780
338 818
338 872
338 881
338 972
338 987
339 394
339 404
339 759
339 862
340 341
340 384
340 414
340 438
340 732
340 813
341 410
341 445
341 529
341 657
341 687
341 785
341 858
341 863
342 353
342 393
342 426
342 645
342 765
342 783
342 903
342 955
343 351
343 441
343 562
343 586
343 721
343 898
343 918
344 453
344 522
344 597
344 722
344 739
344 758
344 776
344 826
344 892
345 347
345 348
345 370
345 610
345 654
345 812
345 898
345 953
345 974
346 389
346 824
346 891
346 987
347 442
347 504
347 560
347 561
347 649
347 868
347 892
347 951
348 543
348 591
348 702
348 736
348 853
348 888
348 922
349 415
349 494
349 579
349 991
350 435
350 473
350 510
350 893
350 926
351 371
351 375
351 439
351 560
351 638
351 788
351 857
351 926
351 938
352 414
352 426
352 731
352 753
352 810
352 827
352 864
352 964
353 495
353 550
353 573
353 770
353 806
353 828
353 949
354 531
354 768
354 826
355 363
355 391
355 470
355 542
355 637
355 687
355 948
356 386
356 517
356 611
356 655
356 706
356 838
356 899
356 901
356 912
357 664
357 782
357 944
358 446
358 471
358 475
358 533
358 578
358 658
358 711
359 555
359 586
359 691
359 894
360 552
360 831
360 860
360 869
360 907
360 938
361 450
361 625
361 651
361 666
361 719
361 766
361 849
361 938
362 417
362 422
362 631
362 742
362 831
362 835
362 979
363 498
363 568
363 679
363 743
363 971
364 488
364 498
364 616
364 759
364 842
364 884
365 532
365 557
365 569
365 593
365 819
365 860
366 588
366 935
367 660
367 714
367 750
367 771
367 846
367 868
367 946
368 478
368 530
368 649
368 811
369 415
369 531
369 614
369 818
369 850
369 917
369 981
370 462
370 485
370 564
370 588
370 719
370 812
370 919
371 386
371 395
371 396
371 467
371 481
371 498
371 603
371 815
371 838
372 465
372 541
372 971
373 451
373 587
373 680
373 826
373 935
374 511
374 548
374 776
374 887
374 895
375 446
375 500
375 640
375 707
375 883
375 906
375 972
376 489
376 536
376 669
376 783
376 818
377 479
377 489
377 527
377 604
377 676
377 743
377 785
377 809
377 908
377 941
378 404
378 442
378 446
378 504
378 589
378 701
378 719
378 866
378 908
378 936
379 482
379 515
379 813
379 819
379 900
379 908
380 427
380 819
381 411
381 435
381 491
381 539
381 760
381 848
382 611
382 903
382 937
383 450
383 663
383 687
383 783
383 818
383 865
383 892
383 968
384 426
384 542
384 543
384 569
384 722
384 878
385 517
385 620
385 755
385 818
385 881
385 935
386 400
386 440
386 471
386 510
386 570
386 888
386 915
387 622
387 681
387 697
387 802
387 828
387 946
387 994
388 425
388 483
388 491
388 681
388 733
388 747
388 885
388 970
388 971
389 405
389 566
389 595
389 754
390 703
390 724
391 423
391 431
391 550
391 754
391 770
391 864
391 910
392 467
392 542
392 764
392 842
392 843
392 879
392 994
393 558
393 647
393 663
393 669
393 692
393 793
394 471
394 487
394 602
394 722
394 881
394 942
395 548
395 648
395 786
396 495
396 591
396 762
396 767
397 577
397 621
397 629
397 635
397 651
397 732
397 786
397 816
397 888
398 621
398 676
398 823
398 888
398 939
398 985
399 423
399 569
399 591
399 641
399 643
399 691
399 779
399 848
399 872
399 921
399 952
400 484
400 740
400 756
400 963
401 439
401 455
401 639
401 760
401 793
401 815
402 497
402 551
402 694
402 753
402 784
402 794
402 971
403 418
403 640
403 718
403 784
403 948
404 413
404 425
404 597
404 818
404 919
404 938
404 944
404 962
404 987
405 419
405 498
405 820
405 858
405 947
406 423
406 465
406 522
406 633
406 684
406 720
406 722
406 832
406 891
406 986
406 992
407 416
407 449
407 673
407 903
407 962
408 414
408 437
408 649
408 701
408 713
408 939
409 531
409 543
409 594
409 685
409 694
409 754
409 883
409 961
410 417
410 439
410 455
410 475
410 547
410 685
410 694
410 702
411 471
411 476
411 496
411 525
411 568
411 603
411 608
411 797
411 819
411 859
411 888
411 962
412 465
412 625
412 706
412 731
412 732
412 816
412 858
412 868
413 605
414 566
414 634
414 905
414 934
414 964
415 457
415 680
415 695
416 422
416 426
416 442
416 444
416 597
416 606
416 613
416 721
416 887
416 974
417 486
417 601
417 616
417 766
417 991
418 438
418 699
418 779
418 791
419 444
419 839
419 930
420 433
420 504
420 522
420 725
420 806
420 844
420 851
420 913
420 973
421 799
421 986
422 691
422 782
422 806
422 867
423 451
423 529
423 531
423 561
423 573
423 664
423 682
423 786
423 818
423 823
423 891
423 973
424 430
424 472
424 700
424 833
424 842
425 435
425 505
425 597
425 608
425 611
425 754
425 839
425 861
425 869
426 668
426 680
426 805
426 941
427 569
427 631
427 732
427 752
427 874
428 666
428 671
428 674
428 828
428 966
429 437
429 869
429 951
430 431
430 543
430 636
430 641
430 854
430 994
431 434
431 456
431 457
431 544
431 553
431 571
432 561
432 633
432 787
432 819
433 462
433 468
433 598
433 616
433 716
433 759
433 761
433 963
434 566
434 571
434 602
434 686
434 773
434 788
434 924
435 602
435 729
435 802
435 803
435 813
436 597
436 598
436 910
437 667
437 827
437 905
437 947
438 541
438 871
438 911
438 937
439 469
439 515
439 613
439 925
439 989
439 994
440 501
440 505
440 567
440 595
440 665
440 681
440 696
440 764
440 873
440 889
441 737
441 833
441 852
441 986
442 608
442 684
442 743
442 759
443 600
443 668
443 731
443 766
443 895
443 961
444 455
444 552
444 656
444 682
444 719
444 728
444 781
444 959
445 501
445 603
445 620
445 635
445 761
445 978
446 474
446 593
446 597
446 734
446 833
447 537
447 747
447 793
447 963
448 709
448 795
448 919
448 950
448 968
449 700
449 781
449 837
450 604
450 672
450 855
450 914
451 553
452 542
452 811
453 705
453 810
453 975
454 604
454 642
454 644
454 821
454 886
455 502
455 547
455 733
455 834
455 935
455 990
456 464
456 633
456 685
456 976
457 484
457 737
457 898
457 993
458 532
458 698
458 733
458 832
458 892
459 616
459 652
459 723
459 916
460 504
460 505
460 668
460 955
460 976
460 991
461 468
461 490
461 669
461 779
462 483
462 486
462 591
462 650
462 794
462 882
462 949
463 593
463 704
463 772
463 917
463 968
464 517
464 595
464 781
464 806
464 836
464 906
464 918
464 979
465 517
465 518
465 622
465 868
466 482
466 561
466 626
466 722
466 884
466 954
467 536
467 565
467 661
467 688
467 716
467 805
467 834
467 868
467 918
467 998
468 512
468 759
469 512
469 623
469 660
469 663
469 717
469 790
469 867
469 934
470 816
470 947
471 528
471 648
471 807
471 851
472 607
472 835
472 992
473 501
473 502
473 557
473 769
473 826
473 846
473 911
473 964
474 495
474 519
474 536
474 623
474 692
474 839
474 896
475 623
475 639
475 738
475 821
475 901
475 958
476 547
476 616
476 664
476 762
476 836
477 480
477 495
477 518
477 580
477 591
477 658
477 840
477 845
477 983
478 521
478 627
478 681
478 738
479 500
479 525
479 569
479 594
479 693
479 821
479 897
479 920
479 979
480 492
480 528
480 668
480 768
481 573
481 706
481 752
482 486
482 921
483 490
483 568
483 900
484 615
484 645
484 797
484 835
485 716
485 741
485 859
485 912
485 997
486 632
486 651
486 653
486 736
486 837
486 917
486 956
487 723
487 745
487 752
487 773
487 923
487 929
488 505
488 523
488 774
488 837
488 844
489 690
489 729
489 737
489 758
489 845
489 864
489 867
490 599
490 616
490 657
490 907
490 957
491 543
491 584
491 658
491 763
491 980
492 563
492 645
492 661
492 666
492 703
492 715
492 717
492 720
492 726
493 513
493 563
493 596
493 741
493 775
493 813
493 942
493 954
494 560
494 816
494 879
494 920
494 990
495 513
495 886
496 601
496 715
496 859
497 579
497 591
497 649
497 669
497 912
498 683
498 878
499 600
499 823
500 519
500 551
500 553
500 585
500 840
501 663
501 678
501 755
501 924
502 637
502 794
502 880
502 901
502 974
503 660
503 759
503 768
504 720
505 652
505 717
505 958
506 571
506 589
506 691
506 700
506 711
506 795
506 997
507 863
507 928
507 930
508 629
508 633
508 762
508 798
508 894
509 645
509 750
509 900
509 917
510 583
510 657
510 753
510 842
510 925
510 975
511 546
511 588
511 659
511 666
511 692
511 823
511 861
511 871
512 567
512 672
512 796
512 800
512 993
513 518
513 636
513 684
513 819
513 845
513 869
514 598
514 611
514 628
514 645
515 578
515 620
515 670
515 672
515 708
515 723
515 788
515 829
515 839
516 523
516 797
516 919
517 575
517 653
517 659
517 765
517 792
517 810
517 880
518 745
518 751
518 792
518 921
518 970
519 667
519 852
519 980
519 994
520 533
520 548
520 614
520 690
520 855
520 958
521 583
521 626
521 823
521 828
522 741
522 920
522 946
523 557
523 733
523 930
524 528
524 840
525 559
525 632
526 833
526 881
527 588
527 636
527 697
527 755
527 832
528 952
529 594
529 597
529 628
529 707
529 859
529 905
529 913
529 997
530 869
531 582
531 775
531 783
531 828
531 877
532 593
532 628
532 672
532 700
532 961
532 962
532 976
533 577
533 786
534 550
534 836
534 977
535 538
535 588
535 638
535 737
535 740
535 761
535 804
535 806
535 965
536 653
536 992
536 996
537 806
537 982
538 603
538 666
538 877
539 542
539 639
539 710
539 721
539 779
539 807
539 842
540 623
540 769
541 632
541 695
541 706
541 801
541 808
541 870
541 935
542 545
542 676
542 730
542 769
542 804
542 952
542 989
543 559
543 610
543 724
543 829
543 848
543 913
543 966
543 980
543 998
544 733
544 756
544 814
544 840
544 894
545 665
545 749
545 851
546 610
546 625
546 651
546 770
546 775
546 850
546 990
546 991
547 557
547 645
548 586
548 600
548 645
548 648
548 923
549 603
549 632
549 737
549 825
549 957
549 990
550 581
550 583
550 747
550 841
550 939
550 957
551 705
551 805
551 829
551 961
552 579
552 619
552 679
552 688
552 692
552 888
552 973
553 564
553 651
554 707
554 825
554 907
554 956
555 674
555 690
555 714
555 722
555 764
555 781
555 887
555 936
556 608
556 749
556 764
557 563
557 683
557 909
557 945
557 992
558 624
558 637
558 742
558 851
558 859
558 866
558 905
558 962
559 610
559 765
559 785
559 848
559 891
559 992
560 728
560 937
561 638
561 697
561 846
561 902
562 698
562 834
563 626
563 661
563 715
563 948
564 702
564 770
564 947
564 973
564 988
564 991
565 581
565 703
565 800
565 978
566 582
566 649
566 869
566 887
566 966
567 771
567 804
567 945
568 581
568 711
568 716
568 724
568 887
568 937
569 693
569 781
570 740
570 782
571 607
571 762
571 769
571 975
572 668
572 949
572 960
572 984
573 712
573 814
573 880
573 893
573 966
574 617
574 901
575 636
575 647
575 768
576 655
576 830
576 863
577 677
577 924
577 939
578 722
578 758
578 806
578 807
579 814
579 836
579 908
580 701
580 875
581 648
581 665
581 697
581 773
581 924
582 684
582 738
582 835
582 836
582 911
583 588
583 633
583 685
583 806
583 832
583 966
584 681
584 687
584 690
584 799
584 843
584 937
584 974
585 811
586 598
586 664
586 682
586 839
586 860
586 946
586 970
586 994
587 602
587 618
587 633
587 708
587 714
587 845
587 898
587 935
588 692
588 821
588 829
589 665
589 724
589 735
589 844
589 877
589 901
590 639
590 771
590 847
590 897
591 875
592 638
592 974
592 977
592 980
593 639
594 595
594 675
594 775
594 892
594 957
595 662
595 731
595 913
596 604
596 929
597 721
597 834
598 697
598 706
598 718
598 742
598 800
598 810
598 837
598 853
598 959
599 797
600 717
600 836
600 842
600 894
600 920
601 735
602 786
602 896
602 899
602 942
603 638
603 685
603 690
603 708
603 750
603 892
603 938
603 979
604 693
604 707
604 861
604 899
605 864
605 953
606 673
606 739
606 857
606 911
606 963
607 647
607 873
607 891
607 936
607 956
608 613
608 644
608 775
608 826
608 871
608 895
608 995
609 611
609 660
609 746
609 846
609 995
610 688
610 761
610 804
610 821
610 842
611 651
611 687
611 706
611 745
611 937
611 940
612 625
612 668
613 646
613 701
613 907
614 671
614 682
615 659
615 673
615 724
615 795
615 807
615 851
615 996
616 743
616 783
616 862
616 899
617 672
617 750
617 840
617 941
617 975
618 620
618 662
618 720
618 730
618 733
618 735
618 743
618 765
618 985
619 980
620 663
620 879
620 930
620 975
621 634
621 775
621 789
621 973
622 659
622 864
622 944
622 998
623 651
623 719
623 731
623 770
623 908
624 701
624 757
624 796
624 933
624 950
625 631
625 638
625 722
625 827
625 916
626 668
626 703
626 816
626 837
626 910
626 927
626 985
627 637
627 700
627 758
627 826
628 736
629 943
629 949
630 687
630 766
630 772
630 961
631 661
631 876
631 895
632 687
632 721
632 736
632 847
632 887
632 923
633 775
633 885
633 980
633 986
634 727
634 883
635 800
635 851
636 714
636 821
636 876
636 953
636 976
637 748
637 781
638 766
638 788
638 896
639 989
640 653
640 666
640 691
640 697
640 797
640 840
641 916
641 970
642 735
642 745
642 761
642 768
643 715
644 705
644 739
644 749
644 873
644 884
644 980
645 657
645 731
645 766
645 777
646 819
647 758
647 772
647 877
647 930
647 978
648 651
648 690
648 759
648 793
648 981
649 858
649 907
650 652
650 773
650 800
650 913
650 926
650 954
650 972
651 756
651 852
651 867
652 686
652 798
653 942
654 943
654 950
654 990
655 847
656 741
656 743
656 949
657 680
657 912
657 983
658 700
658 850
658 918
658 975
659 823
659 849
659 895
659 924
660 682
660 711
660 739
660 858
660 939
660 972
660 999
661 692
661 805
661 810
661 833
662 682
662 764
662 773
662 933
662 992
663 740
663 857
663 922
664 674
664 887
665 755
666 882
667 915
667 955
668 724
668 800
668 806
668 822
669 688
669 871
670 674
670 689
670 809
671 814
671 882
671 915
672 775
672 779
672 833
672 959
673 697
673 718
673 789
674 704
674 870
674 897
675 746
675 751
675 876
675 967
676 785
676 786
676 889
676 891
677 823
677 831
677 908
678 742
678 792
679 921
680 817
680 906
680 961
681 766
681 767
681 813
681 951
681 959
682 694
682 784
682 831
682 861
683 774
683 791
684 707
684 838
684 876
684 898
684 921
685 721
686 785
686 835
686 864
686 975
687 698
687 718
687 813
687 824
687 859
687 962
688 812
688 856
689 702
689 792
689 880
690 822
691 724
691 812
691 843
693 718
693 820
693 836
693 918
693 971
695 831
695 937
696 714
696 766
696 801
697 723
697 807
697 811
697 931
697 962
698 808
698 815
698 851
698 986
699 872
699 874
700 793
700 832
700 862
700 965
701 733
701 755
701 992
702 783
702 787
702 891
702 905
703 763
703 803
703 884
703 994
704 844
704 882
705 909
705 944
705 969
706 743
706 911
707 807
707 816
707 902
707 927
708 763
708 978
709 797
709 925
710 724
710 750
710 763
710 831
710 929
711 802
711 817
711 878
711 891
711 915
711 933
712 751
712 928
712 974
713 754
713 817
713 926
713 982
714 754
714 819
714 828
714 854
715 761
715 888
715 952
716 983
717 724
717 747
717 770
717 774
717 851
717 878
717 936
717 944
718 756
718 997
719 721
719 771
719 791
719 816
719 950
719 973
720 754
720 797
720 838
720 988
721 936
722 739
722 768
722 845
722 972
724 803
724 962
725 795
725 847
725 874
725 954
725 985
726 903
726 945
727 820
727 925
728 755
728 764
728 938
728 973
729 798
729 820
729 991
730 866
730 883
731 758
731 883
732 776
732 815
732 843
732 850
732 864
733 809
733 811
733 817
734 810
734 985
735 878
735 973
735 983
736 847
736 872
736 904
736 971
737 741
737 974
738 853
738 855
738 916
738 933
739 740
739 770
739 804
739 891
739 915
739 944
739 992
740 896
740 904
740 998
741 743
741 744
741 759
741 846
741 858
741 959
741 970
741 996
742 792
743 991
743 999
744 827
744 861
744 952
745 862
745 872
745 895
746 797
747 838
747 920
748 764
748 861
748 867
748 894
748 976
749 807
749 955
749 965
749 979
750 782
750 871
750 878
751 798
751 887
751 894
751 904
751 928
753 954
755 770
755 815
756 898
757 782
757 901
757 983
758 814
758 825
759 817
759 956
760 781
760 832
760 959
762 986
762 994
763 941
763 983
764 969
765 814
765 832
765 846
765 930
765 996
766 767
766 877
766 920
767 785
767 809
767 817
767 822
767 839
767 851
769 846
769 951
769 962
769 974
771 847
771 867
772 845
772 865
774 877
774 982
775 940
776 862
776 884
777 781
777 877
777 905
777 990
778 828
778 918
779 834
780 801
780 961
781 800
781 851
782 784
782 961
784 827
785 935
786 841
786 956
787 930
788 804
789 826
789 948
790 858
790 966
791 900
791 904
791 964
792 849
792 916
794 889
794 911
794 932
795 870
796 833
796 930
797 912
797 977
798 799
798 903
799 926
800 818
800 877
800 886
800 904
800 914
800 992
801 821
801 925
802 873
802 949
803 993
804 923
804 939
804 972
805 807
805 825
805 922
805 947
805 976
806 984
808 820
808 838
808 842
809 837
810 919
811 847
811 848
811 852
811 951
812 817
813 859
813 870
813 945
814 863
814 901
815 863
816 822
817 855
817 925
817 928
819 853
821 859
823 981
824 859
824 860
826 827
827 887
827 970
828 846
828 945
828 970
828 994
829 978
830 878
830 941
831 911
831 974
831 992
833 972
833 973
833 993
836 880
836 980
838 929
838 930
838 935
839 957
840 922
842 864
842 913
842 927
843 922
843 944
844 934
845 983
845 997
846 973
848 958
849 974
852 900
852 994
854 951
854 985
855 874
855 883
855 955
857 873
857 991
858 999
860 874
861 932
861 956
864 938
865 954
866 959
866 988
867 879
867 942
868 873
868 929
868 966
869 886
870 912
870 975
870 994
872 897
872 958
873 903
873 942
873 943
874 923
875 902
876 900
877 951
878 880
879 918
879 951
880 881
880 906
880 909
880 982
880 983
881 889
881 949
883 960
884 978
885 888
885 955
886 907
887 917
887 942
887 973
888 956
888 982
889 907
889 994
891 910
893 934
894 947
895 911
895 915
895 921
896 930
897 964
898 908
899 965
899 997
901 907
901 923
901 927
902 906
905 906
905 946
906 967
907 932
907 940
908 922
908 968
908 993
913 969
914 986
916 968
917 993
919 928
922 950
922 979
924 955
925 934
925 982
926 929
928 958
930 945
930 990
933 957
933 987
937 985
941 973
943 972
949 976
950 955
950 999
953 989
956 975
959 987
960 978
961 995
961 999
963 965
964 993
972 980
977 992
978 986
986 997
987 989