100
528
0 10
0 13
0 22
0 23
0 25
0 44
0 45
0 58
0 73
0 85
1 10
1 20
1 23
1 38
1 42
1 51
1 55
1 57
1 73
1 80
2 5
2 10
2 11
2 24
2 27
2 44
2 50
2 51
2 56
2 58
2 64
2 81
2 83
3 5
3 6
3 52
3 53
3 64
3 72
3 77
3 80
4 5
4 28
4 30
4 32
4 42
4 52
4 57
4 62
4 74
4 76
4 81
4 93
5 28
5 30
5 45
5 49
5 51
5 56
5 63
5 65
5 66
5 77
5 79
5 83
6 16
6 23
6 40
6 44
6 45
6 51
6 55
6 72
6 74
6 89
6 95
7 27
7 32
7 39
7 46
7 52
7 71
7 78
7 91
8 12
8 16
8 31
8 32
8 56
8 76
8 83
8 87
8 88
9 10
9 24
9 36
9 46
9 70
9 85
9 90
9 98
10 14
10 34
10 44
10 66
10 92
11 18
11 38
11 40
11 45
11 52
11 63
11 87
11 97
12 37
12 41
12 46
12 48
12 61
12 63
12 76
12 93
13 26
13 29
13 37
13 46
13 70
13 79
13 81
13 84
13 96
13 99
14 16
14 37
14 45
14 59
14 60
14 76
14 86
15 18
15 37
15 40
15 41
15 46
15 47
15 53
15 71
15 79
15 82
15 88
15 94
15 98
16 17
16 36
16 68
17 20
17 43
17 44
17 50
17 52
17 67
17 79
17 85
18 43
18 48
18 54
18 55
18 56
18 59
18 66
18 78
18 79
18 89
18 94
19 38
19 54
19 62
19 86
19 88
20 47
20 50
20 67
20 84
20 85
20 90
20 99
21 30
21 47
21 51
21 56
21 57
21 67
21 71
21 72
21 75
21 89
21 90
21 95
22 41
22 69
22 82
22 84
23 24
23 26
23 37
23 45
23 49
23 57
23 84
23 98
23 99
24 39
24 49
24 53
24 56
24 57
24 88
25 43
25 46
25 58
25 62
25 63
25 66
25 73
25 85
25 92
25 96
26 29
26 31
26 41
26 50
26 52
26 59
26 82
26 87
26 95
27 59
27 85
27 87
27 88
27 92
28 32
28 54
28 61
28 74
28 97
29 40
29 47
29 51
29 76
29 80
29 85
29 87
30 33
30 44
30 56
30 60
30 67
30 69
30 86
30 92
30 97
30 99
31 36
31 40
31 47
31 50
31 53
31 54
31 55
31 67
31 76
31 83
31 84
31 88
31 95
32 35
32 58
32 73
32 74
32 79
32 80
32 99
33 55
33 57
33 82
34 38
34 47
34 54
34 59
34 84
34 85
34 86
34 94
35 37
35 49
35 59
35 68
35 71
35 82
35 87
35 90
36 37
36 39
36 42
36 59
36 62
36 66
36 69
36 84
36 98
37 45
37 58
37 59
37 67
37 99
38 69
38 73
38 81
38 85
38 88
38 89
38 95
38 99
39 63
39 64
39 83
39 89
39 96
39 97
40 46
40 51
40 64
40 74
40 88
40 91
40 99
41 43
41 45
41 57
41 62
41 78
41 97
42 59
42 70
42 88
42 92
42 94
43 46
43 51
43 66
43 91
44 73
44 78
44 84
44 89
45 52
45 54
45 60
45 87
45 88
46 85
46 86
46 89
47 57
47 86
48 50
48 66
48 72
48 79
48 85
48 86
49 52
49 53
49 71
49 72
49 79
49 85
49 86
49 87
50 52
50 53
50 59
50 81
50 92
51 60
51 88
51 94
52 58
52 72
52 74
52 95
52 98
53 61
53 93
54 59
54 64
54 68
54 77
54 87
54 88
54 94
54 96
54 97
54 98
55 76
55 87
56 63
56 89
57 63
57 73
57 78
57 80
57 86
57 93
58 67
58 69
58 74
58 82
58 86
58 97
59 66
59 69
59 71
59 74
59 85
59 91
59 94
59 96
60 64
60 66
60 67
60 68
60 82
60 90
61 66
61 81
61 90
61 97
62 66
62 73
62 74
62 76
62 80
62 94
64 71
64 92
65 68
65 80
65 88
66 67
66 69
66 70
66 94
67 73
67 77
67 81
67 91
67 98
68 74
68 89
69 74
69 84
69 86
69 91
70 74
70 84
70 94
70 99
71 74
71 85
71 89
71 96
72 73
72 82
72 92
73 79
73 83
73 91
73 92
74 78
74 82
74 86
75 77
75 90
75 91
75 92
75 94
75 95
75 96
76 85
76 91
77 78
77 80
77 88
78 80
78 95
78 96
79 87
79 88
79 97
80 90
81 94
81 95
82 83
82 88
82 93
82 96
83 98
84 87
84 97
85 87
85 90
85 95
86 87
87 90
87 93
88 89
88 91
88 97
89 93
89 94
91 92
92 93
92 94
93 95
94 95
94 97