1000
533
0 409
0 591
1 151
1 659
6 843
7 26
9 475
13 512
13 566
13 952
14 251
15 409
15 746
16 100
17 576
19 621
20 468
23 502
23 832
24 898
26 865
27 41
27 82
27 438
28 249
29 594
29 755
30 755
32 798
34 118
34 356
36 759
37 81
37 303
37 580
38 609
39 40
40 927
43 830
44 278
45 134
46 820
48 500
48 554
49 498
50 839
52 535
55 112
55 795
58 277
60 575
60 594
60 868
61 763
62 233
64 124
65 177
65 529
68 400
69 738
70 462
72 481
72 661
73 92
74 309
74 422
74 702
74 750
78 897
79 700
82 946
83 511
84 220
84 251
85 446
85 715
86 152
86 425
88 270
89 134
89 629
90 573
92 364
92 608
92 921
93 560
93 699
94 582
95 532
96 546
96 638
96 788
97 692
98 766
101 461
101 840
102 894
105 822
106 727
106 792
107 303
108 145
108 163
108 281
108 500
108 785
108 978
109 152
109 456
111 382
114 377
114 560
115 447
116 662
120 608
121 233
121 258
121 573
126 606
127 386
127 730
128 136
128 181
128 894
132 276
133 484
133 701
134 718
135 265
135 325
136 739
137 543
139 404
140 399
140 472
141 976
142 617
142 989
143 173
143 997
144 392
144 494
146 904
146 951
148 404
149 290
149 310
150 153
150 157
151 448
154 901
155 764
158 165
158 500
158 745
161 380
162 931
164 438
166 168
167 359
168 407
169 212
169 261
170 506
176 251
179 417
181 184
181 330
182 507
183 328
183 542
183 602
183 864
186 694
186 829
187 639
188 443
188 492
189 459
190 949
192 474
193 642
195 826
196 621
199 651
199 711
200 287
201 268
205 552
205 714
206 864
207 281
210 649
211 261
211 977
212 375
214 241
214 502
215 783
217 581
219 275
219 314
221 559
224 366
224 633
224 973
225 633
225 867
227 659
228 501
228 848
229 460
230 838
230 893
231 714
231 977
232 783
233 824
235 984
237 399
237 885
240 449
240 629
241 543
242 960
244 704
245 466
246 556
246 620
246 930
247 992
250 792
253 278
253 733
254 927
255 406
255 518
257 768
259 743
260 727
260 794
262 610
262 847
263 504
263 562
265 658
266 549
266 628
268 413
268 990
269 496
269 561
269 673
271 378
275 438
278 294
278 558
278 646
278 878
280 591
283 383
284 558
284 592
286 406
286 964
287 328
287 881
289 659
290 529
290 872
291 721
291 820
291 861
292 572
293 313
294 588
294 941
295 333
297 513
297 840
298 318
298 538
298 908
300 360
306 970
307 310
307 917
308 364
308 513
310 935
311 606
313 642
313 661
314 328
314 579
314 944
317 778
322 793
323 988
324 780
325 827
326 793
327 562
330 629
330 675
331 992
333 421
334 988
336 807
336 897
339 493
339 917
340 389
340 616
342 751
342 754
344 702
347 413
347 517
348 659
349 562
349 797
350 702
350 771
352 901
353 985
354 573
355 789
361 434
366 506
366 879
369 426
369 465
370 775
371 547
372 457
372 751
372 752
373 556
374 442
374 986
376 402
379 829
381 647
384 554
384 591
385 649
386 898
388 482
388 730
391 637
393 570
394 619
394 981
402 490
402 763
405 450
406 881
406 970
410 925
416 946
417 613
417 922
419 736
423 451
423 547
423 604
423 641
426 779
426 875
428 622
429 842
430 866
430 952
433 561
434 875
435 886
440 545
442 911
448 628
450 643
452 903
455 612
455 852
455 874
458 650
467 579
468 918
470 717
470 796
474 883
475 730
476 796
479 581
479 933
483 608
483 977
485 518
485 867
485 928
488 723
491 603
492 667
493 672
495 526
495 692
499 674
504 795
509 511
512 524
512 598
515 692
516 889
517 518
519 532
522 620
522 705
522 724
522 962
524 575
525 658
527 934
533 907
534 598
538 962
539 768
544 786
545 644
553 661
554 783
555 613
560 655
560 915
562 670
564 920
564 957
566 934
566 980
569 626
569 627
571 574
571 706
575 771
579 643
580 806
580 883
584 758
585 756
587 830
591 765
592 723
597 976
601 702
607 634
608 684
608 981
609 703
609 974
610 990
614 839
617 679
621 818
623 686
624 826
625 658
626 741
626 750
627 693
629 885
630 641
632 856
635 736
636 715
637 749
642 722
645 680
649 968
656 933
660 803
663 693
669 683
673 781
673 886
678 815
683 684
683 769
683 910
690 823
690 946
696 891
704 749
725 907
727 881
728 871
731 976
734 878
737 937
740 893
743 891
749 861
751 948
762 931
771 783
773 858
774 977
778 781
781 964
784 876
785 957
786 812
791 954
792 844
810 832
813 841
816 921
817 856
829 859
831 944
834 894
836 858
837 953
838 880
863 928
866 973
866 980
885 890
885 948
888 894
901 915
930 987
932 985
937 949
974 981