100
482
0 11
0 18
0 25
0 26
0 59
0 65
0 67
0 78
0 80
1 8
1 22
1 23
1 37
1 47
1 49
1 64
1 79
1 81
1 85
1 90
1 97
2 14
2 24
2 29
2 30
2 49
2 52
2 60
2 67
2 68
2 70
2 78
2 85
2 87
3 12
3 21
3 35
3 41
3 66
3 86
3 87
3 96
4 8
4 16
4 23
4 42
4 65
4 67
4 76
4 96
4 99
5 14
5 34
5 43
5 46
5 47
5 64
5 69
5 70
5 83
5 96
6 7
6 16
6 21
6 25
6 94
7 11
7 29
7 47
7 50
7 54
7 61
7 64
7 75
7 86
7 96
8 20
8 26
8 28
8 44
8 47
8 49
8 59
8 65
8 82
8 92
9 10
9 16
9 38
9 75
9 76
9 81
9 86
9 90
9 91
9 98
10 19
10 28
10 30
10 35
10 36
10 73
10 76
10 79
10 81
10 91
10 96
11 40
11 41
11 43
11 44
11 46
11 73
11 76
11 88
11 95
12 29
12 43
12 62
12 81
12 91
12 92
12 94
12 96
13 21
13 26
13 27
13 34
13 54
13 63
13 65
13 66
13 76
13 84
13 86
14 22
14 24
14 31
14 32
14 38
14 71
14 73
14 78
15 45
15 46
15 55
15 59
15 64
15 73
15 75
15 76
15 78
15 81
15 87
15 96
16 23
16 26
16 35
16 40
16 50
16 51
16 52
16 54
16 61
16 64
16 76
16 87
16 92
16 94
17 32
17 55
17 69
17 72
17 74
17 92
18 23
18 28
18 31
18 36
18 38
18 42
18 94
18 97
19 24
19 29
19 30
19 58
19 63
19 64
19 77
19 83
19 91
19 97
20 29
20 45
20 61
20 74
20 85
20 99
21 23
21 50
21 52
21 53
21 77
21 90
21 93
22 25
22 32
22 36
22 39
22 58
22 63
22 69
22 82
22 83
23 29
23 47
23 84
23 85
23 90
23 97
24 39
24 42
24 49
24 50
24 57
24 65
24 75
24 79
24 91
24 99
25 40
25 63
25 93
25 95
26 35
26 39
26 40
26 44
26 53
26 63
26 71
26 87
26 88
26 92
26 95
27 33
27 37
27 54
27 73
27 83
27 85
28 33
28 62
28 64
28 84
28 91
29 31
29 35
29 77
29 81
29 85
30 41
30 51
30 58
30 86
30 92
30 94
31 67
31 71
31 87
32 44
32 49
32 61
32 62
32 70
32 73
32 84
32 85
32 91
32 98
33 44
33 45
33 49
33 59
33 60
33 62
33 68
33 69
33 95
34 36
34 47
34 55
34 56
34 96
35 43
35 46
35 53
35 54
35 71
36 51
36 78
37 47
37 54
37 69
38 40
38 42
38 52
38 54
38 62
38 68
38 71
38 89
38 93
38 96
39 60
39 68
39 99
40 49
40 51
40 54
40 59
40 74
40 80
41 46
41 55
41 72
41 76
41 90
42 62
42 66
42 82
42 93
43 59
43 74
43 90
44 53
44 55
44 59
44 84
44 95
44 99
45 68
45 86
45 91
46 47
46 69
46 72
47 52
47 72
47 93
48 69
48 70
48 76
48 81
49 62
49 64
49 68
49 72
49 86
49 94
50 53
50 62
50 71
50 78
50 82
51 52
51 57
51 59
51 64
51 66
51 71
51 78
51 86
51 93
51 99
52 63
53 54
53 58
53 59
53 61
53 62
53 68
53 75
53 76
53 90
54 78
55 66
55 73
55 79
55 81
55 89
55 90
55 93
56 64
56 69
56 93
57 59
57 69
57 83
57 86
58 74
58 75
58 78
58 83
58 89
58 90
58 95
58 96
59 70
59 93
59 95
60 61
60 62
60 66
60 71
60 87
60 88
60 96
61 70
61 82
61 87
61 88
61 93
61 95
62 71
62 90
63 71
63 72
63 81
63 95
64 73
64 76
65 94
65 98
66 88
66 98
67 76
67 82
67 96
68 81
68 83
68 86
68 93
69 73
70 80
70 86
71 80
71 81
71 85
71 97
72 74
72 78
72 79
73 84
74 86
75 98
76 87
76 92
76 99
77 92
78 84
79 86
79 93
80 91
80 98
82 95
83 87
84 86
84 95
86 92
86 96
87 99
88 89
89 90
89 98
90 92
91 96
91 97
92 95
93 98
96 99