1000
5056
0 134
0 249
0 336
0 440
0 476
0 525
0 530
0 616
0 654
0 698
0 707
0 753
0 776
0 779
0 957
0 996
1 31
1 163
1 186
1 216
1 237
1 308
1 361
1 490
1 516
1 548
1 576
1 644
1 671
1 675
1 782
1 929
2 238
2 255
2 387
2 433
2 498
2 516
2 701
2 750
2 768
2 777
2 802
2 823
2 905
2 951
3 50
3 62
3 162
3 221
3 281
3 304
3 431
3 709
3 890
3 899
3 936
4 53
4 112
4 218
4 302
4 473
4 847
4 868
5 98
5 165
5 252
5 264
5 533
5 615
6 32
6 33
6 113
6 255
6 290
6 315
6 355
6 589
6 590
6 782
7 57
7 102
7 235
7 377
7 437
7 524
7 533
7 648
7 649
7 855
7 935
8 43
8 89
8 222
8 275
8 429
8 518
8 682
8 716
8 781
8 889
9 102
9 231
9 287
9 321
9 355
9 451
9 460
9 658
9 659
9 663
9 743
9 853
9 921
10 91
10 288
10 293
10 822
10 839
10 879
10 958
11 126
11 145
11 216
11 257
11 392
11 401
11 433
11 668
11 742
11 757
11 863
11 889
11 942
12 14
12 19
12 103
12 124
12 151
12 196
12 226
12 424
12 486
12 570
12 654
12 695
12 745
12 844
12 928
12 929
12 936
13 29
13 70
13 124
13 267
13 292
13 487
13 801
13 856
13 917
13 939
14 99
14 256
14 532
14 557
14 715
14 743
14 758
14 767
14 772
14 793
14 966
14 968
15 248
15 504
15 569
15 687
15 743
15 749
15 770
15 782
16 137
16 434
16 450
16 482
16 783
16 808
16 875
16 902
16 953
17 136
17 257
17 261
17 408
17 584
17 667
17 682
17 745
17 759
17 879
18 55
18 151
18 174
18 203
18 305
18 345
18 382
18 394
18 795
18 836
18 937
18 978
19 109
19 204
19 386
19 592
19 821
19 844
19 947
19 954
19 980
19 984
20 22
20 156
20 232
20 457
20 509
20 537
20 539
20 543
20 841
20 876
20 931
21 242
21 362
21 415
21 416
21 570
21 653
21 946
22 212
22 300
22 348
22 539
22 547
23 55
23 151
23 254
23 261
23 309
23 327
23 426
23 528
23 660
23 684
23 797
23 827
23 881
23 914
24 88
24 147
24 174
24 239
24 278
24 365
24 430
24 545
24 557
24 643
24 810
24 882
25 272
25 287
25 330
25 344
25 348
25 379
25 432
25 486
25 670
25 679
25 684
25 724
26 42
26 166
26 204
26 218
26 309
26 383
26 548
26 703
26 948
27 45
27 228
27 296
27 501
27 593
27 595
27 649
27 855
27 856
27 903
27 960
28 83
28 196
28 217
28 456
28 474
28 512
28 514
28 590
28 708
28 726
28 824
28 860
28 956
28 959
29 35
29 180
29 381
29 403
29 500
29 512
29 634
29 865
29 882
29 917
29 993
30 85
30 202
30 411
30 585
30 633
30 852
31 51
31 172
31 341
31 351
31 507
31 807
31 989
32 210
32 303
32 376
32 429
32 485
32 640
32 788
32 836
32 853
32 887
33 195
33 374
33 443
33 576
33 678
33 682
33 773
33 801
33 837
33 902
33 926
34 161
34 266
34 295
34 419
34 443
34 590
34 662
34 729
34 771
35 225
35 318
35 454
35 526
35 586
35 597
35 718
35 795
35 825
35 951
36 41
36 252
36 261
36 542
36 662
36 697
36 857
36 879
36 935
36 982
37 152
37 184
37 186
37 318
37 321
37 355
37 416
37 524
37 683
37 750
37 762
37 811
37 881
37 970
38 190
38 236
38 492
38 566
38 743
38 886
39 113
39 146
39 234
39 591
39 600
39 651
39 873
39 896
39 976
40 63
40 133
40 210
40 223
40 282
40 607
40 658
40 866
40 956
40 980
40 995
41 172
41 328
41 371
41 437
41 527
41 549
41 710
41 735
41 749
41 838
41 956
41 960
41 978
41 979
41 987
42 82
42 350
42 544
42 554
42 803
42 861
42 956
43 321
43 384
43 446
43 557
43 603
43 820
43 831
43 833
43 927
44 54
44 87
44 157
44 168
44 195
44 227
44 368
44 533
44 559
44 981
45 297
45 362
45 381
45 517
45 556
45 727
45 750
45 811
46 152
46 515
46 522
46 785
46 865
46 973
47 105
47 141
47 160
47 205
47 238
47 364
47 404
47 428
47 451
47 515
47 536
47 696
47 748
47 786
47 818
47 842
47 892
48 51
48 313
48 316
48 422
48 627
48 732
48 735
48 911
49 66
49 98
49 181
49 270
49 281
49 497
49 535
49 635
49 663
50 124
50 180
50 236
50 253
50 287
50 300
50 417
50 537
50 758
50 810
50 954
50 976
51 186
51 242
51 307
51 359
51 610
51 651
51 672
51 854
52 305
52 426
52 431
52 493
52 540
52 577
52 590
52 635
52 892
52 981
53 151
53 176
53 187
53 235
53 280
53 433
53 596
53 885
53 893
53 940
54 67
54 98
54 210
54 301
54 393
54 496
54 541
54 632
54 770
54 787
54 873
54 887
54 991
55 132
55 176
55 233
55 301
55 371
55 382
55 404
55 463
55 644
55 773
55 837
55 883
55 893
55 918
56 79
56 116
56 122
56 205
56 247
56 291
56 299
56 333
56 591
56 601
56 728
56 931
57 115
57 224
57 366
57 430
57 469
57 579
57 788
58 100
58 269
58 344
58 473
58 507
58 611
58 614
58 758
58 784
58 910
59 160
59 353
59 369
59 388
59 430
59 434
59 806
59 849
59 948
59 974
60 118
60 134
60 154
60 240
60 359
60 384
60 570
60 673
60 724
60 776
60 888
60 954
61 101
61 364
61 423
61 522
61 645
61 681
61 720
61 772
61 783
61 788
62 160
62 432
62 508
62 523
62 552
62 620
62 629
62 660
62 686
62 795
63 85
63 130
63 193
63 267
63 310
63 640
63 755
63 784
63 872
63 917
63 946
64 195
64 264
64 267
64 317
64 340
64 418
64 483
64 507
64 522
64 573
64 574
64 825
65 158
65 221
65 442
65 487
65 504
65 722
65 802
65 803
65 882
65 943
66 167
66 310
66 476
66 537
66 782
66 984
67 279
67 316
67 330
67 596
67 625
67 808
67 958
67 977
67 981
68 246
68 253
68 579
68 591
68 618
68 725
68 810
68 957
69 99
69 292
69 344
69 411
69 813
69 860
69 872
69 912
70 109
70 147
70 342
70 552
70 672
70 791
71 553
71 726
71 833
71 892
71 972
72 114
72 149
72 453
72 510
72 808
72 811
72 869
73 166
73 242
73 338
73 596
74 108
74 128
74 164
74 293
74 352
74 372
74 376
74 401
74 519
75 290
75 344
75 366
75 497
75 814
76 112
76 187
76 456
76 725
76 879
77 247
77 393
77 404
77 704
77 769
77 771
77 829
77 862
77 866
77 897
78 155
78 162
78 164
78 240
78 286
78 357
78 472
78 716
78 762
79 297
79 383
79 419
79 661
79 662
79 695
79 734
79 802
79 814
79 852
79 941
80 165
80 212
80 514
80 541
80 571
80 582
80 725
80 859
81 250
81 259
81 552
81 647
81 770
81 914
81 998
82 462
82 493
82 595
82 621
82 735
82 777
82 845
82 949
82 978
83 406
83 621
83 646
83 745
83 817
83 828
83 931
83 943
84 111
84 124
84 328
84 349
84 429
84 547
84 572
84 607
84 663
84 882
85 162
85 267
85 302
85 332
85 342
85 566
85 804
85 861
85 945
85 970
85 972
86 321
86 387
86 447
86 477
86 615
86 800
86 844
86 920
87 284
87 359
87 676
87 934
88 132
88 239
88 462
88 549
88 562
88 586
89 292
89 459
89 570
89 592
89 593
89 685
90 93
90 95
90 235
90 299
90 505
90 726
90 741
90 820
90 955
90 963
91 114
91 159
91 270
91 551
91 564
91 706
91 860
91 878
91 895
91 931
92 468
92 516
92 527
92 565
93 152
93 332
93 360
93 427
93 487
93 653
93 718
93 737
93 811
93 859
93 896
93 992
94 267
94 560
94 636
94 656
94 665
94 776
94 781
94 793
94 918
94 925
95 202
95 223
95 228
95 347
95 462
95 528
95 640
95 808
96 229
96 581
96 700
96 716
96 809
96 829
96 916
97 101
97 116
97 446
97 690
97 872
97 944
97 955
98 106
98 134
98 227
98 281
98 325
98 360
98 504
98 541
98 636
98 642
98 655
98 734
98 973
99 286
99 394
99 446
99 499
99 544
99 546
99 578
99 673
99 885
99 991
100 137
100 245
100 349
100 490
100 560
100 677
101 179
101 278
101 301
101 352
101 443
101 500
101 501
101 573
101 612
101 784
101 816
102 104
102 197
102 248
102 336
102 348
102 405
102 478
102 484
102 543
102 549
102 556
102 699
102 803
102 981
102 987
103 121
103 151
103 154
103 358
103 430
103 480
103 481
103 579
103 686
103 879
103 922
104 194
104 258
104 268
104 351
104 385
104 467
104 501
104 506
104 510
104 664
104 675
104 686
104 829
104 932
105 151
105 152
105 215
105 230
105 468
105 497
105 535
105 549
105 777
105 792
105 840
105 853
105 891
106 359
106 402
106 466
106 594
106 921
106 977
107 143
107 157
107 233
107 367
107 711
107 814
107 822
107 837
108 163
108 214
108 377
108 573
108 597
108 838
109 355
109 396
109 480
109 713
109 761
110 410
110 420
110 473
110 723
110 874
111 168
111 304
111 333
111 475
111 579
111 681
111 743
111 879
112 144
112 272
112 275
112 427
112 556
112 655
112 700
112 711
112 803
112 868
113 170
113 302
113 355
113 369
113 392
113 547
113 602
113 634
113 777
113 848
113 871
113 894
113 980
114 176
114 196
114 319
114 320
114 470
114 536
114 542
114 575
114 649
114 780
114 843
114 845
114 865
114 919
115 125
115 387
115 392
115 400
115 415
115 505
115 615
115 705
115 813
115 907
115 995
116 147
116 346
116 377
116 428
116 705
116 952
117 136
117 168
117 178
117 233
117 521
117 580
117 603
117 738
117 823
117 914
118 291
118 388
118 472
118 710
118 735
118 768
118 803
119 276
119 673
119 718
119 727
119 780
119 797
119 854
119 869
119 876
120 167
120 222
120 277
120 360
120 421
120 464
120 516
120 526
120 554
120 666
120 667
120 761
120 930
121 272
121 301
121 372
121 470
121 520
121 555
121 601
121 657
121 716
121 796
121 811
121 832
121 909
122 156
122 173
122 208
122 657
122 782
122 906
122 998
123 188
123 213
123 227
123 392
123 505
123 532
123 555
123 556
123 735
123 907
124 132
124 170
124 634
124 974
125 246
125 321
125 348
125 535
125 885
125 899
125 975
126 170
126 511
126 514
126 571
126 688
126 692
126 752
126 845
127 150
127 525
127 526
127 531
127 556
127 569
127 634
127 664
127 665
127 731
127 735
128 276
128 355
128 432
128 435
128 819
128 860
128 918
129 170
129 202
129 295
129 378
129 380
129 417
129 476
129 603
129 761
130 196
130 233
130 318
130 382
130 471
130 491
130 565
130 604
130 792
130 916
130 931
130 979
131 307
131 315
131 534
131 650
131 731
132 196
132 259
132 376
132 608
132 645
132 672
132 891
133 519
133 523
133 604
133 683
133 684
133 804
133 963
134 358
134 577
134 775
134 900
134 957
135 216
135 236
135 387
135 489
135 637
135 644
135 764
135 765
135 877
135 884
135 892
136 179
136 447
136 489
136 550
136 609
136 947
137 259
137 303
137 310
137 319
137 358
137 447
137 589
137 593
137 613
137 649
137 853
137 964
138 430
138 434
138 463
138 504
138 652
138 987
139 189
139 211
139 239
139 320
139 347
139 386
139 775
139 789
139 828
139 937
139 952
140 292
140 402
140 420
140 593
140 626
140 639
141 226
141 370
141 452
141 480
141 505
141 582
141 680
141 919
142 178
142 385
142 395
142 397
142 642
142 675
142 738
142 745
142 838
142 873
142 892
142 911
143 144
143 163
143 179
143 319
143 324
143 373
143 389
143 549
143 589
143 605
143 691
143 700
143 715
143 818
144 187
144 207
144 349
144 577
144 581
144 706
144 715
144 780
145 158
145 173
145 208
145 281
145 541
145 549
145 565
145 840
145 864
145 905
145 918
146 248
146 387
146 854
146 883
146 898
146 916
146 964
147 646
147 654
147 708
147 960
148 187
148 393
148 574
148 603
148 643
148 679
148 936
148 947
149 433
149 583
149 669
149 686
149 933
150 201
150 445
150 460
150 688
150 796
150 890
150 903
150 917
150 933
150 980
151 152
151 199
151 200
151 229
151 320
151 538
151 548
151 748
151 753
151 797
152 157
152 235
152 338
152 434
152 448
152 530
152 618
152 952
152 989
153 215
153 222
153 390
153 419
153 503
153 653
153 894
153 915
153 932
153 946
153 987
154 336
154 353
154 537
154 593
154 704
154 888
155 230
155 312
155 557
155 591
155 791
155 831
155 882
156 215
156 245
156 321
156 352
156 359
156 420
156 718
156 735
156 854
156 891
156 987
157 162
157 269
157 310
157 319
157 323
157 441
157 443
157 539
157 619
157 721
157 780
157 876
158 188
158 205
158 418
158 452
158 837
158 871
158 907
158 919
159 164
159 169
159 416
159 642
159 867
160 197
160 258
160 288
160 300
160 311
160 403
160 428
160 436
160 468
160 494
160 588
160 658
160 751
160 793
160 830
160 858
160 918
160 954
161 261
161 270
161 396
161 498
161 516
161 550
161 579
161 922
161 962
162 228
162 281
162 300
162 367
162 377
162 591
162 594
162 842
162 906
162 954
163 213
163 422
163 483
163 620
163 627
163 642
163 749
163 814
163 957
163 999
164 190
164 201
164 299
164 324
164 399
164 515
164 524
164 593
164 604
164 750
164 810
164 877
164 910
165 174
165 465
165 490
165 590
165 663
165 727
165 750
165 839
166 295
166 347
166 431
166 461
166 489
166 555
166 649
166 858
166 902
166 923
167 169
167 248
167 308
167 404
167 406
167 413
167 426
167 703
167 742
167 750
167 902
167 903
167 951
168 228
168 254
168 305
168 372
168 617
168 891
168 908
168 973
169 337
169 453
169 617
169 730
169 739
169 744
169 910
170 292
170 356
170 482
170 507
170 612
170 659
170 752
170 807
170 854
171 340
171 356
171 480
171 635
171 748
171 790
171 799
171 808
171 847
171 851
172 210
172 437
172 559
172 806
172 926
173 198
173 229
173 284
173 298
173 335
173 386
173 469
173 497
173 579
173 630
173 757
173 771
173 931
173 937
174 386
174 449
174 738
174 775
174 987
175 323
175 328
175 468
175 516
175 585
175 689
175 762
175 777
175 798
176 182
176 201
176 360
176 443
176 512
176 559
176 704
176 782
176 822
177 353
177 632
177 807
177 955
177 988
178 218
178 490
178 964
179 252
179 302
179 319
179 325
179 347
179 426
179 587
179 760
179 766
179 950
180 182
180 201
180 313
180 357
180 536
180 712
180 746
180 749
180 823
180 974
181 476
181 488
181 502
181 519
181 645
181 742
181 757
181 944
182 212
182 435
182 490
182 520
182 835
183 224
183 257
183 269
183 279
183 337
183 340
183 401
183 440
183 526
183 594
183 655
183 874
183 902
184 252
184 267
184 282
184 283
184 367
184 368
184 395
184 418
184 765
184 885
184 918
185 338
185 341
185 403
185 458
185 468
185 483
185 832
185 967
185 970
185 980
185 998
186 224
186 289
186 413
186 591
186 664
186 978
187 208
187 542
187 732
187 916
187 955
188 191
188 200
188 215
188 351
188 499
188 521
188 746
188 755
188 852
188 975
189 276
189 285
189 518
189 544
189 561
189 697
189 772
189 784
189 907
189 960
190 308
190 360
190 674
190 848
190 914
191 220
191 284
191 510
191 609
191 779
191 790
191 819
191 841
191 973
192 469
192 564
192 621
192 873
193 412
193 436
193 446
193 507
193 595
193 692
193 881
194 227
194 472
194 699
194 757
195 200
195 248
195 370
195 439
195 558
195 563
195 575
195 679
195 697
195 796
195 870
196 257
196 269
196 273
196 320
196 355
196 402
196 513
196 547
196 677
196 843
196 857
196 958
197 203
197 215
197 255
197 378
197 421
198 514
198 563
198 569
198 625
198 640
198 710
198 725
198 913
198 938
199 247
199 419
199 494
199 705
199 819
199 988
200 236
200 358
200 452
200 515
200 534
200 624
200 662
200 793
201 259
201 311
201 469
201 577
201 676
201 715
201 748
202 295
202 560
202 629
202 732
202 761
202 825
202 896
202 966
203 204
203 227
203 231
203 367
203 504
203 548
203 624
203 632
203 642
203 726
203 816
203 887
203 911
203 928
204 330
204 359
204 635
204 664
204 844
204 846
204 976
205 263
205 322
205 522
205 593
205 915
205 929
206 278
206 284
206 293
206 486
206 642
206 760
206 792
206 901
206 932
207 253
207 375
207 391
207 401
207 430
207 497
207 728
207 930
207 975
208 214
208 291
208 339
208 372
208 559
208 613
208 709
208 878
209 320
209 328
209 332
209 431
209 449
209 470
209 564
209 592
209 677
209 682
209 935
209 945
210 219
210 256
210 265
210 350
210 392
210 577
210 831
210 863
210 970
211 217
211 265
211 294
211 296
211 319
211 413
211 717
211 732
211 748
211 827
212 240
212 316
212 362
212 366
212 380
212 429
212 483
212 650
212 761
212 769
212 791
212 959
213 328
213 331
213 392
213 408
213 440
213 626
213 764
213 830
213 861
213 869
214 233
214 471
214 506
214 674
214 760
214 784
214 835
214 948
215 452
215 583
215 585
215 787
215 823
215 830
215 836
215 902
215 903
215 968
216 238
216 330
216 403
216 464
216 638
216 840
217 219
217 323
217 414
217 424
217 449
217 502
217 888
217 903
217 909
218 457
218 475
218 552
218 663
218 833
218 865
218 880
218 923
218 942
218 958
219 370
220 277
220 291
220 415
220 558
220 588
220 611
220 613
220 617
220 630
220 699
220 735
220 789
221 253
221 399
221 560
221 590
221 636
221 680
221 684
221 923
222 280
222 293
222 294
222 303
222 460
222 592
222 606
222 633
222 749
223 235
223 354
223 399
223 502
223 727
223 759
224 278
224 398
224 478
224 561
224 630
224 963
224 965
224 990
225 371
225 372
225 404
225 489
225 608
225 617
225 852
225 944
225 991
226 240
226 329
226 381
226 643
226 672
226 746
226 771
226 799
226 811
226 908
226 932
226 967
227 235
227 345
227 364
227 391
227 392
227 468
227 474
227 489
227 538
227 646
227 901
228 497
228 604
228 606
228 794
228 821
228 827
228 934
229 371
229 388
229 554
229 759
229 794
229 823
229 924
229 970
230 278
230 349
230 379
230 785
230 796
230 831
231 236
231 274
231 293
231 613
231 727
232 329
232 374
232 443
232 499
232 532
232 675
232 676
232 811
233 355
233 365
233 371
233 526
233 557
233 572
233 628
233 891
233 915
233 986
233 989
234 248
234 250
234 256
234 508
234 566
234 576
234 680
234 758
234 918
234 949
234 959
235 288
235 302
235 322
235 404
235 674
235 737
235 885
235 960
235 982
236 253
236 336
236 411
236 503
236 608
236 615
236 622
236 628
236 661
236 824
237 257
237 270
237 275
237 317
237 358
237 496
237 577
237 683
238 337
238 423
238 428
238 503
238 507
238 522
238 749
238 786
239 254
239 602
239 963
240 545
240 743
240 809
241 285
241 530
241 539
241 595
241 815
241 844
241 850
241 986
241 989
242 397
242 443
242 477
242 668
242 703
242 763
242 836
242 929
242 946
242 982
243 353
243 541
243 606
243 630
243 745
243 758
243 821
243 880
243 888
243 894
244 336
244 429
244 487
244 562
244 620
244 750
244 845
244 914
245 290
245 440
245 755
246 248
246 253
246 406
246 440
246 751
246 762
246 772
246 815
246 840
246 844
246 856
247 315
247 557
247 637
247 728
247 742
247 810
247 831
247 864
247 891
247 898
248 272
248 302
248 700
248 939
248 958
248 989
249 286
249 440
249 468
249 488
249 547
249 607
249 640
249 658
249 827
249 842
249 942
250 316
250 421
250 542
250 546
250 647
250 688
250 704
250 771
250 878
250 977
250 994
250 998
251 274
251 335
251 455
251 909
251 962
252 337
252 418
252 534
252 644
252 744
252 801
252 852
252 875
253 306
253 314
253 404
253 469
253 677
253 704
253 758
253 786
253 790
253 817
253 881
253 948
254 261
254 332
254 338
254 578
254 592
254 732
254 814
254 822
254 967
254 980
255 302
255 352
255 409
255 447
255 508
255 522
255 607
255 674
255 766
255 846
255 863
256 392
256 410
256 416
256 477
256 543
256 663
256 929
257 274
257 342
257 938
258 382
258 396
258 398
258 442
258 562
258 570
258 680
258 851
259 653
259 959
260 287
260 289
260 452
260 460
260 489
260 707
260 725
260 773
260 960
261 349
261 466
261 473
261 853
261 862
261 980
261 983
262 341
262 367
262 387
262 458
262 550
262 617
262 654
262 694
262 749
262 807
262 874
262 881
263 268
263 338
263 631
263 678
263 762
263 840
263 846
264 306
264 375
264 612
264 621
264 842
264 880
264 973
265 575
265 724
265 920
265 947
266 407
266 486
266 518
266 592
266 594
266 672
266 804
267 728
267 922
267 931
267 950
267 969
267 976
268 314
268 380
268 436
268 463
268 496
268 499
268 509
268 608
268 683
268 867
269 343
269 459
269 483
269 850
269 869
270 381
270 497
270 901
271 370
271 463
271 924
271 969
271 997
272 369
272 397
272 429
272 459
272 507
272 537
272 573
272 837
272 957
272 969
273 274
273 307
273 309
273 363
273 420
273 543
274 342
274 379
274 450
274 493
274 514
274 768
274 904
275 457
275 707
275 820
275 955
276 427
276 439
276 449
276 473
276 493
276 504
276 675
276 834
276 840
276 883
276 915
276 925
276 941
276 964
276 997
277 290
277 349
277 352
277 404
277 485
277 689
277 719
277 825
277 895
277 957
277 978
277 981
278 465
278 564
278 808
278 944
279 378
279 455
279 474
279 589
279 614
279 758
279 802
279 850
279 874
280 326
280 382
280 444
280 451
280 545
280 591
280 635
280 695
280 740
280 943
281 393
281 916
282 306
282 433
282 453
282 459
282 569
282 638
282 689
282 842
282 960
283 387
283 463
283 547
283 666
283 819
283 914
284 311
284 325
284 373
284 470
284 598
284 707
284 737
284 752
284 872
285 535
285 584
285 686
285 808
285 963
286 408
286 607
286 690
286 765
286 775
286 852
286 938
286 965
287 315
287 337
287 468
287 498
287 657
287 740
287 803
287 975
287 981
288 292
288 305
288 329
288 432
288 647
288 682
288 880
289 469
289 552
289 825
289 895
289 909
290 318
290 323
290 405
290 429
290 835
290 958
290 959
290 965
291 417
291 476
291 492
291 586
291 589
291 621
291 714
291 725
291 786
291 930
291 942
291 947
292 384
292 801
292 931
293 312
293 517
293 689
293 695
293 729
293 979
294 337
294 482
294 508
294 525
294 600
294 763
294 843
294 911
295 450
295 546
295 599
295 600
295 806
296 482
296 491
296 515
296 714
296 723
296 913
296 972
297 312
297 409
297 418
297 442
297 475
297 509
297 601
297 978
297 980
299 317
299 341
299 413
300 510
300 548
300 812
300 830
300 964
301 305
301 345
301 444
301 477
301 624
301 697
301 796
301 838
302 384
302 426
302 509
302 682
302 818
302 939
303 334
303 337
303 766
303 787
303 828
303 882
303 973
304 322
304 525
304 685
304 752
304 821
305 339
305 405
305 409
305 440
305 534
305 553
305 573
305 975
306 356
306 382
306 404
306 443
306 581
306 713
306 802
306 804
306 855
306 904
306 913
306 982
307 387
307 542
307 559
307 746
307 792
307 877
308 432
308 470
308 479
308 496
308 501
308 606
308 744
308 880
309 340
309 474
309 565
309 593
309 785
309 828
310 372
310 693
310 699
310 709
311 796
311 827
311 848
311 988
312 391
312 655
312 672
312 707
312 799
312 843
312 921
312 970
313 384
314 347
314 371
314 402
314 425
314 470
314 594
314 755
314 803
314 968
315 762
315 828
316 345
316 515
316 782
316 920
316 928
317 539
317 641
317 730
317 845
317 864
317 887
318 330
318 389
318 528
318 578
318 652
318 668
318 938
318 991
319 379
319 552
319 570
319 652
319 831
320 629
320 681
320 722
320 737
320 799
320 819
320 851
320 953
321 491
321 524
321 536
321 561
321 848
321 911
322 336
322 425
322 478
322 500
322 688
323 389
323 664
324 405
324 482
324 565
324 602
324 637
324 652
324 772
324 775
324 779
324 841
324 911
324 963
325 437
325 591
325 601
325 659
325 670
325 692
325 860
325 864
325 968
325 973
326 360
326 370
326 496
326 924
326 949
327 350
327 353
327 366
327 551
327 621
327 641
327 658
327 710
327 727
327 761
327 785
327 789
327 819
328 676
328 847
328 889
329 368
329 658
329 816
329 818
329 907
329 949
330 484
330 487
330 597
330 796
330 801
330 833
330 847
330 908
331 360
331 361
331 398
331 494
331 571
331 632
331 728
331 892
331 918
331 956
331 957
332 359
332 370
332 406
332 499
332 630
332 732
332 765
332 832
332 912
332 920
333 357
333 425
333 443
333 522
333 527
333 899
334 527
334 554
334 573
334 671
334 690
334 729
334 825
334 839
335 465
335 689
335 711
335 994
336 507
336 588
336 594
336 728
336 883
336 979
336 997
337 458
337 496
337 510
337 561
337 788
337 891
338 398
338 451
338 561
338 710
338 822
338 836
339 772
339 799
339 950
339 973
339 989
340 368
340 481
340 517
340 530
340 611
340 680
340 690
340 724
340 859
340 977
341 417
341 525
341 651
341 763
341 775
341 860
342 480
342 489
342 548
342 557
342 631
342 677
342 699
342 704
342 768
342 945
343 578
343 615
343 912
343 960
343 961
344 395
344 430
344 981
344 989
345 568
345 599
346 478
346 543
346 670
346 700
346 824
346 850
346 865
346 951
346 961
347 467
347 651
347 739
347 805
347 969
347 993
348 400
348 512
348 527
348 542
348 594
348 680
348 808
348 852
349 383
349 409
349 653
349 677
349 820
349 846
349 897
350 368
350 393
350 409
350 535
350 618
350 840
351 355
351 600
351 713
351 895
352 429
352 437
352 472
352 564
352 674
352 702
352 774
353 374
353 419
353 704
353 777
353 798
353 921
354 514
354 545
354 599
354 657
355 672
355 699
355 776
355 891
356 596
356 604
356 808
356 879
356 928
356 940
356 992
357 362
357 692
357 801
357 889
357 921
357 961
358 551
358 649
358 780
358 830
358 862
358 901
358 923
359 501
359 508
359 516
359 635
359 711
359 981
360 448
360 497
360 527
360 600
360 691
360 753
360 850
360 996
361 523
361 879
361 880
361 893
361 940
361 953
361 956
362 550
362 685
362 698
362 719
362 837
363 489
363 511
363 594
363 634
363 672
363 990
364 569
364 662
364 770
364 996
365 478
365 691
365 709
365 939
366 453
366 675
366 905
367 388
367 861
368 457
368 585
368 831
368 849
368 953
369 485
369 510
369 599
369 622
369 651
369 655
369 847
369 938
370 479
370 485
370 838
370 889
370 929
370 980
371 538
371 600
371 652
371 885
372 537
372 607
372 826
372 877
372 889
372 898
372 943
373 447
373 449
373 643
373 661
373 690
373 904
373 978
374 378
374 385
374 477
374 666
374 724
375 427
375 453
375 483
375 551
375 562
375 652
375 736
375 980
376 423
376 626
376 953
377 400
377 574
377 614
377 658
377 699
377 708
377 852
377 925
378 427
378 746
378 758
378 764
378 775
378 877
379 413
379 428
379 582
379 735
379 764
379 798
379 968
380 606
380 910
380 996
381 406
381 716
381 734
381 774
381 794
382 427
382 475
382 479
382 786
382 832
382 879
382 958
383 523
383 600
383 653
383 659
383 694
383 709
383 739
383 899
383 972
383 976
384 635
384 686
384 883
384 919
385 424
385 593
385 627
385 757
385 758
386 454
386 477
386 546
386 622
386 642
386 754
386 822
386 977
387 491
387 517
387 577
387 631
387 643
387 722
387 765
387 793
387 870
388 440
388 613
388 629
388 707
388 708
388 735
388 737
388 746
389 577
389 581
389 613
389 732
389 844
389 921
389 928
390 809
390 968
390 971
391 723
391 910
392 460
392 481
392 528
392 556
392 770
392 786
392 905
392 976
392 985
393 406
393 463
393 537
393 614
393 697
393 766
393 824
393 904
393 912
393 971
394 705
394 738
394 778
394 964
395 406
395 477
395 662
395 709
396 413
396 449
396 694
396 705
396 828
396 952
397 471
397 476
397 485
397 576
397 590
397 679
397 724
397 846
397 864
398 415
398 461
398 506
398 694
398 787
398 894
399 412
399 530
399 635
399 717
399 830
399 844
400 728
400 742
400 781
400 785
400 916
401 484
401 532
401 577
401 581
401 677
401 712
401 868
401 961
402 422
402 452
402 488
402 808
402 835
402 894
402 939
402 940
403 450
403 686
403 723
403 784
403 866
404 465
404 478
404 501
404 526
404 579
404 980
404 984
405 499
405 507
405 638
405 693
406 478
406 493
406 616
406 678
406 775
406 928
406 933
407 413
407 545
407 635
407 691
407 732
407 847
407 877
407 931
408 466
408 575
408 696
408 744
408 892
408 998
409 439
409 611
409 640
409 649
409 685
409 803
409 827
410 462
410 466
410 481
410 648
410 719
410 727
410 940
411 765
412 558
412 600
412 639
412 669
412 854
412 903
412 977
413 459
413 542
413 640
413 759
413 848
413 928
414 469
414 513
414 553
414 925
415 480
415 587
415 602
415 604
415 612
415 791
415 917
415 953
416 542
416 627
416 725
416 848
416 865
416 939
416 979
417 473
417 514
417 519
417 706
418 604
418 606
418 638
418 767
418 960
419 478
419 528
419 552
419 800
419 945
419 969
420 669
420 746
420 893
421 513
421 516
421 683
421 809
421 904
422 778
422 886
422 927
423 476
423 481
423 559
423 566
423 699
423 732
423 733
423 779
423 826
423 868
423 875
424 501
424 655
424 702
424 705
424 782
425 623
425 694
425 871
426 428
426 550
426 575
426 783
426 791
426 822
426 915
426 916
426 952
427 428
427 452
427 472
427 582
427 639
427 954
427 971
427 988
428 470
428 471
428 545
428 565
428 705
428 718
428 834
428 854
429 443
429 468
429 577
429 673
429 707
429 709
429 970
430 450
430 478
430 506
430 572
430 759
431 436
431 506
431 594
432 535
432 638
432 653
432 681
432 776
432 881
432 929
433 650
433 913
433 938
433 947
434 449
434 700
434 732
434 817
434 887
435 455
435 563
435 582
435 865
435 901
435 905
435 981
436 688
436 722
436 769
436 794
436 829
436 896
436 992
437 458
437 466
437 480
437 554
437 559
437 632
437 911
438 462
438 603
438 662
439 744
439 813
439 850
440 503
440 506
440 652
440 762
440 777
440 860
441 474
441 673
441 906
442 458
442 468
442 482
442 516
442 519
442 630
442 676
442 688
442 717
442 904
442 920
442 969
443 527
443 554
443 657
443 804
443 859
443 896
444 456
444 555
444 585
444 631
444 748
444 826
444 888
444 971
444 997
444 999
445 509
445 643
445 727
445 733
445 831
445 867
445 921
446 571
446 604
446 913
446 919
446 991
447 455
447 684
447 693
448 503
448 738
448 755
448 769
449 466
449 496
449 517
449 543
449 729
450 478
450 515
450 646
450 710
450 795
450 865
450 960
451 517
451 648
451 652
451 688
451 741
451 872
451 972
452 486
452 499
452 529
452 622
452 679
452 685
452 795
452 875
452 956
452 985
453 549
453 559
453 572
453 603
453 690
453 754
453 862
454 542
454 662
454 711
454 916
455 564
455 578
455 881
456 481
456 488
457 480
457 501
457 856
457 964
458 623
458 700
458 730
458 790
458 805
458 825
458 850
458 970
459 462
459 483
459 541
459 543
459 583
459 746
459 776
459 787
459 854
460 462
460 473
460 537
460 877
461 518
461 732
461 795
462 560
462 569
462 620
462 625
462 650
462 651
462 653
462 668
462 801
462 815
462 919
462 925
462 950
463 604
463 960
464 516
464 657
464 801
464 846
464 903
465 800
466 527
466 574
466 576
466 654
466 702
466 717
466 819
467 658
467 928
468 473
468 518
468 556
468 655
468 743
468 879
468 893
468 919
468 971
468 989
469 782
469 826
469 828
469 857
469 859
469 947
470 738
471 494
471 613
471 735
471 741
471 773
471 982
472 515
472 555
472 567
472 571
472 780
472 868
472 916
472 974
473 565
473 658
473 737
473 805
473 845
473 867
473 884
474 521
474 566
474 654
474 750
474 930
475 531
475 585
475 690
476 646
477 688
477 766
478 528
478 572
478 650
478 677
478 748
478 952
479 481
479 665
479 748
480 500
480 503
480 504
480 604
480 833
480 888
481 660
481 687
481 818
481 898
482 660
482 741
482 833
482 899
483 557
483 710
483 859
483 953
483 991
484 653
484 742
484 850
484 918
484 958
485 491
485 562
485 625
485 714
485 725
485 870
486 611
486 768
486 791
486 908
486 933
487 506
487 550
487 576
487 781
487 889
487 993
488 585
488 623
488 761
488 861
488 907
489 590
489 608
489 667
490 683
490 695
490 796
490 803
490 889
491 691
491 861
491 965
491 980
492 497
492 598
492 632
492 846
492 921
493 706
493 880
493 885
493 939
494 788
494 827
494 931
495 626
495 728
495 864
495 885
496 602
496 710
496 797
496 828
497 560
497 569
497 787
497 821
497 863
497 884
498 631
498 645
498 767
498 882
498 915
499 621
499 625
499 636
499 930
500 587
500 647
500 715
500 744
500 780
500 971
501 546
501 652
501 675
501 966
502 514
502 527
502 590
502 663
502 697
502 782
502 812
503 570
503 663
503 852
504 521
504 585
504 589
504 590
504 648
504 746
504 814
505 537
505 552
505 582
505 598
505 897
506 590
506 626
506 645
506 656
506 908
507 515
507 529
507 683
507 737
507 778
507 898
507 938
507 980
507 999
508 580
508 672
509 687
509 688
509 823
509 864
509 883
509 907
509 962
509 981
510 592
510 653
510 729
510 832
510 866
511 876
511 960
512 534
512 704
512 963
512 966
513 550
513 636
513 783
514 517
514 526
514 529
514 551
514 663
514 793
514 954
515 533
515 534
515 545
515 674
515 837
515 853
515 984
516 578
516 752
516 756
516 868
516 983
517 556
517 568
517 583
517 898
518 563
518 733
518 967
518 986
519 584
519 625
519 663
519 709
519 749
519 765
519 779
519 825
519 889
520 594
520 610
520 821
520 852
521 557
521 613
521 787
521 850
521 906
522 546
522 611
522 683
522 725
522 896
522 944
523 606
523 688
523 794
523 813
523 961
524 533
524 539
524 654
524 750
524 810
525 708
525 748
526 603
526 686
526 845
526 915
526 938
527 574
527 575
527 657
527 660
527 867
527 895
528 551
528 571
528 674
528 675
528 727
528 766
528 907
528 964
529 601
529 757
529 781
529 902
529 911
530 706
530 786
530 836
530 948
531 746
531 750
531 776
531 887
532 567
532 617
532 778
532 834
532 934
533 667
533 712
533 836
533 855
534 681
534 702
534 820
534 833
534 994
535 539
535 583
535 603
535 685
535 741
535 783
536 624
536 646
536 677
536 716
536 787
536 831
537 559
537 583
537 602
537 616
537 828
537 911
537 986
538 547
538 567
538 593
538 657
538 669
538 711
538 775
538 834
538 896
539 740
539 759
539 818
540 555
540 584
540 596
540 623
540 632
540 635
540 715
540 721
540 903
541 606
541 615
541 646
541 817
541 827
542 744
542 787
542 816
542 941
543 565
543 591
543 885
543 928
543 966
544 627
544 705
544 782
544 795
544 830
544 912
545 576
545 650
545 681
545 773
545 804
545 822
545 970
546 552
546 825
546 872
546 913
546 994
547 625
547 637
547 667
547 734
547 812
547 877
547 970
547 981
547 996
548 619
548 741
548 778
548 872
548 943
548 952
549 570
549 582
549 603
549 642
549 661
549 829
549 966
550 589
550 596
550 889
550 933
550 940
550 996
551 556
551 657
551 660
551 878
551 965
552 609
552 633
552 733
552 873
553 653
553 703
553 705
553 824
553 877
553 958
554 630
554 686
554 716
554 770
554 798
554 811
555 730
555 870
555 923
556 572
556 633
556 728
556 770
556 856
556 929
557 565
557 626
557 640
557 651
557 790
557 897
557 947
557 959
558 564
558 839
559 563
559 773
560 790
560 855
561 569
561 793
562 644
562 691
562 742
563 592
563 682
563 769
563 874
564 654
564 696
565 675
565 685
565 781
565 831
565 840
565 853
565 943
565 953
566 693
566 720
566 753
566 771
566 811
566 972
567 831
568 615
568 672
568 732
568 744
568 881
568 985
569 594
569 912
569 955
570 779
570 817
570 834
570 872
571 597
571 633
571 646
571 853
571 929
572 588
572 691
572 816
572 946
573 587
573 601
573 890
574 899
575 606
575 751
575 911
576 622
576 850
577 796
577 797
577 806
577 914
577 930
577 979
578 690
578 779
578 789
579 705
579 874
581 785
581 938
581 998
582 811
582 853
582 874
582 948
583 610
583 787
583 848
583 937
583 944
583 968
584 597
584 642
584 909
584 955
585 735
585 879
585 880
586 671
586 776
587 622
587 702
587 849
587 853
587 968
588 696
588 850
588 930
588 938
588 960
588 993
589 639
589 777
589 958
590 594
590 604
590 610
590 980
591 824
591 860
591 913
591 960
592 629
592 762
592 925
592 942
592 953
593 616
593 618
593 718
593 731
593 792
593 809
593 901
594 780
594 851
594 856
594 975
595 604
595 658
595 678
595 726
595 765
595 866
596 700
596 760
596 923
596 986
597 860
597 911
597 933
597 962
598 756
598 880
598 899
599 654
599 686
600 763
600 806
600 908
601 662
601 755
601 777
602 768
602 806
602 848
602 880
603 622
603 727
603 820
603 859
603 927
603 996
604 749
604 757
604 781
604 938
605 733
605 985
606 659
606 753
607 713
608 664
608 694
608 779
608 794
608 827
608 843
608 937
608 974
608 991
609 623
609 698
609 751
609 877
609 956
610 668
610 797
610 928
611 644
611 845
611 887
612 644
612 736
612 840
612 850
613 762
613 885
613 888
613 944
614 701
614 751
614 789
614 806
614 823
615 640
615 808
615 854
615 917
615 932
616 772
616 806
616 831
616 910
617 645
617 693
617 837
617 863
617 900
618 901
618 910
618 959
618 963
619 758
619 938
620 658
620 802
620 853
620 869
620 875
620 882
620 891
620 895
620 907
620 985
621 690
621 736
621 797
622 697
622 702
622 767
622 782
622 912
623 755
623 781
623 825
624 731
624 743
624 879
624 912
625 672
625 708
625 842
625 843
625 906
626 730
626 775
626 796
626 900
626 909
626 926
626 982
627 694
627 696
627 785
627 873
627 912
628 645
628 666
628 725
629 732
629 921
629 994
630 792
630 854
631 768
631 769
631 857
631 886
632 770
632 829
633 745
633 824
633 898
633 936
633 941
634 682
634 719
634 729
634 832
634 944
635 659
635 686
635 697
635 718
635 728
635 733
635 899
635 977
636 646
636 907
637 667
637 776
637 779
637 780
637 918
637 940
639 643
639 831
639 913
639 948
640 734
640 823
640 840
640 952
641 824
641 850
641 869
641 925
642 728
643 655
643 668
643 864
643 905
644 734
645 683
646 705
646 756
646 782
646 907
646 968
647 709
647 838
647 891
648 717
648 770
648 790
648 874
649 677
649 737
649 812
649 867
650 719
650 817
650 940
651 679
651 738
651 849
651 865
651 893
652 797
652 857
653 968
654 749
654 764
654 971
655 805
656 700
656 725
656 833
656 911
656 951
656 980
657 837
657 856
657 860
657 977
658 684
658 693
658 710
658 729
658 754
661 717
661 753
661 760
661 862
661 884
662 688
662 920
662 943
663 733
663 850
664 964
664 986
665 717
666 690
667 678
667 710
667 767
667 892
667 894
667 896
667 946
668 687
669 770
669 918
670 764
670 792
670 921
671 778
671 849
671 961
672 961
672 982
673 675
673 842
673 904
673 992
674 955
675 807
675 827
677 962
678 689
679 691
679 856
679 998
680 719
680 736
680 753
680 786
681 861
681 876
682 683
682 819
682 952
683 890
684 754
684 929
684 993
684 996
685 730
685 768
685 776
685 902
685 915
685 993
686 777
686 807
686 845
687 831
687 897
687 976
688 725
688 839
688 919
688 947
688 963
689 840
689 876
689 978
690 692
690 814
690 895
690 965
690 972
691 718
691 809
691 886
692 729
692 795
692 889
694 927
694 964
694 974
694 994
695 834
695 852
695 881
695 912
695 962
696 767
696 804
696 917
696 932
697 818
697 823
697 973
698 716
698 960
699 779
700 935
700 965
700 986
701 723
702 715
703 968
703 974
703 976
703 998
704 871
704 917
704 969
705 712
705 755
705 853
705 878
705 888
706 753
706 871
706 875
707 829
707 834
707 942
708 736
708 752
708 968
708 978
709 881
709 887
710 910
710 926
711 759
711 911
712 722
712 735
712 769
712 859
712 937
712 940
713 929
713 992
714 717
714 922
714 964
715 767
715 832
715 841
715 868
715 931
715 956
716 815
716 842
716 880
717 757
718 847
719 733
719 966
720 773
721 764
721 957
721 991
723 752
723 881
724 799
726 785
726 957
726 975
727 880
727 979
728 824
728 975
729 787
729 789
729 908
730 792
730 911
730 916
731 749
731 802
731 938
731 981
732 787
732 908
732 941
733 814
733 819
733 826
733 933
733 949
734 739
734 806
734 951
735 760
735 872
735 895
736 841
736 890
737 817
738 758
738 779
738 800
738 902
739 810
740 821
741 849
741 874
741 889
741 907
741 959
741 972
742 762
742 845
742 962
743 754
743 893
743 923
743 994
745 783
745 835
745 839
745 905
745 924
745 925
746 760
746 771
746 816
747 768
747 815
747 916
747 951
747 990
748 875
748 958
749 822
749 901
750 873
750 894
750 921
751 845
751 860
751 965
752 770
752 775
752 799
752 801
752 963
753 780
753 885
753 973
754 814
754 850
754 863
754 903
754 933
754 984
754 996
755 777
755 939
755 955
756 801
757 805
757 817
757 901
757 969
757 991
758 843
758 873
758 908
758 997
759 838
760 889
761 940
762 797
762 798
762 896
762 907
762 912
762 962
763 891
764 814
764 967
764 998
765 930
765 962
766 767
766 817
766 861
766 959
767 771
767 835
768 775
768 911
768 969
769 812
769 900
769 978
770 794
770 796
770 841
772 792
772 856
772 865
772 926
772 988
773 799
773 815
773 844
773 917
773 935
774 852
774 894
774 930
774 952
775 990
776 790
776 841
777 811
777 987
778 866
778 892
779 785
780 837
780 867
780 968
781 782
782 892
782 968
782 977
783 815
783 843
783 978
784 883
785 905
785 969
785 976
786 865
786 927
787 909
788 820
788 917
790 839
790 966
790 998
791 889
792 805
792 874
792 917
793 800
794 825
794 893
794 918
795 818
795 865
795 896
796 807
796 850
796 949
797 922
798 850
798 925
798 973
798 990
800 810
800 846
800 879
800 918
800 944
801 975
802 993
803 849
803 917
804 891
805 819
805 878
805 895
806 869
806 878
806 936
807 974
808 853
808 856
808 869
808 936
808 989
809 822
809 894
810 823
810 967
811 874
811 963
811 977
812 887
812 919
812 979
814 977
816 910
819 975
820 885
820 973
821 905
823 869
823 888
823 895
823 935
824 900
824 920
824 946
825 923
825 942
825 955
826 913
827 891
827 948
827 995
828 891
828 948
829 858
829 975
830 849
831 895
832 982
833 847
833 896
834 848
834 939
834 963
835 971
837 882
837 936
837 996
839 992
840 867
840 930
841 863
841 891
843 949
843 982
844 891
844 922
844 980
844 983
844 997
846 937
847 874
847 960
847 966
847 986
849 866
849 910
849 916
851 963
852 885
852 987
852 995
853 863
853 930
854 879
854 911
855 888
857 902
857 974
858 913
858 918
859 907
859 943
859 946
859 955
862 895
862 973
864 932
866 919
867 988
869 954
870 933
870 969
871 914
871 924
874 993
875 983
876 969
878 987
879 987
881 955
882 959
883 982
886 975
887 902
887 966
887 978
887 979
888 935
888 950
889 890
889 939
889 951
890 944
890 946
892 929
892 948
893 977
896 922
896 963
896 990
897 899
897 919
897 996
898 904
898 912
899 960
899 980
899 985
902 942
902 982
902 991
903 981
904 944
904 985
905 972
906 949
906 986
907 994
908 929
909 930
910 942
910 964
912 952
912 966
913 918
914 952
915 942
916 925
918 959
918 991
919 943
922 960
922 994
924 939
926 963
927 986
928 959
928 995
928 996
929 998
930 944
930 967
931 941
933 964
933 971
934 972
934 986
936 981
937 967
938 995
940 997
941 962
945 979
948 961
951 983
952 996
954 994
960 989
961 992
967 987
971 985
978 998