1000
495
0 537
0 704
1 382
2 617
3 436
3 775
3 849
6 512
6 676
7 957
8 336
8 452
10 454
10 786
10 968
11 554
11 911
14 588
14 654
19 239
20 207
20 953
22 885
26 112
26 848
27 115
29 982
30 217
30 687
31 276
33 977
35 312
35 342
36 211
36 439
39 348
39 419
39 680
39 915
40 136
40 289
40 937
43 61
43 224
43 348
45 647
45 830
46 53
46 436
46 964
47 756
47 814
48 97
48 433
50 450
53 317
53 322
54 866
55 345
55 727
55 832
57 498
58 378
58 762
60 91
61 318
61 426
61 451
63 225
63 307
64 279
65 243
66 416
66 996
67 160
68 608
72 587
74 557
78 563
80 681
84 990
85 241
85 970
87 220
89 143
93 712
95 183
97 273
99 263
99 478
100 668
100 704
102 374
102 675
103 807
105 290
106 760
106 872
107 465
107 873
108 407
108 944
108 972
109 230
109 706
111 874
115 201
119 667
120 701
121 596
123 971
124 338
126 398
127 931
129 237
130 157
130 943
131 271
131 471
134 272
138 960
143 722
143 829
144 310
145 782
145 906
146 161
146 641
147 219
147 428
147 473
147 565
148 272
148 440
149 362
150 399
151 230
153 629
157 222
157 660
158 802
159 494
159 729
159 835
160 263
163 697
163 893
164 278
165 795
166 392
166 619
167 422
167 628
168 339
168 550
168 686
170 993
172 195
173 551
173 737
173 975
174 990
176 682
177 924
178 641
178 974
180 413
180 438
182 481
186 863
189 612
190 219
190 476
190 516
191 745
191 927
192 910
195 678
195 862
196 950
200 448
201 309
202 805
202 871
202 880
203 286
205 236
206 624
211 773
211 876
211 924
213 348
213 841
214 533
214 562
215 660
215 856
217 312
221 642
223 829
225 312
228 345
230 264
231 281
231 723
232 500
236 683
237 929
240 497
240 645
240 883
240 937
245 347
248 331
248 342
249 576
249 816
250 306
251 522
253 483
254 326
254 500
257 345
258 525
261 822
263 995
265 825
265 826
266 328
267 353
269 841
272 657
274 399
276 898
277 897
279 366
280 869
282 366
283 586
284 380
285 313
286 783
288 776
289 957
290 570
291 307
291 720
292 408
295 381
296 564
298 661
298 801
301 728
302 630
306 858
307 777
308 912
310 402
310 497
312 851
313 440
313 992
314 455
314 738
315 801
316 577
317 463
317 478
320 591
321 532
325 635
327 754
330 565
332 968
333 973
334 674
337 511
337 569
340 451
340 722
342 688
344 347
344 488
345 803
348 767
349 886
354 440
354 578
354 920
355 883
355 886
356 678
356 863
357 714
357 886
358 448
358 528
358 936
360 721
361 628
363 390
364 750
365 998
367 633
371 662
374 377
374 807
375 524
375 601
375 743
378 383
379 549
379 985
383 490
383 566
383 666
384 919
387 787
388 713
389 777
392 655
392 755
393 669
395 965
397 835
399 418
399 842
402 443
402 662
404 921
404 940
405 562
407 612
407 786
407 992
407 996
411 643
414 873
415 873
419 687
420 592
421 549
421 660
421 837
429 903
429 997
436 454
436 544
441 703
441 850
442 478
443 801
446 570
448 836
450 973
450 989
454 606
456 630
456 865
458 475
458 871
459 536
459 758
459 861
462 939
463 529
466 669
467 980
470 700
470 714
479 772
480 734
480 990
481 566
481 859
483 690
487 682
487 891
487 938
489 773
489 956
491 748
491 811
492 520
494 987
497 718
504 560
505 709
505 712
510 798
510 902
511 843
515 961
516 544
518 898
520 961
524 625
524 635
525 673
526 679
527 881
534 871
537 655
537 779
538 590
538 866
541 604
543 945
546 806
554 576
554 683
555 708
556 851
562 875
563 824
565 936
565 946
565 986
566 990
570 937
571 653
572 999
573 690
576 793
578 579
579 811
579 900
579 985
583 953
587 759
591 853
595 627
601 741
604 737
605 756
607 775
610 877
611 650
614 745
615 974
616 725
622 854
626 717
638 701
638 924
643 767
643 945
654 750
656 731
656 969
657 855
657 861
658 939
665 742
667 921
667 970
670 802
670 949
671 874
672 719
696 772
696 798
698 950
699 764
700 984
702 813
705 915
708 849
713 716
714 969
715 798
716 721
718 733
720 895
721 970
747 855
749 900
752 820
755 859
755 979
775 812
783 951
792 912
798 901
803 893
804 812
833 891
854 950
876 954
884 971
903 967
942 995
953 999
966 994
974 989