100
514
0 17
0 20
0 22
0 37
0 47
0 51
0 60
0 91
0 94
1 2
1 3
1 5
1 10
1 34
1 36
1 64
1 71
1 73
2 22
2 23
2 27
2 28
2 32
2 45
2 63
2 91
2 92
2 94
2 98
3 9
3 19
3 38
3 41
3 57
3 92
4 10
4 30
4 54
4 77
4 81
5 6
5 31
5 33
5 39
5 47
5 58
5 62
5 68
5 73
5 88
5 90
5 91
6 24
6 26
6 44
6 49
6 50
6 52
6 61
6 63
6 82
7 23
7 44
7 51
7 54
7 59
7 60
7 80
7 84
7 92
7 96
8 11
8 20
8 21
8 24
8 33
8 40
8 44
8 46
8 48
8 61
8 64
8 72
8 84
8 94
8 96
9 14
9 20
9 28
9 37
9 47
9 60
9 62
9 71
9 78
9 85
9 93
10 21
10 27
10 28
10 33
10 36
10 56
10 66
10 77
10 80
10 90
10 98
11 22
11 25
11 40
11 47
11 64
11 66
11 78
11 88
12 25
12 34
12 48
12 49
12 61
12 72
12 89
13 16
13 19
13 23
13 44
13 60
13 67
13 80
13 83
13 97
13 99
14 18
14 24
14 36
14 40
14 44
14 70
14 82
14 83
15 23
15 41
15 45
15 51
15 53
15 62
15 63
15 67
15 78
16 28
16 30
16 39
16 43
16 56
16 58
16 76
16 83
16 84
17 24
17 27
17 32
17 33
17 45
17 51
17 62
17 79
18 20
18 27
18 34
18 36
18 37
18 39
18 43
18 55
18 58
18 67
18 77
19 28
19 31
19 50
19 54
19 56
19 69
19 78
20 35
20 40
20 42
20 45
20 68
20 74
20 91
20 94
21 22
21 32
21 36
21 40
21 45
21 46
21 52
21 53
21 56
21 58
21 77
21 85
21 97
22 29
22 44
22 66
22 86
23 32
23 40
23 58
23 77
23 82
23 85
23 86
23 87
23 89
24 36
24 41
24 62
24 65
24 87
24 88
24 99
25 30
25 34
25 41
25 43
25 60
25 86
26 31
26 56
26 57
26 62
26 77
26 93
27 29
27 74
27 80
28 30
28 37
28 72
28 77
28 80
28 87
29 58
29 64
29 71
29 72
30 44
30 49
30 52
30 59
30 93
30 94
31 43
31 51
31 68
31 71
31 76
31 83
32 67
32 68
32 78
32 80
33 37
33 38
33 43
33 62
33 76
33 77
34 55
34 56
34 60
34 61
34 67
34 90
34 95
35 52
35 71
35 79
35 97
36 39
36 49
36 55
36 57
36 59
36 83
36 91
37 44
37 45
37 49
37 66
37 81
37 83
37 86
37 91
38 39
38 57
38 59
38 69
38 76
38 77
38 78
39 40
39 45
39 52
39 65
39 68
39 77
39 80
39 87
39 88
40 52
40 56
40 59
40 67
40 71
40 73
40 80
40 95
41 49
41 61
41 77
41 79
41 91
41 96
42 45
42 55
42 80
42 90
42 95
43 54
43 65
43 81
43 96
44 49
44 96
45 46
45 82
45 92
46 53
46 55
46 56
46 60
46 67
46 72
46 74
46 86
46 94
47 51
47 53
47 83
47 92
48 53
48 86
48 87
48 91
48 99
49 57
49 63
49 82
49 83
50 52
50 58
50 68
50 77
50 82
50 84
50 89
50 97
51 59
51 73
51 84
51 92
51 93
51 95
52 59
52 72
52 81
52 96
53 58
53 64
53 89
54 73
54 74
54 78
54 89
55 61
55 67
55 73
55 77
55 79
55 86
55 90
55 96
55 98
55 99
56 73
56 74
56 88
56 89
56 95
56 98
57 61
57 66
57 67
57 77
57 81
57 93
58 78
59 60
59 62
59 63
59 67
59 74
59 76
59 78
59 80
59 94
59 96
60 77
60 96
60 97
61 63
61 66
61 71
61 73
61 85
61 94
62 64
62 67
62 73
62 83
62 86
62 96
63 65
63 79
63 80
63 86
64 82
64 86
65 67
65 68
65 79
65 83
65 84
65 99
66 67
66 69
66 78
66 89
66 90
66 95
67 72
67 80
67 99
68 72
68 86
68 93
69 89
69 94
70 71
70 77
70 86
70 87
70 99
71 90
71 91
71 96
72 83
73 76
73 86
73 88
73 98
74 82
74 88
74 95
75 76
75 86
75 92
75 94
76 81
76 82
76 87
76 89
76 90
77 78
78 79
78 87
78 93
79 97
80 99
82 93
83 86
84 94
84 99
85 86
86 94
87 88
88 95
89 92
89 94
90 96
91 98
92 98
92 99
93 98
95 96
95 99
96 98
98 99