1000
489
0 636
0 838
0 989
2 127
2 279
3 487
4 840
8 949
10 214
10 369
10 635
11 753
14 767
15 88
15 461
15 698
17 458
17 664
19 196
21 329
21 342
21 499
21 996
24 568
27 579
27 894
27 965
31 544
31 602
34 964
38 246
38 523
40 675
40 912
41 503
42 439
44 248
45 835
46 774
48 604
50 453
50 571
50 666
54 480
55 843
55 992
56 434
56 560
57 514
58 342
58 645
60 570
60 875
62 171
62 681
62 928
63 926
64 817
65 666
66 356
67 889
68 233
69 166
74 384
77 649
79 653
79 815
80 940
81 404
83 410
83 420
83 483
87 562
87 845
88 741
88 977
90 216
90 440
91 158
93 424
93 586
95 125
97 905
98 259
98 865
99 864
100 831
101 694
101 769
107 975
108 982
109 799
113 897
114 668
114 837
114 930
115 334
116 897
117 905
118 301
118 514
119 372
119 395
120 333
121 240
121 933
122 241
123 284
123 750
124 383
125 393
125 902
125 974
126 661
127 791
128 752
130 195
131 922
133 701
134 139
134 345
135 170
136 607
136 632
137 806
138 701
140 515
142 607
142 639
142 784
145 850
147 950
148 388
149 195
149 747
149 760
151 300
151 475
152 324
152 902
154 304
155 685
156 318
163 751
165 695
167 254
168 243
169 271
171 627
174 198
175 299
175 755
175 863
177 375
177 436
177 512
177 645
178 816
178 925
181 234
181 415
183 766
184 557
184 659
185 812
186 848
189 544
190 410
191 982
192 299
192 680
192 854
194 440
194 511
196 763
198 302
202 509
203 745
206 454
207 959
208 303
208 440
211 501
214 805
216 765
217 908
218 631
219 963
222 350
222 473
223 432
224 248
225 449
226 249
226 820
227 773
230 235
230 815
231 432
231 857
237 450
238 361
239 848
242 308
242 866
243 461
244 316
246 626
247 642
250 354
250 360
252 793
256 667
256 727
259 815
260 766
261 836
262 574
262 878
263 588
264 708
265 697
267 706
269 761
273 514
273 902
276 344
276 675
282 922
283 793
283 964
286 383
286 521
287 613
293 497
293 572
294 987
295 630
296 441
297 394
297 484
298 311
298 338
298 897
303 741
304 842
305 457
306 482
307 484
309 627
313 894
316 876
317 792
318 717
319 713
320 642
320 978
321 841
321 966
322 794
323 795
324 604
324 696
324 861
325 662
328 471
328 483
331 577
332 893
332 931
334 542
336 491
336 597
339 470
339 969
341 903
342 736
344 523
344 648
344 940
345 812
346 400
348 531
349 484
350 517
350 697
351 758
352 557
352 790
362 600
362 742
363 823
366 821
366 858
368 406
368 657
373 393
374 678
376 644
377 424
379 617
380 484
380 714
388 430
388 900
389 703
390 533
393 537
393 665
395 962
401 994
402 907
403 917
405 488
405 802
406 651
407 785
408 563
409 662
411 555
412 799
416 761
418 693
420 651
423 483
423 700
426 872
429 488
433 867
436 608
436 681
438 515
438 649
439 571
441 723
445 934
447 470
449 961
453 796
454 761
456 611
456 685
462 672
462 931
462 933
464 808
465 657
470 998
472 662
473 540
473 742
477 765
477 853
482 658
484 714
487 962
489 928
490 603
493 551
494 642
494 972
495 781
495 832
495 942
495 999
504 751
508 899
510 675
510 977
518 744
519 534
519 610
520 697
521 877
524 570
527 947
534 926
535 757
540 826
543 844
545 718
545 743
565 787
567 916
568 826
572 924
574 852
576 705
577 845
578 939
579 599
582 692
582 985
582 990
584 604
590 653
590 822
590 922
591 728
591 843
592 730
594 694
601 981
608 754
610 635
617 727
617 909
619 705
620 722
621 732
621 921
625 723
629 679
634 842
635 642
636 865
639 662
640 885
642 930
643 898
646 730
657 949
659 780
663 878
666 870
667 873
667 952
668 890
679 990
680 827
682 774
682 993
685 747
701 761
702 951
705 973
707 851
708 816
710 887
713 807
714 718
715 719
717 830
719 843
719 903
720 788
720 901
721 854
723 890
728 839
731 847
731 851
732 872
738 921
740 852
740 896
743 835
743 864
747 987
748 765
748 771
750 936
757 913
771 934
778 864
781 828
783 959
786 790
794 852
800 879
811 996
817 885
817 912
831 988
833 991
844 962
867 914
869 979
874 993
882 918
903 978
904 993
909 933
912 929
912 936
922 995
922 999
935 986
967 974