100
526
0 5
0 10
0 13
0 14
0 22
0 47
0 48
0 55
0 64
0 69
0 79
1 2
1 21
1 28
1 31
1 39
1 41
1 43
1 45
1 63
1 67
1 72
1 94
1 99
2 10
2 31
2 53
2 55
2 60
2 74
2 77
2 89
2 90
3 8
3 14
3 26
3 33
3 42
3 63
3 64
3 65
3 73
3 82
3 83
3 92
4 5
4 9
4 12
4 14
4 15
4 22
4 34
4 37
4 43
4 51
4 56
4 87
4 89
5 14
5 25
5 26
5 55
5 62
5 69
5 72
5 78
6 12
6 14
6 27
6 33
6 38
6 42
6 67
6 71
6 88
6 94
7 39
7 55
7 64
7 79
7 83
7 89
7 92
7 95
8 30
8 34
8 57
8 62
8 68
8 72
8 87
8 88
8 92
8 97
9 14
9 18
9 29
9 47
9 62
9 63
9 81
9 90
10 14
10 36
10 41
10 52
10 53
10 58
10 77
10 97
11 30
11 39
11 45
11 47
11 52
11 58
11 62
11 81
11 84
11 91
12 29
12 45
12 53
12 60
12 64
12 67
12 71
12 83
12 87
12 88
12 97
13 17
13 23
13 25
13 55
13 56
13 65
13 77
13 82
13 89
13 92
13 99
14 46
14 50
14 54
14 58
14 61
14 67
14 68
14 86
14 89
14 90
14 94
14 95
14 97
15 19
15 29
15 33
15 37
15 38
15 54
15 59
15 89
15 91
15 99
16 31
16 48
16 49
16 56
16 57
16 58
16 64
16 99
17 18
17 26
17 36
17 42
17 51
17 58
17 86
18 32
18 62
18 66
18 78
18 85
19 34
19 42
19 43
19 50
19 68
19 70
19 71
19 76
19 89
19 91
19 97
20 27
20 45
20 46
20 52
20 64
20 88
21 35
21 37
21 44
21 70
21 97
22 48
22 61
22 66
23 51
23 59
23 70
23 78
23 86
23 99
24 48
24 58
24 63
24 88
24 92
24 99
25 46
25 62
25 68
25 72
25 73
25 86
26 27
26 29
26 32
26 36
26 40
26 56
26 60
26 87
26 93
27 34
27 48
27 75
27 76
27 84
28 33
28 34
28 38
28 39
28 43
28 49
28 65
28 66
28 89
29 31
29 43
29 47
29 49
29 54
29 57
29 64
29 66
29 74
29 75
29 80
30 32
30 33
30 40
30 46
30 53
30 65
30 74
30 79
30 91
31 53
31 60
31 77
31 86
31 95
31 99
32 42
32 43
32 49
32 54
32 78
32 88
32 91
33 48
33 63
33 79
33 87
34 53
34 54
34 62
34 81
34 94
35 37
35 44
35 57
35 62
35 74
35 76
35 83
35 92
36 58
36 60
36 61
36 85
36 86
37 49
37 50
37 55
37 74
37 79
37 89
37 93
38 48
38 63
38 68
38 74
38 75
38 86
39 57
39 61
39 63
39 80
39 92
40 49
40 52
40 53
40 68
40 71
40 80
40 93
40 94
40 97
40 98
41 42
41 55
41 63
41 68
41 77
41 86
41 89
42 44
42 62
42 77
42 79
42 81
42 85
42 87
42 97
43 44
43 46
43 49
43 51
43 55
43 61
43 68
43 86
44 64
44 85
44 90
44 94
44 95
44 98
45 55
45 57
45 59
45 75
45 80
45 86
45 89
45 92
45 93
46 48
46 54
46 63
46 91
46 92
47 69
47 72
47 86
47 89
47 96
48 54
48 56
48 64
48 66
48 75
48 96
49 55
49 71
49 72
49 75
49 76
50 54
50 56
50 63
50 65
50 78
50 87
50 89
50 90
50 91
50 99
51 58
51 66
51 74
51 79
51 89
51 96
52 57
52 71
52 79
52 81
52 84
53 57
53 65
53 71
53 88
53 95
53 99
54 55
54 58
54 60
54 79
54 84
55 57
55 70
55 79
56 58
56 73
56 74
56 83
57 80
57 96
58 82
58 86
58 90
58 92
58 94
58 98
59 62
59 71
59 80
59 85
59 92
59 95
59 98
60 69
60 71
60 86
60 91
61 69
61 98
62 68
62 82
62 93
62 96
63 68
63 74
63 75
63 83
63 90
63 91
64 85
65 79
65 98
66 74
66 79
66 82
67 72
67 74
67 77
67 81
67 86
67 95
68 72
68 82
68 83
68 88
68 92
69 76
69 81
69 90
69 93
70 79
70 82
71 74
71 82
71 92
71 97
71 98
72 85
72 89
73 75
73 83
73 85
74 85
74 87
75 82
75 88
76 91
77 79
77 91
77 92
77 94
78 88
79 81
79 95
80 82
80 93
81 84
81 92
81 98
83 85
83 88
83 89
85 87
85 92
87 99
89 90
89 91
89 98
90 96
90 97
90 99
95 97