1000
514
0 855
6 41
6 220
6 594
6 911
7 341
7 777
8 254
9 854
9 894
9 953
10 299
11 157
12 796
12 878
13 443
14 74
14 165
15 355
16 354
19 379
20 819
21 479
22 820
24 838
25 585
25 889
27 452
27 747
28 84
28 737
30 445
30 483
31 254
31 693
32 279
33 63
33 137
35 369
35 415
35 471
36 401
36 441
36 506
37 754
38 628
38 668
39 737
39 853
39 875
40 164
40 972
42 637
43 64
44 302
44 476
45 183
45 395
46 587
46 837
46 899
47 356
48 214
49 566
50 410
51 751
52 970
55 219
57 754
59 104
61 832
62 252
62 737
64 473
65 192
66 206
68 819
69 292
71 148
71 939
72 496
72 627
75 966
76 109
76 595
78 731
79 617
83 530
84 672
84 794
85 372
85 449
85 493
85 849
86 586
88 177
88 909
91 373
93 173
95 166
96 548
96 772
98 211
99 146
99 821
100 635
100 968
101 403
102 153
103 283
104 188
104 300
104 632
104 723
105 116
105 178
106 215
107 640
109 850
110 626
110 938
111 211
111 981
112 215
113 806
114 605
114 648
115 641
116 341
116 483
117 487
117 820
119 200
119 691
119 867
119 894
121 518
121 619
122 859
123 522
124 165
126 439
127 322
127 979
132 196
132 593
133 170
133 805
135 344
135 665
136 897
137 313
137 359
138 266
139 489
143 169
143 175
144 572
144 863
146 261
146 416
146 419
149 304
150 610
151 515
155 211
156 456
157 630
160 321
160 322
160 468
160 596
161 259
164 262
164 907
165 381
169 501
169 570
170 571
173 507
173 659
174 651
175 563
177 478
178 691
181 986
182 200
182 766
182 918
184 935
185 532
187 537
190 389
191 232
193 260
194 765
195 559
195 651
195 901
196 399
197 833
198 551
200 778
202 242
202 364
203 224
203 590
204 334
206 208
208 430
208 821
209 520
210 768
210 778
210 845
212 571
215 653
215 665
219 643
221 908
224 815
226 389
227 912
228 449
230 537
233 368
233 945
234 393
234 553
235 734
235 747
238 339
239 973
242 627
243 275
243 842
244 324
245 461
246 290
249 518
251 793
253 925
254 836
256 268
256 468
256 644
257 776
258 281
258 999
259 409
260 303
260 697
262 906
263 528
265 428
267 385
267 628
268 773
270 857
272 681
275 874
276 567
276 685
278 780
280 764
282 553
283 509
283 873
285 389
285 910
286 950
288 692
288 980
291 385
292 955
293 395
294 547
295 361
296 745
297 945
298 585
298 885
299 527
299 827
300 437
301 886
304 485
306 516
309 621
310 831
311 415
312 415
314 349
314 638
315 491
315 851
316 436
316 587
317 383
318 795
320 368
322 858
323 876
326 706
326 906
330 769
331 720
331 907
333 479
334 472
334 734
336 982
338 586
340 443
343 591
344 437
346 822
347 367
348 567
350 440
351 985
352 580
353 749
355 615
356 756
358 392
359 551
360 717
362 748
362 974
367 392
369 557
374 684
376 408
376 659
376 884
378 495
378 587
378 616
379 979
381 652
383 473
386 644
388 458
388 643
389 888
390 394
390 887
391 751
391 798
392 721
394 988
395 948
397 586
398 872
400 623
401 717
403 972
409 596
409 846
412 664
419 891
420 954
421 604
421 872
425 981
426 586
427 581
428 573
428 966
432 626
433 913
435 835
435 966
436 543
436 769
439 813
441 696
442 692
443 518
444 929
447 817
449 870
450 610
453 762
453 876
455 657
464 534
464 680
465 513
467 610
467 818
468 498
469 655
474 856
476 893
478 956
485 494
488 753
490 615
494 705
494 851
496 978
497 694
499 777
500 582
503 640
503 948
505 553
506 543
507 510
513 991
518 978
518 985
519 979
521 758
522 853
524 668
525 710
527 734
529 949
530 543
531 879
532 636
533 813
536 633
545 578
546 878
561 983
565 677
567 699
577 824
578 626
583 829
584 696
587 817
587 834
587 943
590 943
594 880
597 966
612 928
613 842
613 972
622 668
623 957
627 925
630 634
633 831
634 664
641 933
644 695
648 716
649 883
655 826
657 952
663 835
669 707
672 771
676 945
679 741
682 807
687 884
688 742
693 699
695 731
697 951
713 857
715 743
717 745
718 798
722 807
725 948
727 902
730 874
730 965
733 930
737 741
737 779
738 765
738 853
740 846
741 820
747 999
751 808
752 827
752 835
755 756
756 890
758 922
760 885
760 951
768 864
773 796
775 882
784 818
797 885
800 964
801 808
804 808
807 809
811 967
826 934
839 876
854 976
863 919
874 877
897 922
902 928
903 956
906 957
909 931
911 928
933 947