1000
481
0 284
0 994
2 701
3 641
3 943
4 328
6 604
7 917
10 159
10 785
14 711
14 935
14 946
15 166
16 596
18 116
19 380
19 909
20 117
20 140
21 661
21 670
21 776
24 442
25 49
26 46
26 448
27 251
27 432
27 830
30 710
32 976
33 138
35 380
37 154
37 458
38 399
38 403
39 409
40 488
42 71
43 209
43 347
45 430
45 696
46 598
46 615
47 476
49 57
49 367
51 236
51 976
52 212
52 757
52 972
56 216
56 437
56 788
58 393
58 487
61 159
61 534
62 123
63 990
64 732
65 580
65 768
67 595
68 255
70 211
71 187
71 397
72 334
72 979
73 178
73 530
75 407
75 647
78 335
80 786
80 833
81 632
81 645
83 519
85 663
90 681
91 707
92 825
93 494
98 335
98 754
99 816
105 880
106 923
107 400
107 562
109 981
110 118
110 712
111 349
111 634
112 678
114 317
117 379
121 818
122 244
122 369
122 564
123 258
123 268
123 820
124 468
124 544
125 250
127 276
127 698
128 252
128 576
129 159
129 946
131 349
131 535
131 593
134 627
135 521
138 531
140 575
145 148
145 701
146 288
148 863
151 282
151 664
153 845
154 241
155 650
155 810
155 983
156 191
160 484
161 267
162 769
162 860
162 929
163 312
163 570
165 493
166 527
168 598
169 177
173 233
174 224
174 392
177 576
177 639
179 619
179 951
180 476
181 611
181 795
182 569
185 935
188 840
188 855
190 766
191 518
192 585
192 875
193 416
193 808
195 901
195 948
196 316
196 761
197 516
197 579
198 942
201 213
203 380
204 624
205 227
206 685
208 485
209 843
210 312
210 778
212 753
212 848
217 779
217 868
218 384
218 855
219 369
219 933
227 574
227 810
229 344
232 680
233 265
233 514
233 607
233 838
234 320
235 863
236 558
236 838
239 909
240 772
241 542
243 814
244 731
244 768
246 343
248 914
249 304
251 930
252 261
255 334
257 688
258 344
258 870
259 807
260 589
263 441
265 466
268 490
270 650
272 306
273 754
274 696
276 611
276 642
277 324
277 439
277 562
277 995
281 960
283 913
284 824
286 810
288 299
289 338
295 406
295 946
296 815
297 584
302 893
305 577
305 648
307 709
308 665
309 855
310 551
310 846
310 913
311 475
312 771
313 968
317 794
318 476
318 994
319 536
324 496
326 360
333 722
335 941
336 986
337 384
340 562
341 728
342 358
342 958
343 802
344 668
345 871
346 507
346 835
349 825
350 548
350 634
350 697
352 612
353 624
353 770
353 910
357 738
360 375
360 657
361 504
362 932
363 734
363 890
364 560
365 386
367 761
367 840
368 530
368 779
370 823
372 693
373 379
373 734
376 628
376 695
377 395
377 840
381 800
382 698
385 506
386 908
388 529
392 467
392 479
396 773
396 932
397 917
398 539
398 747
402 849
405 944
405 985
408 540
408 736
411 633
412 593
414 778
419 893
424 830
424 856
426 534
426 570
429 549
429 770
429 918
437 607
441 711
443 981
444 917
446 965
450 656
461 760
462 818
463 835
465 589
466 864
468 795
469 837
471 589
472 543
476 692
478 528
482 886
483 522
484 564
484 858
491 639
492 795
493 823
494 828
499 674
503 786
504 826
504 971
506 528
506 581
506 677
506 782
508 997
517 712
517 797
517 810
520 604
521 743
522 806
524 582
524 992
528 706
530 677
532 630
533 712
535 720
535 813
537 799
539 860
540 598
545 684
546 965
548 588
552 939
559 668
564 645
566 755
569 913
570 982
575 645
582 689
585 882
587 747
592 699
595 745
596 826
598 900
600 694
600 905
603 725
604 989
605 896
606 974
616 912
617 630
621 693
627 794
630 655
630 931
634 816
637 881
639 690
641 922
645 932
651 890
653 944
659 802
665 817
665 905
673 866
674 895
675 932
679 965
680 973
686 852
689 792
694 732
694 969
695 966
697 722
698 803
700 751
700 920
717 926
718 745
722 826
724 856
729 887
731 902
735 769
746 753
751 778
755 760
757 884
760 956
767 847
772 930
773 849
775 788
777 804
781 803
786 792
791 994
794 827
794 982
798 929
799 882
802 881
805 981
811 851
816 854
832 849
834 888
840 861
843 905
860 900
861 958
863 952
868 926
871 875
888 967
913 975
916 944
922 952
925 988
953 977