100
495
0 1
0 16
0 17
0 24
0 25
0 35
0 60
0 62
0 64
0 65
0 98
1 10
1 34
1 59
1 62
1 85
1 86
1 92
1 98
2 22
2 24
2 27
2 57
2 69
2 82
2 83
3 7
3 12
3 34
3 54
3 56
3 64
3 69
3 88
4 17
4 18
4 21
4 28
4 29
4 30
4 42
4 53
4 61
4 63
4 66
4 77
4 81
4 84
5 7
5 15
5 21
5 48
5 51
5 54
5 77
6 17
6 18
6 19
6 20
6 26
6 34
6 36
6 46
6 49
6 55
6 66
6 72
6 75
6 76
6 87
6 96
7 36
7 47
7 51
7 64
7 67
7 68
7 74
7 82
7 88
8 19
8 22
8 23
8 29
8 31
8 34
8 38
8 43
9 10
9 12
9 16
9 20
9 35
9 57
9 60
9 89
9 93
10 13
10 17
10 27
10 31
10 40
10 42
10 47
10 49
10 59
10 67
10 80
11 15
11 26
11 29
11 39
11 54
11 71
11 86
11 87
11 93
11 95
12 22
12 27
12 35
12 44
12 52
12 56
12 75
12 77
12 85
12 86
13 27
13 28
13 32
13 44
13 45
13 46
13 55
13 62
13 78
14 37
14 41
14 43
14 57
14 59
14 62
14 67
14 74
14 77
14 82
14 93
14 99
15 25
15 35
15 52
15 58
15 78
15 86
15 88
15 90
16 19
16 21
16 31
16 56
16 59
16 64
16 75
16 94
16 95
17 19
17 33
17 51
17 61
17 63
17 71
17 72
17 90
18 25
18 49
18 56
18 76
18 78
18 80
18 85
18 87
19 25
19 58
19 60
19 75
19 79
19 84
19 91
20 42
20 54
20 76
20 94
21 26
21 32
21 33
21 45
21 75
21 78
22 23
22 34
22 35
22 37
22 65
22 76
22 81
22 82
22 92
23 35
23 72
23 91
23 93
24 25
24 42
24 47
24 69
24 93
25 43
25 50
25 52
25 65
25 67
25 86
26 34
26 56
26 76
26 77
26 89
26 93
26 98
27 77
27 82
27 85
27 90
27 92
27 93
27 95
28 53
28 54
28 55
28 71
28 77
28 84
28 85
29 39
29 43
29 50
29 54
29 56
29 82
29 96
30 36
30 41
30 46
30 54
30 62
30 65
30 70
30 74
30 83
30 94
31 36
31 42
31 44
31 49
31 54
31 58
31 64
31 96
32 33
32 53
32 57
32 60
32 70
32 71
32 95
32 96
33 35
33 52
33 67
33 74
33 97
34 46
34 50
34 56
34 86
35 41
35 53
35 59
35 76
35 78
35 79
35 90
35 99
36 44
36 49
36 50
36 89
37 38
37 42
37 48
37 59
37 64
37 73
37 76
37 82
38 52
38 58
38 61
38 65
38 71
38 79
39 44
39 65
39 74
39 79
39 82
39 87
39 94
39 95
40 49
40 64
40 71
40 97
41 70
41 84
41 85
42 47
42 90
42 99
43 53
43 55
43 61
43 62
43 68
43 72
43 92
43 96
44 52
44 53
44 61
44 63
44 65
44 66
44 69
44 72
44 77
45 52
45 61
45 84
46 58
46 62
46 68
46 74
46 87
47 75
47 80
47 82
47 85
48 52
48 55
48 71
48 75
48 80
48 82
48 93
49 62
49 63
49 65
49 66
50 61
50 66
50 81
50 84
50 94
50 96
51 53
51 73
51 92
52 57
52 62
52 81
52 88
52 95
52 96
53 65
53 66
53 79
53 80
53 82
54 57
54 63
54 74
54 75
54 84
54 85
54 89
54 97
55 64
55 73
55 87
55 91
56 90
56 97
57 58
57 85
57 92
58 65
58 66
58 71
58 73
58 77
58 98
59 61
59 70
59 71
59 75
59 78
59 82
59 83
60 77
60 79
60 86
60 94
61 64
61 70
62 71
62 73
62 78
62 89
62 92
63 64
63 67
63 69
63 91
63 92
63 93
64 70
64 91
64 95
64 96
65 72
65 79
66 68
66 74
66 87
66 96
66 98
68 70
68 72
68 73
68 77
68 94
69 71
70 79
70 93
71 73
71 95
72 87
72 98
73 92
74 89
74 91
75 94
76 77
76 87
76 92
77 92
78 92
80 86
80 94
81 88
82 83
82 88
83 93
83 94
83 97
84 86
84 87
84 97
84 99
85 99
86 90
86 98
87 99
88 99
89 96
89 98
90 99
91 96
92 93
93 97
95 96
95 98
96 99