1000
4903
0 1
0 24
0 25
0 65
0 183
0 325
0 428
0 439
0 447
0 495
0 628
0 733
0 775
0 881
0 939
0 977
1 54
1 112
1 425
1 469
1 481
1 525
1 583
1 604
1 751
1 883
2 12
2 321
2 382
2 395
2 491
2 495
2 627
2 741
2 826
2 953
2 992
3 155
3 609
3 619
3 765
3 780
3 907
4 110
4 232
4 270
4 470
4 632
4 654
4 898
4 955
5 86
5 234
5 388
5 432
5 473
5 576
5 713
5 805
5 967
5 990
6 438
6 510
6 529
6 559
6 668
6 680
6 687
6 759
7 46
7 92
7 127
7 190
7 253
7 271
7 547
7 741
7 840
7 888
7 966
8 15
8 167
8 293
8 418
8 439
8 532
8 662
8 726
8 787
8 803
8 825
8 841
8 954
9 47
9 83
9 94
9 122
9 217
9 236
9 243
9 298
9 669
9 759
9 892
9 930
10 38
10 58
10 194
10 214
10 240
10 271
10 289
10 451
10 574
10 679
10 682
10 820
11 282
11 370
11 547
11 934
12 253
12 393
12 492
12 718
12 884
12 927
12 980
13 258
13 291
13 385
13 465
13 566
13 628
13 640
13 797
13 865
13 998
14 195
14 203
14 309
14 396
14 490
14 493
14 657
14 901
14 939
15 173
15 194
15 266
15 278
15 308
15 354
15 356
15 586
15 624
15 860
15 964
16 335
16 341
16 752
16 944
16 960
17 199
17 200
17 341
17 359
17 386
17 441
17 453
17 538
17 590
17 661
17 754
17 811
18 212
18 341
18 388
18 425
18 496
18 626
18 710
18 933
18 974
19 88
19 158
19 173
19 529
19 717
19 999
20 60
20 158
20 194
20 201
20 281
20 295
20 324
20 387
20 513
20 563
20 646
20 756
21 26
21 252
21 376
21 416
21 524
21 534
21 565
21 637
21 689
21 775
21 966
22 238
22 422
22 605
22 678
22 718
22 777
22 855
22 963
22 968
23 86
23 255
23 276
23 299
23 512
23 537
23 726
23 777
23 787
23 986
23 994
24 75
24 163
24 323
24 328
24 348
24 426
24 563
24 687
24 719
24 794
24 800
24 917
25 171
25 344
25 473
25 550
25 584
25 742
25 866
25 891
25 917
25 943
26 129
26 196
26 305
26 640
26 665
26 707
26 768
26 904
26 960
27 82
27 207
27 396
27 459
27 812
28 105
28 143
28 236
28 326
28 338
28 465
28 486
28 515
28 808
28 864
28 870
29 326
29 420
29 436
29 600
29 727
29 748
29 823
30 187
30 275
30 339
30 401
30 668
31 58
31 73
31 81
31 254
31 311
31 326
31 399
31 449
31 727
32 94
32 119
32 123
32 167
32 257
32 341
32 405
32 445
32 506
32 710
32 737
32 780
32 855
33 74
33 86
33 138
33 234
33 350
33 391
33 697
33 772
34 71
34 339
34 375
34 506
34 529
34 713
35 278
35 332
35 583
35 726
35 740
35 753
35 838
36 111
36 167
36 189
36 345
36 384
36 410
36 415
36 554
36 596
36 603
36 709
36 734
36 743
36 779
36 813
36 869
36 996
37 167
37 366
37 506
37 539
37 643
37 662
37 724
37 786
37 818
37 883
38 117
38 345
38 438
38 529
38 594
38 601
38 665
38 694
38 761
38 830
38 859
38 861
39 413
39 604
39 649
39 686
39 931
40 51
40 187
40 331
40 352
40 547
40 723
40 800
40 851
40 873
40 989
41 85
41 86
41 315
41 417
41 481
41 545
41 687
41 978
42 52
42 123
42 433
42 457
42 461
42 647
43 82
43 206
43 243
43 495
43 519
43 644
43 647
43 678
43 704
43 780
43 918
43 927
43 938
44 92
44 196
44 415
44 548
44 793
44 812
44 862
44 872
44 902
44 914
45 135
45 149
45 192
45 361
45 387
45 481
45 619
45 622
45 675
45 752
45 819
45 903
46 514
46 691
46 770
46 940
47 235
47 321
47 506
47 625
47 759
47 786
47 899
48 92
48 437
48 756
48 757
48 871
48 911
48 933
48 999
49 370
49 573
49 919
50 251
50 334
50 380
50 547
50 548
50 851
50 885
50 911
50 925
50 943
51 147
51 205
51 249
51 447
51 510
51 640
51 974
52 143
52 176
52 228
52 402
52 482
52 503
52 650
52 781
52 896
53 70
53 122
53 220
53 259
53 264
53 508
53 740
53 787
53 897
53 927
53 962
54 72
54 160
54 166
54 179
54 223
54 539
54 726
54 801
54 928
55 81
55 166
55 206
55 283
55 311
55 474
55 649
55 717
55 757
55 790
56 72
56 173
56 202
56 248
56 390
56 637
56 668
56 717
56 894
56 933
56 944
57 133
57 212
57 216
57 382
57 579
57 757
57 794
57 850
57 942
57 984
58 169
58 271
58 461
58 555
58 607
58 877
59 272
59 341
59 378
59 424
59 469
59 726
59 729
59 763
59 800
59 880
59 946
60 239
60 547
60 605
60 673
60 816
60 907
60 924
60 934
61 170
61 254
61 514
61 548
61 662
61 900
62 527
62 606
62 812
62 830
62 851
63 67
63 102
63 177
63 223
63 484
63 598
63 674
63 682
63 705
63 768
63 896
63 913
63 937
63 960
64 197
64 242
64 337
64 369
64 646
64 656
64 677
64 958
65 121
65 304
65 319
65 521
65 544
65 588
65 780
65 833
65 891
66 725
66 730
66 857
66 860
66 890
66 949
66 950
66 988
67 343
67 505
67 713
67 918
67 959
68 202
68 316
68 344
68 393
68 462
68 498
68 606
68 613
68 664
68 713
68 780
68 847
68 878
69 152
69 323
69 364
69 504
69 597
69 624
69 643
69 652
69 754
69 785
69 799
69 976
70 106
70 304
70 393
70 611
70 748
70 769
70 781
70 786
70 948
71 76
71 138
71 223
71 319
71 339
71 753
71 808
71 821
71 852
72 78
72 123
72 205
72 294
72 389
72 530
72 535
72 734
73 297
73 302
73 344
73 431
73 457
73 461
73 524
73 566
73 589
73 712
73 751
73 792
74 196
74 223
74 265
74 276
74 387
74 427
74 704
74 942
75 86
75 112
75 203
75 245
75 329
75 395
75 521
75 523
75 589
75 723
75 767
75 858
75 909
76 249
76 300
76 359
76 420
76 629
76 709
76 780
76 785
76 925
76 971
77 104
77 145
77 170
77 211
77 232
77 333
77 346
77 381
77 390
77 467
77 529
77 561
77 618
77 628
77 667
77 809
77 823
77 914
77 932
77 955
78 161
78 305
78 397
78 412
78 470
78 475
78 489
78 523
78 643
78 678
78 991
79 224
79 378
79 527
79 577
79 671
79 692
79 796
79 801
79 869
79 883
80 242
80 331
80 419
80 500
80 702
80 722
80 824
80 843
80 966
81 337
81 356
81 374
81 422
81 695
81 789
81 834
81 890
81 921
82 573
82 758
83 100
83 239
83 458
83 468
83 499
83 599
83 628
83 643
83 728
83 854
83 865
83 894
83 913
84 186
84 214
84 494
84 534
84 561
84 585
84 625
84 804
84 972
85 94
85 129
85 227
85 281
85 529
85 572
85 906
86 95
86 155
86 192
86 311
86 336
86 350
86 538
86 575
86 589
86 697
86 705
86 715
86 858
87 290
87 318
87 442
87 570
87 719
87 820
88 107
88 108
88 117
88 132
88 181
88 280
88 506
88 530
88 578
88 741
89 123
89 125
89 174
89 459
89 689
89 720
89 808
89 850
89 946
89 975
89 995
90 178
90 226
90 467
90 642
90 662
90 679
90 984
91 113
91 324
91 491
91 600
91 691
91 873
91 887
92 268
92 331
92 517
92 565
92 781
93 209
93 229
93 240
93 326
93 389
93 630
93 640
93 847
94 335
94 716
94 873
94 902
94 930
94 940
95 153
95 202
95 331
95 371
95 473
95 477
95 613
95 615
95 714
95 820
95 951
96 106
96 126
96 487
96 617
96 699
96 728
96 749
96 788
96 799
97 119
97 237
97 313
97 433
97 457
97 506
97 523
97 645
97 692
97 765
97 801
97 833
97 943
98 117
98 189
98 302
98 304
98 465
98 624
98 686
98 845
98 867
98 880
99 109
99 131
99 160
99 288
99 444
99 473
99 510
99 620
99 702
99 805
99 808
99 809
99 868
99 893
99 976
100 263
100 439
100 517
100 519
100 550
100 570
100 689
100 752
100 761
100 802
100 915
100 981
101 203
101 246
101 433
101 462
101 484
101 710
101 882
101 926
102 296
102 334
102 368
102 433
102 523
102 548
102 592
102 705
102 897
102 971
103 112
103 208
103 312
103 445
103 490
103 559
103 564
103 567
103 670
103 737
103 765
103 947
103 952
103 982
104 173
104 235
104 277
104 324
104 352
104 425
104 446
104 618
104 785
104 969
104 990
105 114
105 198
105 266
105 298
105 333
105 375
105 389
105 499
105 543
105 618
105 633
105 842
106 127
106 330
106 350
106 389
106 592
106 625
106 745
106 748
106 769
106 856
106 932
106 969
107 192
107 200
107 302
107 341
107 526
107 591
107 617
107 695
107 739
107 795
107 952
108 120
108 278
108 496
108 531
108 710
108 871
109 123
109 158
109 212
109 242
109 568
109 622
109 733
109 779
109 912
109 984
110 298
110 653
110 684
110 914
111 264
111 277
111 471
111 523
111 605
111 708
111 860
111 926
111 951
112 146
112 247
112 287
112 293
112 320
112 341
112 529
112 694
112 823
113 180
113 356
113 467
113 476
113 487
113 531
113 612
113 703
113 753
114 128
114 273
114 569
114 630
114 631
114 815
115 130
115 191
115 362
115 494
115 608
115 649
115 710
115 768
116 322
116 358
116 541
116 655
116 765
117 150
117 208
117 217
117 536
117 564
117 672
117 698
117 777
117 902
118 178
118 215
118 265
118 433
118 462
118 511
118 608
118 694
118 773
118 958
119 130
119 537
119 752
119 813
119 944
120 126
120 134
120 174
120 243
120 284
120 369
120 572
120 612
120 615
120 748
120 817
120 855
120 963
121 129
121 157
121 647
121 736
121 748
121 831
121 874
121 879
122 124
122 151
122 362
122 481
122 518
122 555
122 721
123 183
123 222
123 433
123 548
123 747
123 793
124 158
124 161
124 262
124 381
124 513
124 530
124 547
124 638
124 697
124 808
124 843
124 957
125 162
125 354
125 402
125 414
125 423
125 473
125 497
125 577
125 593
125 615
125 649
125 700
125 793
125 875
125 882
126 203
126 375
126 450
126 621
127 283
127 550
127 774
127 952
128 205
128 258
128 292
128 330
128 385
128 483
128 490
128 600
128 620
128 653
128 671
128 706
128 810
128 849
129 224
129 451
129 509
129 678
129 740
129 764
129 805
129 825
130 179
130 193
130 274
130 279
130 445
130 759
130 876
130 880
130 904
130 930
131 397
131 640
131 810
131 914
131 918
131 953
132 161
132 572
132 595
132 596
132 708
132 786
132 852
132 924
132 989
132 990
133 228
133 446
133 463
133 508
133 744
133 749
133 863
134 363
134 503
134 543
134 602
134 626
134 827
134 994
135 143
135 157
135 365
135 370
135 390
135 681
135 754
135 762
135 812
136 304
136 595
136 713
136 727
136 772
136 815
136 891
137 548
137 549
137 689
137 833
138 140
138 263
138 282
138 308
138 344
138 355
138 382
138 483
138 494
138 510
138 737
138 952
138 987
139 251
139 322
139 404
139 754
139 767
139 781
139 865
139 892
140 158
140 182
140 367
140 452
140 474
140 510
140 624
140 668
140 717
140 719
140 729
140 904
140 941
140 958
141 477
141 751
141 763
142 224
142 232
142 267
142 289
142 312
142 319
142 364
142 487
142 790
142 840
142 859
142 947
143 711
143 714
143 736
143 898
143 932
143 970
144 178
144 219
144 484
144 636
144 738
144 798
144 875
145 322
145 454
145 515
145 757
146 206
146 213
146 555
146 594
146 647
146 988
147 236
147 370
147 400
147 496
147 575
147 690
147 892
147 922
148 161
148 191
148 340
148 384
148 459
148 515
148 671
148 703
148 923
149 343
149 395
149 720
149 826
149 892
150 154
150 165
150 177
150 225
150 464
150 517
150 547
150 640
150 673
151 157
151 187
151 191
151 351
151 432
151 588
151 770
151 909
151 970
152 180
152 387
152 396
152 467
152 683
152 712
153 351
153 435
153 595
153 694
153 937
153 973
153 975
154 574
154 647
154 685
154 692
154 797
154 883
155 157
155 302
155 411
155 501
155 507
155 583
155 662
155 989
156 382
156 479
156 500
156 507
156 648
156 659
156 719
156 753
156 818
156 891
156 980
157 312
157 330
157 338
157 353
157 388
157 397
157 674
157 681
157 823
158 197
158 239
158 245
158 329
158 367
158 985
159 217
159 233
159 260
159 373
159 427
159 438
159 532
159 921
160 171
160 188
160 201
160 225
160 277
160 393
160 443
160 463
160 478
160 611
160 655
160 669
160 904
160 990
161 338
161 344
161 531
161 532
161 544
161 586
161 653
161 753
161 769
161 770
161 803
161 824
161 826
161 888
161 894
162 487
162 492
162 565
162 586
162 842
162 872
162 877
162 952
163 207
163 288
163 292
163 295
163 334
163 385
163 553
163 555
163 589
163 626
163 804
163 951
164 266
164 409
164 427
164 531
164 613
164 671
164 675
164 681
165 184
165 312
165 463
165 523
165 614
165 643
165 746
165 756
165 759
165 964
166 312
166 379
166 438
166 493
166 507
166 643
166 792
166 918
167 440
167 447
167 506
167 552
167 582
167 661
167 695
167 871
168 209
168 219
168 338
168 670
168 724
168 822
168 976
169 239
169 242
169 459
169 510
169 620
169 813
169 847
169 856
169 881
169 923
170 257
170 381
170 425
170 464
170 515
170 755
170 950
170 975
171 255
171 261
171 339
171 366
171 560
171 690
171 951
172 259
172 416
172 478
172 508
172 808
172 861
173 233
173 297
173 311
173 406
173 803
173 829
174 271
174 353
174 357
174 409
174 500
174 556
174 988
175 223
175 375
175 580
175 692
175 707
175 787
175 802
175 978
176 381
176 506
176 700
177 312
177 329
177 337
177 426
177 444
177 594
177 754
177 774
177 864
177 915
177 924
177 927
178 237
178 241
178 312
178 417
178 436
178 578
178 620
178 671
178 683
178 771
178 824
178 836
178 853
178 985
179 312
179 376
179 457
179 554
179 565
179 632
179 761
179 765
179 836
180 218
180 265
180 285
180 372
180 390
180 429
180 584
180 644
180 656
180 672
180 688
180 865
181 308
181 494
181 643
181 752
182 208
182 630
182 988
183 278
183 455
183 529
183 746
183 791
183 997
184 193
184 389
184 535
184 583
184 606
184 897
185 192
185 305
185 370
185 382
185 445
185 484
185 675
185 742
185 755
185 806
185 868
186 332
186 395
186 537
186 706
186 854
186 871
186 881
186 933
186 941
187 192
187 553
187 638
187 659
187 879
187 900
187 964
188 215
188 286
188 309
188 345
188 512
188 540
188 675
188 701
188 912
189 888
189 899
189 904
189 912
190 290
190 363
190 586
190 665
190 747
190 810
190 906
190 967
191 356
191 378
191 393
191 507
191 520
191 531
191 560
191 571
191 684
191 890
191 940
192 239
192 318
192 645
192 658
192 827
192 839
192 876
193 474
193 592
193 638
193 680
193 751
193 869
194 275
194 301
194 401
194 615
194 690
194 717
194 765
194 998
195 211
195 314
195 398
195 399
195 473
195 783
195 791
195 814
195 818
195 835
195 951
195 958
196 443
196 526
196 671
196 833
197 234
197 236
197 368
197 417
197 430
197 814
198 204
198 232
198 284
198 346
198 347
198 648
198 666
199 245
199 453
199 521
199 560
199 660
199 680
199 713
199 873
199 885
199 968
199 997
200 315
200 354
200 361
200 400
200 697
200 748
200 932
201 212
201 227
201 376
201 452
201 637
201 718
201 766
201 802
201 837
201 879
201 965
201 998
202 333
202 411
202 438
202 468
202 641
202 666
202 760
202 928
202 955
203 404
203 503
203 513
203 667
203 938
203 966
203 989
204 407
204 425
204 444
204 705
204 734
204 737
204 743
204 871
204 873
205 210
205 387
205 615
205 686
205 748
206 441
206 989
207 301
207 318
207 355
207 612
207 721
207 867
207 878
207 926
208 234
208 257
208 292
208 345
208 371
208 468
208 482
208 610
208 632
208 832
208 903
209 244
209 289
209 469
209 532
209 539
209 699
209 707
209 758
209 885
209 924
210 264
210 297
210 506
210 561
210 664
210 990
211 267
211 270
211 279
211 289
211 337
211 377
211 439
211 494
211 511
211 552
211 703
211 902
212 454
212 524
212 581
212 720
212 793
213 361
213 854
213 898
213 953
213 971
214 377
214 489
214 964
215 537
215 601
215 682
215 898
215 956
216 237
216 242
216 576
216 614
216 649
216 733
216 871
216 910
216 932
216 959
217 269
217 323
217 535
217 549
217 866
217 908
218 585
218 683
218 718
218 917
218 992
219 413
219 417
219 502
219 566
219 718
219 769
219 790
219 825
220 746
220 935
221 336
221 354
221 428
221 511
221 589
221 592
221 692
221 843
221 976
221 984
222 355
222 437
222 769
222 782
222 916
222 948
223 226
223 681
223 685
223 954
223 977
224 363
224 369
224 406
224 455
224 584
224 601
224 706
224 749
224 772
224 935
224 941
225 354
225 860
225 994
225 997
226 242
226 246
226 324
226 330
226 363
226 734
226 836
226 903
226 942
227 284
227 377
227 458
227 646
227 662
227 728
227 769
227 846
227 896
228 284
228 296
228 337
228 380
228 404
228 494
228 547
228 891
228 908
228 941
229 472
229 638
229 780
229 882
229 993
230 266
230 399
230 505
230 509
230 511
230 551
230 763
230 880
230 953
230 972
231 509
231 766
231 983
232 356
232 540
232 589
232 755
232 862
232 913
232 963
233 323
233 357
233 457
233 464
233 535
233 662
233 721
233 968
234 377
234 416
234 515
234 593
234 819
234 996
235 400
235 467
235 588
235 617
235 753
235 941
236 297
236 425
236 456
236 493
236 621
236 826
236 945
237 243
237 263
237 280
237 297
237 319
237 325
237 364
237 385
237 410
237 424
237 515
237 731
237 992
238 261
238 713
238 835
238 880
238 919
238 931
238 972
239 274
239 304
239 384
239 424
239 470
239 568
239 936
239 989
240 249
240 353
240 466
240 644
240 655
240 749
241 268
241 322
241 640
241 769
241 957
242 273
242 579
242 661
242 734
242 822
242 947
243 256
243 289
243 293
243 294
243 306
243 390
243 575
243 578
243 647
243 958
243 992
244 264
244 425
244 554
244 843
244 879
245 253
245 299
245 516
245 613
245 664
245 794
245 865
245 914
246 333
246 799
246 900
246 933
247 451
247 783
247 927
248 481
248 688
248 709
248 726
248 975
249 382
249 554
249 673
249 736
249 836
249 903
249 937
249 961
249 986
250 321
250 351
250 363
250 374
250 572
250 578
250 620
250 677
250 829
250 961
251 259
251 324
251 399
251 415
251 522
251 628
251 670
251 683
251 749
252 468
252 637
252 650
252 714
252 771
252 822
252 888
253 268
253 286
253 422
253 754
253 962
254 543
254 680
254 725
254 760
254 911
254 965
255 394
255 400
255 414
255 423
255 534
255 636
255 653
255 678
255 815
255 992
256 357
256 374
256 452
256 675
256 772
256 945
256 979
256 998
257 390
257 920
258 477
258 610
258 639
258 700
258 708
258 764
258 842
258 891
259 294
259 353
259 633
259 683
259 805
259 873
259 930
260 328
260 330
260 367
260 438
260 542
260 603
260 706
260 834
260 839
260 847
260 868
260 894
260 931
261 472
261 491
261 563
261 589
261 673
261 870
261 966
261 984
262 287
262 362
262 478
262 537
262 748
262 763
262 806
262 949
263 417
263 474
263 482
263 534
263 589
263 590
263 612
263 655
263 937
263 950
264 287
264 295
264 358
264 365
264 461
264 559
264 574
264 658
264 702
264 824
265 306
265 349
265 570
265 709
265 720
265 770
265 773
265 871
265 905
266 618
266 680
266 757
266 814
266 900
267 275
267 396
267 432
267 471
267 664
267 678
267 897
267 948
267 977
268 597
268 712
268 766
268 845
268 873
268 978
269 359
269 471
269 665
269 718
269 760
270 301
270 367
270 417
270 582
270 692
270 848
271 432
271 506
271 532
271 578
271 703
271 758
271 855
271 976
271 996
272 286
272 339
272 354
272 428
272 668
272 700
272 770
272 792
272 833
272 898
272 986
273 586
273 654
273 671
274 609
274 626
274 768
274 909
275 652
275 676
276 338
276 390
276 457
276 495
276 511
276 610
276 619
276 785
276 869
276 884
276 914
277 307
277 345
277 595
277 661
277 668
277 893
277 946
278 331
278 410
278 474
278 598
278 630
278 646
278 654
278 669
278 816
279 301
279 322
279 380
279 495
279 555
279 563
279 582
279 595
279 694
279 838
279 873
279 885
280 308
280 385
280 537
280 653
280 668
280 781
280 922
281 289
281 316
281 370
281 721
281 873
282 317
282 320
282 359
282 497
282 504
282 753
283 307
283 426
283 452
283 549
283 567
283 634
283 655
283 821
284 366
284 631
284 803
284 813
284 852
284 869
284 977
285 317
285 350
285 421
285 460
285 547
285 651
285 827
286 293
286 805
286 838
286 998
287 491
287 712
287 745
287 760
287 783
287 849
287 853
287 950
287 962
287 963
288 307
288 625
288 627
288 756
288 775
288 793
288 807
288 926
289 553
289 640
289 708
289 916
289 948
290 451
290 546
290 727
290 818
290 896
290 945
290 961
290 967
290 972
291 295
291 551
291 736
291 918
291 953
291 985
292 322
292 703
292 862
292 955
293 322
293 525
293 622
293 638
293 652
293 909
293 989
294 358
294 429
294 532
294 569
294 795
294 875
294 884
294 942
295 308
295 367
295 470
295 644
295 719
295 842
295 958
296 312
296 429
296 690
296 934
297 407
298 418
298 455
298 460
298 478
298 491
298 739
298 848
298 951
299 397
299 568
299 659
299 819
300 305
300 563
300 765
300 888
301 309
301 467
301 535
301 537
301 587
301 783
302 513
302 564
302 659
302 829
302 963
302 993
303 549
303 552
303 654
303 716
304 433
304 481
304 583
304 610
304 944
304 974
305 400
305 619
305 639
305 648
305 707
305 790
306 480
306 498
306 547
306 622
306 695
306 868
306 932
307 332
307 495
307 505
307 555
307 568
307 585
307 694
307 874
307 975
308 410
308 502
308 639
309 325
309 800
309 873
309 918
310 544
310 597
310 776
310 839
310 954
311 427
311 463
311 573
311 764
311 827
311 964
312 402
312 421
312 534
312 677
312 680
312 850
312 854
312 946
313 354
313 366
313 653
313 666
313 673
313 732
313 741
313 751
313 938
313 939
314 350
314 411
314 641
314 849
314 909
315 323
315 327
315 338
315 542
315 762
316 468
316 733
316 826
316 875
317 404
317 531
317 566
317 642
317 729
317 774
317 859
318 356
318 372
318 569
318 650
318 757
318 789
318 972
318 976
319 342
319 411
319 611
319 705
319 727
319 778
319 803
319 846
319 999
320 366
320 485
320 562
320 894
320 938
321 374
321 390
321 411
321 795
321 809
321 843
321 854
322 396
322 446
322 506
322 634
323 391
323 547
323 910
323 911
323 963
323 986
324 361
324 386
324 428
324 519
324 607
324 708
324 715
324 856
324 879
324 936
325 408
325 474
325 579
325 627
325 640
325 749
325 770
325 813
325 905
325 916
326 390
326 470
326 577
326 843
327 377
327 388
327 453
327 683
327 689
328 348
328 357
328 400
328 463
328 633
328 642
328 689
329 345
329 523
329 614
329 668
329 713
329 928
329 951
330 431
330 634
330 757
330 891
331 574
331 589
331 760
331 775
331 789
331 823
331 840
331 856
331 895
332 361
332 387
332 539
332 612
332 624
332 670
332 685
332 913
332 950
332 974
333 738
333 925
334 441
334 664
334 857
334 894
335 343
335 378
335 386
335 413
335 519
335 551
335 750
336 339
336 343
336 463
336 509
336 613
336 697
336 787
336 865
336 888
336 991
337 419
337 781
338 375
338 476
338 659
338 766
339 358
339 424
339 490
339 496
339 633
339 647
339 672
339 736
339 845
339 946
339 959
340 543
340 560
340 578
340 608
340 704
340 923
340 981
340 988
341 421
341 487
341 529
341 575
341 638
341 820
341 832
341 984
342 469
342 718
343 366
343 454
343 470
343 471
343 483
343 619
343 709
343 906
344 369
344 399
344 483
344 759
344 794
344 907
345 444
345 482
345 600
345 733
345 962
345 991
346 395
346 408
346 578
346 854
347 400
347 449
347 454
347 645
347 729
347 750
347 761
347 918
347 988
348 426
348 504
348 619
348 844
348 867
349 512
349 535
349 894
350 808
350 817
350 847
350 942
351 583
351 601
351 989
351 999
352 644
352 924
352 962
353 376
353 429
353 504
353 527
353 548
353 643
353 682
353 698
353 909
353 997
354 411
354 461
354 562
354 594
354 727
354 846
355 499
355 615
355 616
355 668
355 970
356 522
356 715
356 944
357 414
357 607
357 655
357 754
357 812
358 432
358 486
358 529
358 706
358 736
358 873
358 882
358 939
359 401
359 404
359 637
359 647
359 755
359 781
359 832
359 896
360 576
360 609
360 649
360 725
361 415
361 516
361 598
361 638
361 658
361 674
361 675
362 512
362 565
362 765
362 774
362 823
363 432
363 706
363 761
363 813
363 829
363 861
364 488
364 523
364 745
364 868
365 454
365 479
365 618
365 645
365 671
365 698
365 774
365 903
365 955
366 404
366 469
366 537
366 540
366 680
366 885
367 395
367 655
367 986
368 395
368 427
368 494
368 713
368 803
369 445
369 471
369 652
369 932
370 469
370 527
370 536
370 662
370 788
371 378
371 632
371 642
371 789
371 903
371 953
372 427
372 593
372 675
372 761
372 782
372 897
372 981
373 649
374 513
374 609
374 719
374 740
374 890
375 473
375 487
375 854
376 452
376 474
376 499
376 675
376 775
376 981
377 421
377 434
377 501
377 621
377 698
377 735
377 858
377 913
377 952
378 528
378 656
378 776
378 840
378 862
379 424
379 590
379 626
379 641
379 855
379 916
380 528
380 865
380 916
380 931
380 959
381 609
381 630
381 822
381 958
382 387
382 424
382 431
382 501
382 610
382 748
383 420
383 453
383 946
384 391
384 521
384 642
384 742
384 786
384 808
384 818
384 865
384 961
384 971
384 979
385 569
385 650
385 755
385 790
386 482
386 569
386 754
386 781
387 498
387 556
387 703
388 401
388 415
388 463
388 640
388 682
388 747
388 834
389 537
389 569
389 570
389 765
390 555
390 645
390 672
390 848
390 970
391 408
391 434
391 492
391 632
391 636
391 837
391 875
392 531
392 590
392 621
392 855
392 881
392 892
392 894
393 433
393 476
393 706
393 735
393 743
393 848
393 930
393 964
394 395
394 427
394 446
394 458
394 466
394 516
394 569
395 513
395 584
395 620
395 974
396 516
396 520
396 554
396 692
396 734
396 735
396 760
397 429
397 681
397 747
397 941
397 968
397 971
398 456
398 486
398 530
398 571
398 787
398 830
398 860
399 442
399 617
399 722
399 937
400 421
400 571
400 582
400 610
401 423
401 668
401 714
402 416
402 562
402 633
402 669
402 786
402 823
403 451
403 734
403 753
403 972
403 986
404 469
404 517
404 583
404 652
404 720
404 781
404 825
405 428
405 441
405 579
405 623
405 749
405 755
405 776
405 864
405 904
406 519
406 566
406 598
406 601
406 758
406 854
406 888
406 948
406 975
407 533
407 574
408 696
408 720
408 906
408 969
409 462
409 676
409 752
409 847
409 864
410 477
410 635
410 644
410 716
410 795
410 856
410 954
412 419
412 452
412 575
412 682
412 716
412 939
412 966
412 997
413 452
413 521
413 628
413 898
413 928
414 597
414 639
414 656
414 814
414 837
414 838
415 420
415 425
415 572
415 599
415 621
415 823
415 824
416 447
416 656
416 697
416 700
416 741
416 816
416 838
416 925
417 430
417 482
417 513
417 657
417 721
418 452
418 462
418 543
418 677
418 688
418 747
419 431
419 446
419 546
419 571
419 781
419 783
420 449
420 644
420 711
420 874
420 947
421 466
421 537
421 827
421 866
421 945
421 951
421 968
421 992
422 444
422 532
422 664
422 693
422 738
422 780
422 990
423 451
423 706
423 759
423 796
423 960
424 496
424 596
424 612
424 715
424 743
424 830
424 832
424 939
424 979
425 749
425 811
425 819
425 860
426 427
426 501
426 519
426 577
426 618
426 640
427 491
427 638
427 654
427 674
427 703
427 745
427 852
427 871
427 946
428 542
428 696
428 737
428 765
428 818
428 851
428 853
429 469
429 556
429 639
429 650
429 738
429 844
429 949
430 472
430 488
430 522
430 567
430 728
430 951
430 966
431 517
431 640
431 762
431 915
431 940
432 733
432 872
432 951
433 446
433 500
433 726
433 731
433 825
433 840
433 876
433 936
433 982
434 580
434 650
434 769
434 863
435 589
435 685
435 717
435 879
435 973
436 518
436 564
436 996
437 626
437 934
438 444
438 527
439 532
439 642
439 687
439 734
439 779
439 799
439 836
439 847
439 939
439 989
440 476
440 633
440 685
440 782
440 877
440 940
440 969
440 979
441 446
441 583
441 589
441 659
441 708
441 986
442 533
442 723
442 744
442 817
442 944
443 455
443 568
443 938
444 484
444 506
444 762
444 765
444 802
444 876
444 947
445 581
445 621
445 684
445 732
445 785
445 789
445 847
445 872
445 923
446 480
446 576
446 584
446 599
446 602
446 664
446 775
447 575
447 623
447 663
447 892
448 466
448 469
448 608
448 650
448 688
448 703
448 866
448 938
448 991
449 496
449 519
449 551
449 680
449 692
449 866
450 573
450 622
450 856
450 889
450 891
450 999
451 502
451 515
451 640
451 784
452 557
452 571
452 610
452 627
452 705
452 809
452 812
453 574
453 579
453 636
453 690
453 886
453 897
454 488
454 624
454 642
454 691
454 712
454 756
454 759
454 788
454 794
454 802
454 876
455 481
455 571
455 647
455 723
455 800
455 890
455 907
456 530
456 546
456 679
456 835
456 853
456 861
456 874
456 985
457 763
458 477
458 507
458 508
458 511
458 529
458 661
458 662
458 756
458 843
458 957
459 468
459 540
459 844
460 536
460 545
460 586
460 593
460 763
460 921
460 976
460 993
461 522
461 705
461 904
461 999
462 478
462 581
462 630
462 741
462 862
463 560
463 621
463 661
463 732
463 733
463 937
463 976
464 477
464 519
464 526
464 618
464 809
464 900
464 908
464 971
465 497
465 749
466 478
466 577
466 609
466 616
466 763
466 880
466 922
467 665
467 806
467 982
468 558
468 622
468 634
468 906
469 574
469 744
469 796
469 937
469 950
469 984
470 712
470 791
470 900
470 908
470 912
470 935
471 643
471 663
471 790
471 923
471 937
472 587
472 802
472 876
473 526
473 565
473 608
473 742
473 908
473 920
473 956
474 497
474 572
474 736
474 777
475 586
475 668
475 715
475 733
475 739
475 752
475 806
475 845
475 885
476 533
476 563
476 640
476 684
476 695
476 846
476 867
477 589
477 663
477 664
478 498
478 566
478 646
478 701
478 733
478 922
479 554
479 569
479 617
479 632
479 652
479 739
480 512
480 517
480 561
480 626
480 627
480 765
480 897
480 960
480 998
481 533
481 683
481 873
481 949
482 499
482 531
482 727
482 740
482 777
482 832
482 895
483 604
483 739
483 790
483 817
483 873
483 898
484 532
484 868
484 871
484 942
485 489
485 556
485 560
485 761
486 555
486 613
486 722
486 854
486 891
487 513
487 614
487 646
487 793
487 850
487 855
487 920
487 975
488 627
488 678
488 695
488 727
488 748
488 858
488 923
489 659
489 667
489 726
489 781
489 832
489 861
489 887
489 916
489 935
490 643
490 648
490 699
490 751
490 803
490 812
490 894
490 905
491 553
491 575
491 594
491 661
491 882
491 989
492 520
492 533
492 538
492 542
492 683
492 908
493 497
493 521
493 633
493 671
493 830
493 930
493 947
494 733
494 739
494 753
494 754
494 771
494 789
494 892
495 739
495 801
495 982
496 616
496 627
496 717
496 829
496 908
496 992
496 993
497 551
497 615
497 635
498 597
498 842
499 616
499 750
499 822
499 937
500 501
500 536
500 627
500 731
500 757
501 624
501 822
501 906
501 952
502 994
503 544
503 624
503 654
503 659
503 666
503 838
503 993
504 527
504 700
504 837
504 961
505 510
505 530
505 680
505 800
505 848
506 675
506 771
506 836
506 935
507 610
507 618
507 775
507 790
507 895
507 916
508 632
508 650
508 712
508 749
508 924
509 513
509 695
509 727
509 750
510 526
510 529
510 591
510 636
510 654
510 713
510 769
510 786
510 825
510 862
510 871
510 962
510 993
511 542
511 880
512 808
513 541
513 748
513 993
514 651
514 927
514 954
515 541
515 832
516 530
516 543
516 555
516 560
516 605
516 992
517 519
517 653
517 681
517 812
518 612
518 667
518 671
518 741
518 800
518 875
518 899
519 552
519 570
519 574
519 716
519 773
519 807
519 880
520 700
520 707
520 740
520 870
521 655
521 660
521 683
521 768
521 864
522 556
522 866
523 526
523 681
523 704
523 829
523 977
524 628
524 662
524 741
524 809
524 853
525 888
525 890
525 904
525 930
525 945
526 532
526 609
526 662
526 838
526 905
526 906
527 586
527 649
527 943
527 997
528 552
528 690
528 729
528 915
528 951
529 598
529 619
529 773
530 757
530 803
530 891
530 907
531 579
531 704
531 849
531 935
531 969
532 617
532 619
532 661
532 802
532 850
532 882
532 911
532 997
533 577
533 620
533 635
533 636
533 676
533 736
533 816
533 847
533 956
534 711
534 877
535 618
535 888
535 926
535 973
536 728
536 857
536 874
536 948
536 979
536 983
537 704
537 775
537 778
537 833
537 882
538 817
538 841
538 940
539 560
539 735
539 803
539 888
539 959
539 970
540 614
540 643
540 718
540 751
540 752
540 769
540 988
541 554
541 608
541 714
541 753
541 851
542 604
542 656
542 703
542 739
542 756
542 826
542 828
542 909
542 917
542 953
543 605
543 663
543 964
544 772
544 789
544 835
545 710
545 975
546 585
546 756
546 764
546 954
546 997
547 548
547 697
547 732
547 889
548 606
548 715
548 720
548 848
548 881
548 913
549 608
549 685
549 701
550 551
550 560
550 681
550 832
551 903
551 913
551 978
552 580
552 626
552 652
552 658
552 779
552 898
552 996
553 737
553 872
553 921
553 973
553 995
554 762
554 881
554 912
555 668
555 669
555 839
555 850
555 986
556 564
556 630
556 675
556 735
556 751
556 768
556 799
556 806
556 877
556 929
556 982
557 667
557 690
557 695
557 729
557 756
557 946
558 885
558 941
558 972
559 692
560 572
560 719
560 835
560 884
561 780
561 812
561 895
561 977
561 987
562 736
562 784
562 790
562 819
562 937
562 956
563 660
563 852
563 853
564 693
564 812
565 589
565 621
565 681
565 773
565 799
565 840
565 915
565 923
566 688
566 784
567 637
567 865
567 881
567 949
568 655
568 682
568 729
568 941
569 663
569 713
569 779
569 806
569 827
569 829
569 861
569 864
569 875
569 899
569 911
569 999
570 649
570 676
570 713
571 572
571 612
571 749
571 936
571 956
572 774
572 776
572 781
572 916
572 997
573 605
573 661
573 744
573 783
573 816
573 993
574 777
574 831
574 836
574 921
575 618
575 732
575 787
575 829
575 888
575 919
576 643
576 652
576 760
576 816
576 951
577 602
577 769
577 851
577 856
577 994
577 995
578 590
578 853
578 950
579 754
579 922
579 947
579 994
580 612
580 667
580 750
580 830
580 952
581 638
581 648
581 747
581 940
581 966
582 592
582 710
582 803
582 823
582 829
582 855
582 911
583 691
583 782
583 801
583 948
584 607
584 731
584 856
584 912
584 953
585 876
586 720
586 908
587 629
587 658
587 833
587 980
587 982
587 995
588 660
588 674
588 733
588 823
588 934
589 674
589 692
589 694
589 775
589 826
589 876
589 897
589 989
590 598
590 636
591 687
591 742
591 778
591 963
591 994
592 796
592 904
592 909
593 876
593 978
594 698
594 744
594 849
594 964
595 790
595 818
595 827
595 833
595 970
596 754
596 966
597 686
597 746
597 882
598 864
598 928
598 951
598 964
599 755
599 951
600 650
600 775
600 847
600 984
601 683
601 858
602 697
603 742
604 812
604 954
605 806
606 666
606 881
607 651
607 682
607 740
607 886
607 904
608 808
608 917
609 700
609 778
609 810
609 874
609 900
610 891
611 726
611 855
611 984
612 754
612 797
613 657
613 691
613 849
613 951
614 648
614 796
614 848
614 851
614 933
614 971
615 619
615 930
616 720
616 756
617 740
617 865
617 954
618 621
618 631
618 636
618 698
618 983
618 990
619 687
619 718
619 767
619 810
620 624
620 631
620 635
620 868
620 981
621 895
622 647
623 626
623 739
623 782
623 810
624 845
624 965
625 812
626 642
626 751
626 839
627 647
627 659
627 830
627 852
627 961
628 644
628 787
628 830
629 685
629 719
629 833
630 701
630 989
631 645
631 678
631 722
631 805
632 663
632 815
633 649
633 747
633 959
634 707
634 830
634 831
634 865
634 920
634 968
635 744
635 868
635 924
636 638
636 805
636 839
636 867
636 964
636 977
637 713
637 818
637 855
638 851
638 892
639 782
639 853
640 777
640 788
640 911
640 949
641 749
641 752
641 806
645 730
645 773
645 828
646 660
646 752
646 885
646 890
646 906
647 700
647 856
647 898
648 892
648 907
649 684
649 785
649 888
650 653
650 711
650 762
650 808
650 861
650 907
651 711
651 910
651 947
651 960
652 655
652 695
652 784
652 832
652 842
652 858
652 917
652 919
653 709
653 884
653 936
653 971
653 977
653 992
654 765
654 773
654 819
654 888
655 933
656 688
656 772
656 972
657 767
657 843
658 679
658 682
658 719
658 753
658 874
658 893
658 894
658 975
658 978
659 707
659 744
659 888
660 662
660 688
660 726
660 740
660 918
660 984
661 703
661 992
662 750
662 787
662 799
662 891
663 858
663 941
664 669
664 858
664 919
665 862
666 695
666 778
666 970
667 707
667 975
668 722
668 729
668 753
668 833
669 740
669 792
669 821
669 900
669 907
669 956
670 819
671 695
671 722
671 805
671 824
671 825
671 890
671 901
672 875
672 912
672 941
673 674
673 845
673 856
673 980
674 718
674 755
674 852
674 898
675 798
675 928
676 699
676 751
676 880
677 686
677 699
677 807
677 855
677 958
677 970
678 796
679 729
679 758
679 760
679 845
679 905
679 909
680 744
680 825
680 830
681 789
681 830
682 733
682 835
682 957
683 708
683 850
683 929
683 996
684 741
684 852
684 908
685 690
685 707
685 824
685 892
685 967
685 985
686 717
686 752
686 865
686 935
687 708
687 799
687 886
689 766
689 782
689 786
689 797
689 812
689 903
689 969
690 898
690 937
690 962
691 697
691 747
691 846
691 898
691 950
691 986
692 938
692 985
693 723
693 825
693 968
694 943
695 816
695 942
696 727
696 989
697 720
697 770
697 826
697 844
697 863
697 920
698 728
698 886
698 919
698 957
700 775
700 825
700 886
700 936
701 739
701 747
701 844
701 859
701 907
701 928
701 971
701 975
702 857
703 835
703 862
703 889
704 909
705 728
705 735
705 756
705 982
706 804
706 888
706 892
707 764
709 971
710 771
711 795
711 927
712 714
712 715
712 821
712 886
713 725
713 742
713 782
713 884
714 763
714 809
714 857
714 892
714 924
714 945
715 927
716 738
716 805
716 835
716 945
717 898
717 943
717 996
718 835
718 888
719 856
719 961
720 742
720 801
720 858
721 833
721 881
722 771
722 825
722 882
722 886
723 815
724 818
724 947
725 813
725 821
725 822
725 882
725 926
726 815
726 873
726 938
726 979
727 903
728 756
728 961
728 967
728 971
729 792
729 985
730 734
730 779
730 830
730 872
731 887
731 985
733 833
733 876
733 917
734 796
734 935
735 742
735 855
735 965
735 980
736 856
736 883
737 820
737 891
737 982
739 751
739 866
740 743
740 788
740 796
740 870
740 949
741 859
742 791
743 780
743 866
743 893
743 934
743 958
744 990
745 763
745 909
745 992
746 850
746 904
746 966
747 778
747 851
747 857
747 906
747 924
748 815
748 819
748 958
749 840
749 848
749 982
749 989
750 755
750 783
750 946
750 952
751 756
751 956
752 820
752 939
753 763
753 781
753 894
753 916
753 938
754 808
754 908
755 825
755 838
756 770
756 875
757 770
757 796
757 956
758 991
759 818
759 939
759 948
760 840
760 913
761 907
761 916
761 941
761 957
762 906
763 786
763 845
763 993
764 909
764 983
765 777
765 858
765 974
766 868
767 910
768 810
768 890
768 923
768 927
769 926
769 990
770 848
770 950
770 957
771 803
771 845
771 877
771 982
772 798
772 918
773 807
773 892
774 784
774 848
774 895
774 897
774 991
775 776
775 949
775 994
777 862
778 851
779 820
779 837
779 951
780 914
781 799
781 910
781 957
783 791
784 869
784 894
784 945
785 834
785 850
785 879
786 988
787 899
789 886
789 906
789 943
790 814
790 838
790 852
790 958
791 842
791 951
791 961
792 822
792 891
792 912
792 921
792 929
793 837
793 864
794 796
795 919
796 876
796 910
797 935
797 968
797 982
798 944
799 803
799 849
799 853
799 999
800 936
801 843
801 928
801 981
802 873
803 841
803 937
803 958
804 955
806 967
807 884
807 921
807 943
808 867
808 911
809 875
809 904
810 896
810 940
811 916
811 982
812 822
812 882
813 904
813 911
813 995
814 818
814 819
814 824
814 876
814 878
815 874
815 883
815 910
815 931
815 968
816 878
816 979
817 890
817 935
819 922
819 975
820 890
820 938
821 823
821 843
821 873
821 913
821 938
822 913
824 863
824 896
824 971
824 973
824 990
825 852
825 855
826 865
826 951
826 973
827 866
827 885
827 922
828 845
828 863
829 960
829 991
830 976
831 834
832 953
832 979
833 850
833 902
835 886
835 926
835 956
835 958
836 879
836 898
836 931
836 991
836 995
837 853
838 907
838 927
839 888
840 889
841 842
841 857
842 902
842 920
842 932
842 943
843 987
844 936
846 956
847 853
847 911
847 933
847 942
847 969
848 943
848 955
848 986
848 991
849 872
849 935
850 978
853 968
853 990
854 859
854 867
854 917
856 873
856 884
856 919
857 952
857 953
857 966
858 877
858 958
859 907
859 985
860 864
860 947
862 961
863 905
865 953
865 972
865 973
865 983
866 881
866 897
866 951
869 875
869 946
869 972
872 908
872 915
873 977
874 879
874 904
875 925
877 881
878 993
879 967
880 943
881 978
882 988
883 935
883 972
884 909
884 914
884 992
885 952
886 903
886 914
886 937
887 969
889 903
891 935
891 985
892 997
893 899
893 908
893 986
893 988
894 930
897 943
899 908
899 970
900 928
900 947
903 953
904 920
905 935
905 968
906 939
909 951
911 953
911 980
912 995
915 927
915 967
916 938
916 974
917 942
918 935
920 930
920 932
921 961
921 975
925 973
927 974
927 984
930 944
930 987
931 985
933 947
933 990
933 991
934 960
939 956
940 946
941 985
942 954
942 967
942 975
943 944
943 950
943 998
944 953
944 965
946 971
952 966
952 972
957 958
957 993
959 992
961 990
967 997
968 972
969 998
970 973
970 974
975 979
992 997