100
510
0 6
0 27
0 40
0 56
0 67
0 69
0 79
0 84
0 98
1 6
1 10
1 26
1 32
1 70
1 75
1 96
2 15
2 21
2 38
2 58
2 60
3 10
3 13
3 21
3 27
3 37
3 48
3 52
3 55
3 75
3 79
4 11
4 16
4 19
4 23
4 40
4 42
4 54
4 60
4 67
4 69
4 75
4 76
4 79
4 83
4 98
4 99
5 36
5 64
5 70
5 76
5 83
5 86
5 88
5 99
6 26
6 47
6 55
6 66
6 72
6 77
6 86
6 92
6 94
7 12
7 17
7 20
7 22
7 27
7 38
7 43
8 35
8 43
8 46
8 53
8 62
8 67
8 70
8 80
8 94
8 97
9 11
9 31
9 78
9 96
10 13
10 51
10 56
10 59
10 74
10 78
11 24
11 62
11 81
11 84
11 88
12 21
12 44
12 56
12 61
12 93
12 94
13 40
13 44
13 51
13 52
13 58
13 65
13 68
13 88
14 20
14 29
14 39
14 43
14 48
14 49
14 50
14 65
14 75
14 76
14 79
14 82
15 16
15 17
15 31
15 41
15 66
15 72
15 90
15 97
16 27
16 36
16 62
16 67
16 69
16 88
17 21
17 29
17 36
17 39
17 53
17 57
17 58
17 71
18 28
18 37
18 74
18 75
18 89
18 97
19 42
19 47
19 53
19 73
19 76
19 78
19 81
19 89
19 92
19 95
20 32
20 79
20 91
20 95
21 41
21 47
21 51
21 55
21 58
21 59
21 72
21 75
21 80
21 81
21 82
21 85
21 88
21 94
22 24
22 29
22 40
22 64
22 68
22 69
22 86
22 89
23 27
23 66
23 81
23 84
23 88
23 90
24 33
24 37
24 79
24 84
24 87
24 92
24 93
24 94
25 29
25 33
25 40
25 44
25 54
25 74
25 90
25 97
26 45
26 59
26 66
26 69
26 75
26 77
26 85
26 91
26 95
26 99
27 47
27 55
27 59
27 78
27 88
27 94
27 98
28 36
28 47
28 85
28 86
28 95
29 40
29 53
29 73
29 92
29 98
30 31
30 40
30 41
30 47
30 52
30 57
30 58
30 68
30 72
30 79
30 80
30 82
30 89
30 92
30 99
31 54
31 56
31 57
31 68
31 72
31 76
31 82
31 84
31 85
31 92
31 98
32 58
32 72
32 77
32 84
32 89
32 97
32 98
33 69
33 78
33 79
33 80
33 85
33 87
33 90
34 46
34 53
34 68
34 83
34 88
35 44
35 55
35 78
35 94
35 95
35 97
36 45
36 51
36 68
36 79
36 81
36 85
36 94
36 96
36 97
37 44
37 60
37 61
37 64
37 76
37 80
37 81
37 91
38 39
38 43
38 45
38 53
38 88
38 90
38 92
38 93
39 43
39 52
39 57
39 66
39 82
39 86
39 89
40 43
40 53
40 75
40 78
41 46
41 47
41 52
41 58
41 65
41 76
41 79
41 80
41 81
41 82
41 89
41 96
42 52
42 54
42 55
42 62
42 66
42 73
42 80
42 82
43 49
43 58
43 68
43 75
43 82
43 87
43 90
44 53
44 73
44 75
44 80
44 83
44 95
44 97
45 47
45 50
45 52
45 55
45 70
45 77
45 92
45 94
46 54
46 64
46 67
46 99
47 56
47 81
47 85
47 88
47 90
48 67
48 88
48 98
49 51
49 53
49 59
49 63
49 66
49 68
49 82
49 86
49 93
49 98
50 58
50 59
50 61
50 66
50 68
50 71
50 77
51 60
51 84
51 85
52 96
53 54
53 68
53 71
53 73
53 79
53 87
53 89
54 64
54 84
54 89
54 98
54 99
55 60
55 64
55 66
55 71
55 87
55 98
56 57
56 61
56 62
56 70
56 72
56 85
56 89
58 70
58 72
58 75
58 76
58 93
59 66
59 86
59 89
59 91
60 73
60 75
60 82
60 85
60 86
61 66
61 81
61 85
61 90
62 66
62 72
62 79
62 88
62 90
63 65
63 79
63 90
63 94
63 95
64 90
64 98
65 71
65 80
65 96
66 75
66 92
67 70
67 72
67 76
67 85
67 91
68 70
68 76
68 85
68 93
69 71
69 73
69 83
69 87
69 98
70 82
70 94
70 99
71 85
72 77
72 79
72 83
74 77
74 79
74 82
74 95
75 84
75 95
75 97
76 82
76 83
76 97
76 98
77 87
77 99
78 84
78 97
79 86
80 84
81 91
82 89
82 92
83 92
85 91
85 98
86 87
86 95
87 90
88 96
89 99
92 96
93 95
94 97
96 98