1000
4918
0 29
0 170
0 222
0 401
0 478
0 556
0 608
0 847
0 944
0 997
1 188
1 439
1 605
1 622
1 734
1 814
1 837
1 864
1 868
1 889
1 890
2 97
2 181
2 192
2 365
2 398
2 495
2 508
2 790
2 801
2 839
2 853
2 860
2 918
2 954
3 74
3 327
3 340
3 349
3 445
3 506
3 554
3 712
3 859
3 986
4 416
4 611
4 720
4 843
5 29
5 31
5 60
5 286
5 326
5 332
5 460
5 678
5 773
5 774
5 963
5 989
6 125
6 190
6 271
6 378
6 456
6 491
6 703
6 811
6 963
7 164
7 222
7 398
7 488
7 495
7 511
7 556
7 572
7 633
7 768
7 791
7 849
7 925
7 999
8 261
8 532
8 534
8 793
8 816
8 822
8 883
9 60
9 156
9 231
9 326
9 496
9 740
9 765
9 912
9 933
10 40
10 277
10 316
10 430
10 456
10 514
10 526
10 589
10 597
10 669
10 790
10 798
10 823
10 928
11 56
11 170
11 177
11 179
11 295
11 358
11 754
12 85
12 120
12 312
12 352
12 381
12 417
12 527
12 582
12 760
12 786
12 800
12 986
13 17
13 268
13 290
13 367
13 920
13 922
14 131
14 351
14 420
14 505
14 630
14 653
14 739
14 746
15 71
15 109
15 136
15 143
15 218
15 277
15 427
15 572
15 574
15 623
15 862
15 958
15 975
16 29
16 334
16 448
16 588
16 623
16 850
16 860
16 912
17 81
17 109
17 165
17 175
17 284
17 321
17 346
17 363
17 422
17 462
17 731
17 791
17 838
17 852
18 100
18 131
18 266
18 573
18 636
18 657
18 737
18 746
18 816
18 921
19 34
19 142
19 166
19 229
19 325
19 387
19 411
19 420
19 450
19 498
19 668
19 809
19 891
20 583
20 586
20 710
20 723
20 763
20 910
21 39
21 165
21 453
21 555
21 607
21 764
21 927
22 56
22 196
22 453
22 457
22 580
23 76
23 82
23 84
23 93
23 118
23 225
23 430
23 464
23 472
23 550
23 736
23 754
23 829
23 946
24 246
24 252
24 399
24 525
24 910
24 946
24 966
24 990
24 999
25 149
25 398
25 448
25 508
25 521
25 605
25 658
25 935
25 938
25 947
25 972
26 58
26 168
26 403
26 478
26 664
26 685
26 688
26 766
26 819
26 878
27 46
27 167
27 286
27 356
27 563
27 618
27 796
28 110
28 199
28 436
28 528
28 532
28 891
28 986
29 208
29 210
29 240
29 362
29 427
29 464
29 667
29 809
29 824
29 872
29 883
29 995
30 104
30 105
30 178
30 286
30 380
30 415
30 556
30 686
30 785
30 892
31 84
31 91
31 178
31 208
31 306
31 446
31 603
31 729
31 756
31 792
31 877
31 929
31 968
32 211
32 368
32 395
32 496
32 517
32 529
32 589
32 679
32 699
32 962
33 102
33 106
33 383
33 396
33 596
33 828
34 237
34 374
34 375
34 411
34 501
34 629
34 638
34 706
34 765
34 874
34 998
35 39
35 126
35 453
35 552
35 556
35 747
35 784
35 807
35 926
36 102
36 146
36 166
36 216
36 222
36 295
36 369
36 469
36 677
36 768
37 49
37 173
37 208
37 393
37 482
37 538
37 545
37 652
37 689
37 852
37 969
38 156
38 187
38 224
38 258
38 332
38 384
38 421
38 463
38 507
38 579
38 891
38 897
38 969
39 97
39 110
39 225
39 382
39 670
39 780
39 788
39 920
39 936
40 43
40 142
40 154
40 257
40 263
40 561
40 563
40 611
40 672
40 755
40 764
40 789
40 975
41 55
41 234
41 287
41 339
41 371
41 397
41 656
41 657
41 718
41 825
41 907
42 170
42 207
42 302
42 713
42 838
42 963
43 60
43 96
43 343
43 745
43 849
43 994
44 220
44 320
44 357
44 551
44 619
44 702
44 867
44 895
44 936
45 188
45 422
45 505
46 168
46 234
46 277
46 507
46 546
46 751
46 776
46 866
46 890
46 900
47 69
47 87
47 212
47 396
47 408
47 724
47 793
47 884
47 941
48 93
48 140
48 171
48 275
48 394
48 536
48 768
48 829
49 384
49 490
49 641
49 746
49 770
50 233
50 786
50 966
51 90
51 299
51 415
51 542
51 641
51 694
51 807
51 967
52 70
52 72
52 110
52 165
52 239
52 318
52 332
52 420
52 472
52 661
52 663
52 687
52 719
52 769
53 216
53 314
53 351
53 645
53 673
53 682
53 801
53 820
53 903
53 929
53 940
54 198
54 467
54 475
54 769
54 818
54 926
55 385
55 435
55 459
55 497
55 617
55 703
55 748
55 764
55 897
55 901
56 142
56 216
56 257
56 276
56 381
56 451
56 486
56 621
56 639
56 679
56 790
56 853
56 947
57 233
57 333
57 487
57 555
57 618
57 717
57 734
57 869
57 977
57 998
58 227
58 368
58 540
58 621
58 727
59 72
59 283
59 346
59 353
59 413
59 421
59 442
59 548
59 572
59 688
60 76
60 185
60 198
60 276
60 537
60 669
60 765
60 766
60 818
60 850
61 64
61 86
61 448
61 485
61 490
61 540
61 627
61 654
61 697
61 721
61 859
62 96
62 202
62 206
62 232
62 340
62 397
62 475
62 483
62 620
62 813
62 951
63 230
63 373
63 494
63 775
63 916
63 926
63 939
64 75
64 85
64 107
64 112
64 126
64 137
64 162
64 179
64 363
64 624
64 903
64 958
64 993
65 378
65 465
65 715
65 732
66 99
66 559
66 572
66 687
66 787
66 813
67 78
67 408
67 542
67 750
67 823
67 861
67 917
68 286
68 329
68 541
68 667
68 815
68 835
68 921
69 71
69 84
69 100
69 128
69 199
69 271
69 445
69 541
69 654
69 662
69 765
69 776
69 951
70 199
70 212
70 365
70 382
70 437
70 700
70 982
71 174
71 222
71 318
71 517
71 605
71 648
71 757
71 881
72 77
72 100
72 118
72 332
72 412
72 442
72 553
72 651
72 749
72 832
72 837
72 858
72 868
72 934
72 997
73 292
73 476
73 512
73 532
73 578
73 760
73 815
73 952
74 361
74 394
74 452
74 519
74 533
74 585
74 972
75 156
75 162
75 168
75 260
75 496
75 518
75 538
75 853
75 947
75 948
76 202
76 341
76 347
76 361
76 432
76 512
76 548
76 570
77 244
77 324
77 412
77 443
77 640
77 694
77 966
78 162
78 530
78 642
78 667
78 755
78 784
78 898
79 226
79 373
79 540
79 654
79 657
79 862
79 985
80 167
80 483
80 672
81 217
81 227
81 237
81 261
81 456
81 639
81 663
81 705
81 763
82 87
82 133
82 172
82 246
82 288
82 350
82 363
82 421
82 562
82 580
82 649
82 678
82 711
82 886
83 172
83 293
83 325
83 331
83 376
83 381
83 433
83 554
84 262
84 344
84 370
84 682
84 728
84 745
84 846
84 961
85 171
85 379
85 477
85 732
85 881
86 272
86 337
86 382
86 386
86 450
86 836
86 863
86 947
87 468
87 582
87 588
87 809
87 899
87 989
88 96
88 249
88 263
88 284
88 396
88 399
88 410
88 455
88 539
88 556
88 565
88 591
88 596
88 606
88 681
88 759
88 812
88 843
88 882
88 934
88 995
89 587
89 631
89 745
89 867
89 875
89 878
89 893
89 894
90 215
90 272
90 273
90 424
90 479
90 740
90 859
90 912
90 944
90 986
91 155
91 456
91 562
91 601
91 731
91 852
92 200
92 382
92 444
92 471
92 498
92 601
92 726
92 796
92 806
92 871
92 912
92 935
92 967
92 979
93 112
93 121
93 219
93 343
93 365
93 376
93 442
93 459
93 478
93 533
93 735
93 736
93 767
93 966
94 172
94 312
94 523
94 531
94 536
94 607
94 633
94 649
94 784
94 792
94 815
94 840
94 843
94 984
95 210
95 298
95 745
95 861
95 879
95 918
95 961
96 163
96 201
96 275
96 330
96 518
96 550
96 683
96 842
96 992
97 178
97 188
97 207
97 382
97 410
97 471
97 473
97 494
97 618
97 729
98 211
98 372
98 522
98 534
98 661
98 719
98 803
98 874
98 894
99 136
99 172
99 195
99 579
99 803
99 808
99 814
100 123
100 267
100 345
100 363
100 475
100 494
100 534
100 561
100 721
100 784
100 803
100 915
100 977
101 109
101 401
101 409
101 411
101 501
102 269
102 284
102 302
102 313
102 474
102 629
102 747
102 944
102 994
103 121
103 377
103 412
103 443
103 455
103 489
103 862
103 938
104 276
104 365
104 439
104 470
104 506
104 784
104 829
104 988
105 116
105 261
105 475
105 481
105 658
105 759
105 793
105 802
105 951
106 219
106 317
106 439
106 447
106 466
106 702
106 768
106 798
106 924
107 199
107 510
107 512
107 687
107 693
107 755
107 875
107 966
107 994
108 290
108 299
108 567
108 573
108 599
108 621
108 699
108 760
108 781
108 801
108 810
108 864
108 929
109 132
109 149
109 249
109 267
109 274
109 335
109 383
109 438
109 475
109 606
109 733
109 871
109 962
110 141
110 202
110 233
110 428
110 461
110 978
111 132
111 179
111 189
111 311
111 423
111 470
111 503
111 520
111 541
111 609
111 715
111 824
112 172
112 219
112 271
112 330
112 410
112 460
112 518
112 598
113 169
113 194
113 232
113 464
113 512
113 903
113 948
114 163
114 204
114 375
114 521
114 611
114 674
114 693
114 742
114 873
114 970
114 989
115 277
115 337
115 623
115 716
115 727
116 190
116 310
116 431
116 470
116 473
116 689
116 725
116 749
116 797
116 843
116 889
116 921
116 997
117 120
117 400
117 716
117 729
117 881
117 921
118 125
118 158
118 205
118 229
118 236
118 258
118 365
118 466
118 494
118 519
118 647
118 658
118 724
118 726
118 809
119 302
119 542
119 603
119 952
120 130
120 143
120 189
120 299
120 303
120 310
120 321
120 437
120 689
120 700
120 781
120 818
120 824
120 866
120 885
120 891
120 917
121 129
121 284
121 320
121 375
121 601
121 612
121 734
121 778
121 783
121 856
122 169
122 479
122 555
122 635
122 916
122 951
122 957
123 201
123 208
123 214
123 277
123 321
123 367
123 647
123 666
123 682
123 719
123 877
124 173
124 188
124 201
124 437
124 622
124 680
124 690
124 761
124 848
124 948
125 201
125 207
125 518
125 564
125 639
125 686
125 849
125 880
126 155
126 175
126 197
126 204
126 438
127 409
127 474
127 842
128 185
128 403
128 440
128 631
128 639
128 674
128 707
128 772
129 324
129 344
129 431
129 442
129 455
129 469
129 660
129 668
129 737
129 775
129 917
129 983
129 988
130 143
130 232
130 428
130 523
130 524
130 624
130 705
130 731
130 775
130 785
130 821
130 846
131 135
131 139
131 296
131 333
131 558
131 871
131 921
131 974
132 207
132 279
132 374
132 390
132 443
132 474
132 620
132 674
132 698
132 865
132 896
132 898
133 210
133 297
133 595
133 770
133 990
133 993
134 171
134 641
134 668
134 770
134 777
134 832
134 957
135 214
135 262
135 315
135 353
135 469
135 519
135 597
135 607
135 990
136 247
136 425
136 507
136 666
136 829
136 854
137 208
137 211
137 245
137 298
137 361
137 533
137 575
137 708
137 780
137 879
137 916
137 927
137 954
138 195
138 359
138 496
138 544
138 553
138 666
138 720
139 399
139 455
139 596
139 862
139 873
139 974
140 195
140 330
140 457
140 501
140 523
140 536
140 611
140 705
140 738
140 748
140 755
140 780
140 884
140 917
141 146
141 160
141 312
141 354
141 618
141 848
141 904
141 908
141 947
142 517
142 796
143 155
143 243
143 345
143 593
143 767
143 875
143 936
144 248
144 349
144 854
145 160
145 163
145 203
145 259
145 408
145 410
145 412
145 455
145 558
145 604
145 693
145 799
145 886
145 906
145 942
146 166
146 173
146 338
146 342
146 441
146 616
146 676
146 708
146 779
146 786
147 225
147 231
147 382
147 448
147 488
147 502
147 506
147 711
147 910
148 181
148 187
148 656
148 816
149 196
149 296
149 321
149 360
149 596
149 705
149 800
149 987
150 178
150 213
150 739
150 858
150 873
151 252
151 330
151 415
151 531
151 542
151 594
151 780
151 831
151 867
151 872
151 948
152 206
152 393
152 398
152 463
152 491
152 547
152 684
152 706
152 713
153 301
153 483
153 559
153 749
153 760
153 922
153 964
154 187
154 354
154 492
154 533
154 611
154 696
154 722
154 752
154 817
154 819
154 830
154 874
154 880
154 974
155 180
155 194
155 449
155 772
155 789
155 804
156 176
156 235
156 290
156 421
156 510
156 719
156 782
156 899
156 987
157 162
157 218
157 300
157 305
157 808
158 204
158 217
158 242
158 338
158 434
158 486
158 577
159 231
159 261
159 293
159 341
159 351
159 522
159 540
159 627
159 871
159 900
160 319
160 447
160 478
160 521
160 625
160 646
160 707
160 749
160 779
161 260
161 666
161 705
161 876
161 977
162 182
162 401
162 446
162 533
162 577
162 680
162 871
162 879
162 973
163 177
163 215
163 231
163 286
163 373
163 500
163 524
163 680
163 802
163 810
163 822
163 912
163 937
163 973
164 426
164 518
164 576
164 624
164 630
164 676
164 690
164 893
165 216
165 377
165 451
165 464
165 562
165 850
165 891
166 190
166 282
166 294
166 373
166 393
166 407
166 419
166 557
166 565
166 596
166 630
166 699
166 720
166 738
166 786
166 788
167 223
167 406
167 535
167 764
168 384
168 520
168 536
168 678
168 820
168 901
168 982
169 361
169 429
169 461
169 635
169 654
169 938
170 461
170 573
170 817
171 174
171 246
171 337
171 429
171 493
171 519
171 585
171 860
171 905
171 997
172 196
172 287
172 328
172 640
172 695
172 696
172 711
172 829
172 860
172 936
173 182
173 303
173 314
173 496
173 714
173 902
173 988
174 237
174 314
174 341
174 510
174 564
174 652
174 656
174 688
174 787
174 934
175 366
175 392
175 416
175 623
175 810
175 891
175 896
176 212
176 365
176 468
176 535
176 637
176 683
176 791
176 838
176 898
176 942
177 292
177 510
177 679
177 849
178 229
178 241
178 243
178 412
178 516
178 556
178 864
178 866
179 250
179 473
179 507
179 515
179 622
179 648
179 981
179 986
179 999
180 221
180 277
180 417
180 568
180 727
180 749
180 806
180 927
180 963
181 189
181 353
181 360
181 471
182 202
182 208
182 316
182 548
182 625
182 849
183 242
183 307
183 410
183 538
183 579
183 827
183 941
184 206
184 414
184 496
184 547
184 551
184 791
184 992
185 198
185 207
185 274
185 464
185 496
185 570
185 590
185 625
185 862
185 913
186 204
186 349
186 364
186 383
186 527
186 674
186 717
186 737
186 777
186 869
186 871
187 346
187 374
187 476
187 538
187 644
187 656
188 205
188 351
188 482
188 503
188 775
188 989
189 374
189 576
189 651
189 652
189 661
189 854
190 240
190 438
190 484
190 634
190 851
190 893
191 468
191 544
191 750
191 782
191 808
191 887
192 291
192 523
192 533
192 635
192 716
192 735
192 999
193 213
193 266
193 277
193 279
193 490
193 510
193 588
193 918
194 293
194 471
194 540
194 543
194 624
194 703
194 915
194 932
195 262
195 288
195 299
195 388
195 397
195 497
195 571
195 649
195 694
195 747
195 758
195 802
195 837
195 854
195 906
196 289
196 312
196 350
196 352
196 369
196 607
196 613
196 636
196 654
196 773
196 775
196 796
196 936
196 937
197 294
197 316
197 404
197 420
197 473
197 492
197 666
198 768
199 326
199 374
199 446
199 451
199 472
199 502
199 513
199 549
199 726
199 873
199 895
199 971
200 226
200 251
200 297
200 346
200 410
200 412
200 698
200 726
200 843
201 205
201 399
201 414
201 454
201 569
201 590
201 613
201 638
201 736
201 748
202 374
202 476
202 680
202 695
202 764
202 820
202 847
202 924
203 281
203 339
203 647
203 663
203 669
203 673
203 709
203 762
203 819
203 870
203 960
204 217
204 227
204 308
204 313
204 333
204 541
204 690
204 849
204 967
205 241
205 308
205 440
205 478
205 500
205 552
205 647
205 688
206 291
206 374
206 713
206 864
206 983
207 217
207 280
207 301
207 349
207 394
207 514
207 571
207 630
207 653
207 737
207 848
207 895
207 963
208 289
208 316
208 427
208 955
208 968
209 309
209 518
209 564
209 610
209 783
209 795
209 796
209 934
210 295
210 310
210 314
210 320
210 327
210 442
210 526
210 566
210 573
210 611
210 619
211 361
211 505
211 538
211 659
211 717
211 817
211 960
212 249
212 397
212 517
212 570
212 661
212 663
212 890
213 399
213 465
213 698
213 883
213 907
213 926
214 223
214 320
214 516
214 683
214 803
214 823
215 258
215 492
215 686
215 698
215 699
215 842
215 900
216 219
216 342
216 457
216 530
216 785
216 865
216 946
217 222
217 280
217 616
217 648
217 696
217 729
217 961
218 357
218 359
218 394
218 638
218 704
218 954
219 400
219 491
219 630
219 913
219 986
220 377
220 486
220 688
220 744
220 841
221 359
221 373
221 571
221 655
221 828
221 965
222 252
222 408
222 531
222 557
222 684
222 765
224 253
224 383
224 399
224 403
224 886
225 242
225 440
225 444
225 465
225 481
225 626
225 632
225 639
225 836
226 305
226 398
226 470
226 611
226 758
227 365
227 403
227 802
227 857
227 982
227 993
228 342
228 376
228 378
228 580
228 587
228 869
228 977
229 263
229 338
229 385
229 485
229 504
229 584
229 670
229 675
229 708
229 768
229 770
229 812
229 916
230 259
230 374
230 645
230 838
230 872
230 887
230 939
230 998
231 293
231 297
231 378
231 388
231 538
231 617
231 658
232 304
232 714
232 776
232 875
232 948
232 990
233 330
233 341
233 350
233 516
233 605
233 999
234 282
234 315
234 336
234 408
234 471
234 559
234 653
234 730
234 846
234 867
234 900
235 269
235 474
235 541
235 606
235 740
235 899
235 951
236 302
236 313
236 386
236 407
236 442
236 516
236 670
236 693
236 895
236 961
236 986
237 294
237 298
237 445
237 712
237 731
237 779
237 899
237 983
237 995
238 453
238 607
238 618
238 921
238 937
238 945
239 317
239 417
239 791
239 935
240 247
240 269
240 371
240 402
240 479
240 519
240 659
240 719
240 799
240 825
240 876
241 266
241 357
241 366
241 461
241 469
241 549
241 823
241 828
241 922
242 492
242 677
242 679
242 859
242 963
243 256
243 258
243 331
243 629
243 801
243 824
243 909
243 971
244 281
244 296
244 539
244 670
244 766
244 864
245 251
245 252
245 419
245 464
245 470
245 542
245 543
245 727
245 738
245 779
245 780
245 925
246 364
246 401
246 510
246 656
246 808
246 928
246 941
247 437
247 473
247 574
247 635
247 815
247 942
248 289
248 403
248 576
248 584
248 607
248 635
248 665
249 499
249 577
249 619
249 797
249 817
249 855
249 910
249 966
249 982
249 990
250 251
250 479
250 617
250 795
251 454
251 478
251 572
251 650
251 660
251 679
252 290
252 453
252 703
252 848
252 855
252 875
252 876
252 968
252 987
253 416
253 682
253 765
253 890
254 281
254 552
254 625
254 634
254 642
254 807
254 842
255 329
255 348
255 384
255 420
255 435
255 816
255 844
255 975
256 275
256 325
256 380
256 490
256 539
256 617
256 700
256 918
257 289
257 321
257 383
257 397
257 402
257 748
257 800
258 437
258 445
258 477
258 577
258 584
258 867
258 950
258 958
259 271
259 520
259 596
259 785
260 275
260 343
260 571
260 593
260 759
260 818
260 863
260 884
260 959
261 263
261 390
261 415
261 491
261 493
261 501
261 580
261 817
262 370
262 372
262 405
262 423
262 450
262 546
262 630
262 774
262 866
262 874
262 891
262 904
262 942
262 970
263 354
263 425
263 442
263 504
263 676
263 813
264 521
264 612
264 764
264 815
265 299
265 466
265 494
265 613
265 637
265 676
265 678
265 697
265 731
265 806
265 837
265 841
265 927
266 409
266 420
266 473
266 543
266 558
266 593
266 619
266 753
266 904
266 964
267 284
267 344
267 525
267 535
267 637
267 722
268 409
268 555
268 586
268 895
268 978
269 513
269 656
269 790
270 283
270 373
270 493
270 556
270 603
270 694
270 892
271 471
271 561
271 669
271 851
272 296
272 488
272 490
272 667
272 900
272 915
273 510
273 637
273 710
273 945
273 982
274 284
274 301
274 655
274 669
274 756
274 768
274 812
274 885
274 999
275 415
275 516
275 586
275 617
275 870
275 921
276 285
276 302
276 318
276 385
276 422
276 673
276 899
276 913
277 379
277 539
277 542
277 573
277 586
277 612
277 615
277 640
277 689
277 762
277 964
278 349
278 366
278 653
278 680
278 846
279 381
279 395
279 409
279 472
279 579
279 612
279 618
279 962
280 323
280 641
280 767
280 871
280 971
281 282
281 299
281 345
281 390
281 458
281 460
281 768
281 772
281 824
281 826
281 846
281 956
282 545
282 567
282 577
282 589
282 837
283 295
283 321
283 476
283 498
283 620
283 639
283 648
283 875
283 892
284 398
284 430
284 510
284 672
284 811
285 320
285 523
285 758
285 769
285 909
286 375
286 404
286 438
286 439
286 569
286 581
286 643
286 711
287 413
287 437
287 687
287 713
287 783
287 906
287 994
288 328
288 474
288 632
288 633
288 642
288 842
288 891
289 360
289 380
289 539
289 556
290 301
290 434
290 489
290 571
290 607
290 741
290 934
290 968
290 994
291 336
291 457
291 620
291 764
291 929
292 323
292 361
292 526
292 557
292 686
292 699
293 350
293 559
293 629
293 680
293 773
293 826
294 510
294 550
294 553
294 698
294 802
294 971
295 356
295 633
295 714
295 741
295 924
296 301
296 306
296 552
296 568
296 733
296 945
296 995
297 322
297 341
297 479
297 606
297 657
297 672
298 382
298 635
298 721
298 789
298 849
298 919
299 732
299 852
299 919
299 999
300 593
300 611
300 855
300 890
300 916
301 310
301 748
301 804
301 827
301 955
302 343
302 357
302 372
302 374
302 420
302 441
302 477
302 569
302 693
302 711
302 829
302 895
302 912
303 427
303 502
303 609
303 628
303 666
303 754
304 317
304 370
304 548
304 632
304 680
304 873
304 911
304 925
304 977
305 509
305 674
305 681
305 688
305 807
305 834
305 852
305 897
305 996
306 333
306 361
306 638
306 829
306 892
307 347
307 404
307 504
307 535
307 721
307 727
308 314
308 378
308 422
308 425
308 549
308 557
308 884
309 431
309 613
309 644
309 728
309 745
309 792
309 815
309 930
310 465
310 539
310 751
310 972
311 351
311 616
312 344
312 441
312 476
312 647
312 669
312 763
312 815
312 869
312 967
313 500
313 675
313 885
314 374
314 378
314 544
314 717
314 770
314 776
314 796
314 906
315 361
315 669
315 846
315 955
316 407
316 668
316 669
316 697
316 762
316 789
316 816
316 858
316 927
317 354
317 372
317 577
318 477
318 592
318 692
318 793
319 342
319 472
319 658
319 678
319 683
319 873
319 931
319 961
320 428
320 488
320 490
320 673
321 459
321 476
321 784
322 385
322 411
322 559
322 662
322 697
322 720
322 734
322 906
322 944
322 946
323 572
323 623
323 784
323 936
324 333
324 343
324 482
324 785
324 884
324 992
325 399
325 436
325 550
325 725
325 751
325 943
325 958
325 982
326 424
326 519
326 665
326 875
327 374
327 476
327 484
327 556
327 623
327 889
327 899
327 943
327 986
328 362
328 456
328 457
328 629
328 720
328 779
328 903
328 914
329 615
329 783
329 949
329 959
329 979
330 369
330 437
330 534
330 588
330 637
330 683
330 903
330 965
331 552
331 579
331 868
331 950
332 350
332 475
332 484
332 563
332 871
332 891
332 949
333 369
333 379
333 461
333 602
333 721
333 790
333 900
333 977
334 385
334 497
334 800
334 866
334 906
334 931
334 948
334 961
334 996
335 611
335 739
335 810
335 885
335 909
335 930
336 400
336 609
336 712
337 546
337 610
337 635
337 772
337 924
338 596
339 378
339 480
339 625
339 641
339 681
340 640
340 725
340 758
340 782
340 974
341 440
341 485
341 613
341 646
341 650
341 704
341 904
341 957
342 482
342 686
342 693
342 744
342 768
342 791
343 441
343 447
343 462
343 510
343 711
343 780
343 848
343 850
343 857
343 925
343 974
344 384
344 674
344 688
344 759
344 884
344 948
344 952
345 454
345 487
345 492
345 535
345 614
345 636
345 773
346 648
346 730
346 731
346 742
346 933
347 394
347 591
347 691
347 736
347 935
348 364
348 433
348 578
348 799
348 866
349 361
349 400
349 565
349 680
349 681
349 719
349 854
349 916
350 372
350 385
350 709
350 725
350 833
350 910
351 413
351 424
351 441
351 444
351 506
351 567
351 721
351 844
351 918
351 949
351 956
351 961
352 521
352 782
352 909
353 673
353 707
353 767
353 835
353 912
353 917
355 365
355 371
355 411
355 711
355 753
355 921
355 942
355 979
356 408
356 470
356 493
356 497
356 904
356 967
357 368
357 698
357 702
357 783
357 931
357 959
357 979
358 426
358 554
358 724
358 921
359 611
359 719
359 803
359 842
359 869
360 429
360 615
360 626
360 705
360 838
360 839
360 847
360 853
360 885
361 515
361 560
361 626
361 878
361 929
362 481
362 621
362 624
362 625
362 861
362 908
362 955
363 448
363 461
363 480
363 649
363 678
364 484
364 501
364 530
364 560
364 646
364 731
364 951
365 371
365 639
365 740
365 768
365 779
365 852
365 904
366 442
366 496
366 588
366 782
366 825
366 936
367 509
367 522
367 578
368 499
368 534
368 756
368 763
368 780
368 815
368 970
368 990
369 420
369 559
369 751
369 783
369 927
369 960
369 971
370 380
370 468
370 778
370 906
370 956
370 976
371 484
371 554
371 891
371 901
372 408
372 416
372 418
372 428
372 440
372 573
372 596
372 765
373 625
373 774
373 805
373 935
373 953
373 998
374 544
374 681
374 793
374 794
374 827
375 408
375 466
375 517
375 538
375 557
375 599
375 661
375 677
375 794
375 877
375 953
376 420
376 600
376 793
376 853
376 885
376 924
377 388
377 515
377 562
377 594
377 629
377 677
377 733
377 800
377 860
377 881
377 892
378 494
378 506
378 589
378 762
378 898
379 580
379 723
379 724
379 855
379 904
379 911
380 558
380 618
380 900
381 459
381 475
381 530
381 583
381 653
381 655
381 727
381 735
381 764
382 549
382 628
382 706
382 723
382 856
382 986
383 437
383 449
383 575
383 700
383 886
384 879
384 908
384 974
385 503
385 587
385 695
385 739
385 851
385 988
386 521
386 823
386 925
386 954
387 477
387 784
387 795
387 867
387 868
387 882
388 437
388 484
388 492
388 672
388 959
388 989
389 459
389 627
389 699
389 726
389 750
389 825
389 889
389 905
389 958
389 979
390 436
390 497
390 498
390 539
390 700
390 732
390 793
390 900
390 933
390 936
391 464
392 398
392 439
392 667
392 732
392 767
392 852
392 897
393 415
393 461
393 607
393 920
393 985
394 429
394 450
394 536
394 574
394 643
394 648
394 666
394 919
394 921
395 502
395 567
395 630
395 645
395 675
395 736
396 413
396 706
396 732
396 756
396 762
396 795
396 816
396 903
396 973
396 982
396 998
397 477
397 484
397 507
397 572
397 623
397 715
397 794
397 824
397 938
398 418
398 420
398 687
398 727
398 808
398 881
398 930
398 961
399 718
399 720
399 760
399 790
399 854
400 609
400 679
400 878
400 882
400 938
400 975
401 436
401 512
401 535
401 631
401 681
401 698
401 745
401 753
401 949
402 669
403 847
403 912
403 918
403 971
404 910
404 995
405 409
405 512
405 590
405 681
405 706
405 858
406 425
406 470
406 473
406 523
406 561
406 622
406 687
406 897
406 937
407 416
407 444
407 499
407 530
407 624
407 845
407 872
408 493
408 635
409 430
409 765
409 796
409 807
409 822
409 991
410 453
410 470
410 504
410 542
411 496
411 509
411 525
411 547
411 636
411 660
411 721
411 737
411 765
411 879
411 891
411 916
411 973
412 682
412 695
412 759
412 779
412 803
412 814
413 482
413 539
413 627
413 658
414 469
414 544
414 557
414 698
414 719
414 815
414 912
414 966
415 632
415 889
415 944
416 575
416 736
416 771
416 882
417 503
417 694
417 764
417 888
417 948
417 986
418 455
418 479
418 616
418 712
418 718
418 736
418 783
418 859
419 504
419 569
419 613
419 707
419 928
420 516
420 549
420 589
420 690
421 479
421 498
421 644
421 665
421 920
421 924
421 944
421 993
422 610
422 980
423 450
423 472
423 490
423 987
424 850
425 508
425 546
425 565
425 627
425 903
426 490
426 609
426 663
426 670
426 782
427 505
427 553
427 660
427 740
427 843
427 864
428 454
428 468
428 699
428 878
428 912
428 937
428 942
429 507
429 564
429 580
429 585
429 612
429 823
429 834
429 924
429 930
430 521
430 547
430 649
430 783
430 814
430 831
430 847
431 553
431 560
431 727
431 778
431 849
431 856
432 433
432 491
432 583
432 607
432 665
432 746
432 783
432 838
432 898
432 939
432 949
433 460
433 466
433 554
433 755
433 759
434 472
434 650
434 794
434 799
434 943
434 977
434 978
435 748
435 844
435 854
435 864
435 944
435 989
436 567
436 729
436 871
436 945
437 729
437 759
437 842
437 918
438 448
438 472
438 502
438 515
438 636
438 646
438 759
438 979
439 476
439 636
439 665
439 680
439 733
439 888
439 890
439 931
440 465
440 618
440 665
440 709
440 819
440 848
441 449
441 450
441 489
441 560
441 738
442 448
442 629
442 697
442 738
442 908
442 976
442 991
443 533
443 607
443 751
443 843
443 845
444 599
444 613
444 645
444 822
444 841
445 446
445 583
445 621
445 632
445 723
445 783
445 890
445 894
445 941
445 966
446 477
446 480
446 495
446 505
446 617
446 685
446 756
446 841
447 496
447 510
447 672
447 733
447 765
447 825
447 862
447 889
447 953
448 503
448 740
448 765
448 846
448 888
449 460
449 479
449 523
449 535
449 586
449 674
449 715
449 856
449 867
449 879
449 894
450 468
450 475
450 569
450 619
450 654
450 663
450 667
450 711
450 836
451 624
451 737
451 855
451 911
452 474
452 503
452 680
452 719
452 959
453 465
453 691
453 838
453 991
454 466
454 607
454 623
454 799
454 853
454 896
455 535
455 545
455 750
455 955
456 650
456 695
456 717
456 726
456 784
456 827
456 870
456 939
456 989
457 558
457 684
457 760
457 820
457 878
457 896
457 977
457 981
458 487
458 505
458 671
458 946
459 585
459 741
459 793
459 828
459 940
459 965
460 555
460 752
461 478
461 786
461 804
461 854
461 967
462 695
462 720
462 731
462 820
462 985
463 505
463 536
463 618
463 697
463 962
463 969
464 506
464 513
464 583
464 694
464 821
464 971
464 979
465 546
465 653
465 794
466 467
466 786
466 986
466 992
467 528
467 552
467 805
467 863
467 899
468 555
468 568
468 614
468 852
468 895
469 529
469 606
469 780
469 860
469 862
469 922
470 538
470 582
470 759
470 820
470 832
470 894
470 972
471 479
471 598
471 636
471 729
471 754
471 877
472 659
472 689
472 786
473 555
473 570
473 591
473 641
473 644
473 718
473 862
473 901
474 542
474 729
474 853
474 911
474 965
475 538
475 560
475 609
475 694
475 793
475 940
476 601
476 629
476 704
476 781
476 933
476 947
477 661
477 737
477 739
477 815
477 892
478 736
478 832
478 863
478 898
478 952
479 709
479 743
479 778
479 805
479 815
480 530
480 541
480 773
481 492
481 768
481 822
481 858
482 540
482 778
482 789
482 801
482 859
482 913
482 934
483 770
483 776
483 893
484 655
484 661
484 697
484 845
484 983
484 985
485 813
485 929
486 503
486 515
486 704
486 863
486 875
486 876
487 524
487 873
487 876
487 979
487 987
488 545
488 879
489 522
489 557
489 789
489 819
489 977
490 540
490 560
490 616
490 684
490 685
490 838
490 871
490 879
490 979
491 524
491 576
491 833
492 551
492 571
492 573
492 602
492 766
492 797
492 963
492 996
493 598
493 752
493 843
493 957
493 970
494 558
494 708
494 748
494 809
494 929
495 542
495 659
495 758
495 985
496 789
496 836
497 713
497 789
497 806
497 871
497 965
498 551
498 555
498 560
498 585
498 603
498 629
498 791
498 809
498 910
499 598
499 660
499 790
499 835
499 872
499 926
500 505
500 777
500 797
500 868
500 950
501 597
501 691
501 785
501 799
502 839
503 606
503 968
503 992
504 950
504 979
505 507
505 522
505 778
505 840
505 891
505 975
506 564
506 641
506 675
506 868
506 927
507 515
507 821
508 509
508 553
508 589
508 590
508 695
508 804
508 819
508 834
508 873
509 563
509 574
509 598
509 648
509 862
509 969
510 544
510 684
510 725
510 872
510 937
511 625
511 783
511 891
511 921
511 953
511 997
512 721
512 811
512 902
513 526
513 566
513 667
513 729
513 738
513 740
514 728
514 887
514 989
515 582
515 671
515 691
515 695
515 818
515 838
515 915
515 921
515 934
515 948
515 983
516 790
516 850
516 966
517 544
518 541
518 555
518 657
518 683
518 732
518 843
518 904
519 740
520 766
520 997
521 534
521 625
521 712
521 721
521 728
521 986
522 670
522 736
522 856
523 660
523 695
523 742
523 750
523 764
523 861
523 970
524 559
524 839
524 931
524 934
525 722
525 742
525 797
525 821
525 844
525 940
525 942
526 570
526 619
526 654
526 910
528 650
528 773
528 889
528 915
528 970
529 701
529 726
529 774
529 985
530 816
530 893
531 546
531 636
531 665
531 838
532 636
532 743
532 893
532 898
532 961
533 668
533 742
533 764
533 773
533 870
533 898
534 725
534 921
534 926
535 687
535 756
536 748
536 816
536 845
536 856
537 541
537 568
537 580
537 592
537 772
537 789
537 875
537 886
537 946
537 982
538 543
538 590
538 669
538 701
538 813
538 856
539 614
539 728
539 787
539 820
539 943
540 628
540 733
540 891
540 977
541 636
541 778
541 936
541 959
541 990
542 697
543 674
543 876
544 557
544 767
545 681
545 769
545 896
545 989
546 712
546 785
546 838
546 885
546 916
546 927
547 577
547 626
547 659
547 660
547 740
547 893
548 726
548 964
548 999
549 587
549 760
549 773
549 810
549 977
550 651
550 652
550 700
550 747
550 931
550 934
551 597
551 763
551 809
551 842
551 892
551 918
551 969
552 659
552 764
552 929
552 956
552 974
552 983
553 684
553 792
553 923
554 612
554 615
554 749
554 891
554 923
554 966
555 717
555 779
555 993
556 687
556 726
556 752
556 761
556 777
556 796
556 890
556 928
556 947
557 560
557 571
557 617
557 683
557 968
558 603
558 653
558 664
558 698
558 720
558 739
558 790
558 909
558 968
558 982
559 592
559 618
559 969
560 572
560 602
560 647
560 722
560 818
560 975
561 777
561 841
561 904
561 924
562 695
562 723
562 728
562 794
562 936
562 977
562 982
563 652
563 758
563 773
563 835
564 587
564 696
564 748
564 814
565 682
565 687
565 706
565 747
565 900
566 576
566 595
566 985
567 659
567 732
567 824
567 884
567 991
568 610
568 663
568 690
568 761
568 882
568 962
569 595
569 723
569 888
569 900
570 668
570 979
571 701
571 831
571 835
571 976
572 611
572 813
572 964
573 588
573 669
573 830
573 893
574 691
574 738
574 808
574 998
575 744
575 950
576 681
576 699
576 845
576 986
577 607
577 862
577 927
577 941
578 798
578 967
579 612
579 681
579 736
579 897
580 682
580 826
580 992
581 696
581 845
582 709
582 715
582 743
582 768
582 807
582 878
583 693
583 711
583 768
583 771
583 828
583 978
584 816
584 825
584 954
585 603
585 788
585 945
585 980
586 667
586 767
586 805
586 857
586 958
586 981
587 612
587 651
587 717
587 791
587 862
587 998
588 706
588 783
588 799
588 934
589 743
589 775
589 843
589 932
589 979
590 654
590 717
590 741
590 750
590 998
591 602
591 734
591 967
592 622
592 731
592 752
593 693
594 625
594 758
594 835
594 871
594 892
595 601
595 687
595 689
596 698
596 743
596 772
596 899
596 925
596 977
597 638
597 649
597 905
597 919
597 974
599 837
599 853
599 854
599 923
600 679
600 744
600 915
601 611
601 612
601 648
601 676
601 806
601 819
602 622
602 656
602 994
603 666
603 800
603 895
603 971
603 979
604 626
604 708
604 870
604 911
604 941
605 752
605 826
605 945
605 953
606 783
606 792
606 958
607 688
607 695
607 737
607 757
607 883
607 965
607 992
608 658
608 703
608 820
608 997
609 688
609 742
609 804
609 911
610 720
610 780
610 886
610 892
610 943
611 652
611 699
611 801
611 877
611 974
611 993
611 999
612 632
612 806
613 737
613 807
615 620
615 627
615 657
615 693
615 706
615 901
616 758
616 954
616 990
617 742
617 809
617 838
618 650
618 678
618 901
618 945
619 677
619 911
620 630
620 718
620 768
620 808
620 987
621 747
622 636
622 698
623 681
623 836
623 875
624 669
624 738
624 897
624 981
625 742
625 776
625 965
626 651
626 947
627 835
627 990
627 996
628 667
628 874
629 632
629 739
629 854
630 931
630 949
630 959
631 704
632 779
632 795
633 654
633 703
633 895
633 908
634 824
634 917
634 936
635 861
635 919
636 659
636 700
636 722
636 723
636 816
636 958
636 997
637 641
637 675
637 701
637 822
637 947
638 651
638 734
638 737
639 687
639 771
640 651
640 667
640 684
640 727
640 968
641 748
641 770
642 771
642 818
642 859
643 746
643 759
643 978
644 652
644 725
644 846
645 708
645 826
646 685
646 713
646 715
646 910
646 943
647 678
647 797
647 962
648 917
649 724
649 767
649 865
649 959
650 930
651 703
651 854
651 885
651 965
652 679
652 697
652 814
652 834
653 846
653 917
654 688
654 689
654 728
654 734
654 746
654 787
654 840
654 914
654 965
655 668
655 836
655 849
656 712
656 815
656 853
656 909
656 926
656 959
657 868
657 926
658 695
658 729
658 841
658 961
658 967
658 983
659 836
660 894
660 973
661 712
661 765
661 788
662 699
662 716
662 915
663 697
663 703
663 817
663 857
663 861
663 896
663 987
664 673
664 877
664 956
665 726
665 840
666 907
667 700
667 715
667 728
667 814
667 854
667 856
667 988
667 994
668 877
668 891
669 789
669 892
669 913
670 853
670 913
672 682
672 744
673 723
674 923
674 983
675 714
675 792
675 882
675 895
675 986
676 966
677 678
677 696
677 737
677 769
677 793
677 818
677 862
677 884
677 914
678 875
678 939
678 947
679 746
679 853
679 906
679 908
679 937
680 717
680 842
680 906
681 721
681 756
681 856
681 938
682 720
682 786
682 940
682 952
682 966
683 714
683 737
683 774
683 805
683 881
683 891
683 995
684 752
684 773
684 903
685 790
685 866
686 687
686 694
686 722
686 794
686 906
686 992
687 926
688 760
688 826
688 884
688 947
688 954
689 829
689 891
689 915
690 942
690 944
690 987
690 999
691 702
691 742
691 853
692 905
692 930
692 944
693 800
693 819
693 991
693 997
694 799
694 877
694 938
694 974
695 750
695 771
695 906
695 921
695 938
695 955
695 997
696 817
696 843
696 866
696 900
696 941
696 988
696 990
696 991
697 785
697 849
697 858
698 845
698 992
699 723
699 742
699 768
699 885
699 939
700 730
700 739
700 859
700 900
700 961
701 759
701 771
701 789
701 822
701 899
701 915
701 925
702 727
702 783
702 792
702 838
702 915
703 816
703 846
703 885
704 810
704 870
705 750
705 864
706 794
706 865
706 902
706 904
707 713
707 728
707 860
707 998
708 766
708 895
708 900
708 980
708 992
709 744
710 751
710 787
710 959
711 819
711 849
711 869
712 802
712 868
713 733
713 847
713 888
713 896
713 983
714 898
715 766
715 792
715 914
715 961
715 979
716 731
716 832
717 834
717 929
717 937
718 774
718 810
719 880
720 760
720 798
720 927
721 733
721 889
721 899
721 948
722 750
722 800
722 903
722 999
723 785
723 798
723 885
723 931
724 773
724 908
724 978
725 740
725 992
726 791
726 888
726 968
727 933
728 747
728 852
729 875
729 997
730 752
730 804
730 819
730 922
730 930
730 969
730 970
731 846
731 962
731 999
732 814
732 840
733 759
733 832
733 991
735 812
735 853
735 931
735 932
735 957
735 994
736 939
736 963
737 976
738 870
738 901
738 973
739 836
739 985
740 948
741 895
741 897
741 913
741 953
741 983
742 795
742 839
742 876
742 886
742 961
744 813
744 826
744 856
744 932
744 941
744 942
744 948
745 765
746 802
746 818
746 987
747 771
747 787
748 752
748 816
748 818
748 833
748 944
748 956
748 985
750 907
750 974
751 768
751 834
751 859
751 891
752 770
753 780
753 855
753 932
753 952
753 958
754 834
754 844
756 764
756 783
756 841
757 850
757 952
758 819
758 823
758 878
758 892
758 923
758 961
759 871
759 909
760 972
761 762
761 764
761 779
761 925
761 963
762 764
762 885
762 962
763 834
763 923
763 967
763 979
765 835
765 853
765 961
766 873
766 940
766 993
767 797
767 909
767 959
767 971
769 840
769 900
769 946
769 976
772 989
773 928
773 970
774 914
776 951
777 779
777 794
777 841
777 885
777 962
778 816
779 907
779 911
779 998
780 919
781 823
782 918
782 946
782 954
782 990
783 942
783 945
783 953
783 957
784 789
784 814
784 922
784 981
785 846
785 981
787 891
787 933
788 902
789 881
789 937
789 956
790 866
790 892
791 819
791 832
791 846
792 970
793 874
794 858
794 917
794 920
795 814
795 898
795 933
795 959
796 862
799 959
800 805
800 823
800 988
801 890
801 936
801 939
801 956
801 965
802 862
802 865
802 903
803 926
804 826
804 945
804 974
805 891
805 896
805 969
807 846
807 915
807 921
808 889
810 825
810 929
810 958
812 992
813 829
813 835
814 843
815 899
815 988
816 916
816 985
817 863
817 906
817 910
817 925
817 946
817 964
818 924
818 941
821 904
822 942
822 984
823 995
825 951
826 850
827 852
827 893
827 952
828 832
828 837
828 863
828 906
828 927
829 913
830 837
831 983
832 916
832 975
833 877
834 850
834 926
835 906
836 841
836 886
836 966
837 990
838 943
839 909
839 963
840 983
841 938
842 898
842 910
844 953
845 869
845 916
845 973
845 993
846 849
847 981
849 894
849 949
850 851
852 936
854 891
854 901
856 863
856 970
857 864
857 907
858 873
858 944
859 877
859 885
862 951
863 867
863 893
863 921
863 941
863 965
863 997
864 913
864 930
865 866
865 921
865 976
867 933
867 954
868 930
868 943
870 896
871 896
872 902
873 895
874 983
875 926
875 986
878 977
879 899
880 933
880 937
880 993
880 998
881 923
881 939
883 978
884 986
886 920
888 891
888 924
888 980
889 915
889 931
889 955
889 971
891 905
891 921
892 953
893 941
894 988
896 912
896 915
897 995
898 914
899 927
899 952
900 928
900 950
902 923
902 945
903 925
904 950
905 910
907 948
909 953
911 917
911 936
912 925
914 920
914 938
915 988
916 932
917 961
918 961
920 925
921 939
926 975
930 983
932 993
933 953
934 935
934 949
934 993
937 943
937 982
938 941
938 992
942 988
942 989
944 959
949 952
949 976
951 953
954 955
956 979
965 993
966 967
966 999
968 991
969 972
980 992
986 994
989 998