1000
532
0 690
1 108
2 135
2 505
4 42
4 726
4 811
5 126
5 592
5 718
5 848
7 961
8 44
8 83
8 631
13 654
18 435
21 426
21 503
23 325
23 341
25 810
26 493
26 833
27 80
27 760
28 246
28 336
28 463
28 646
29 549
29 979
30 222
31 113
31 934
31 971
32 986
33 293
34 47
34 647
35 245
36 148
38 464
38 567
39 158
39 284
39 774
41 671
42 370
43 614
44 476
44 959
46 210
47 443
48 386
48 554
48 911
49 155
50 558
50 721
51 142
52 992
53 731
55 509
55 888
56 857
56 923
59 273
59 711
61 719
62 402
64 636
64 712
66 486
67 72
67 312
68 606
73 582
74 193
74 437
74 956
75 807
76 95
78 576
80 305
81 891
83 522
85 503
85 743
86 124
87 217
88 316
88 430
88 538
89 392
90 210
90 920
91 232
93 595
94 703
95 559
100 659
101 159
101 485
103 436
103 839
104 295
104 888
105 745
106 901
107 715
107 885
109 375
110 510
110 653
112 500
113 638
114 712
114 937
116 364
116 828
117 388
117 793
118 383
121 673
122 747
124 370
125 998
126 448
126 749
128 306
129 990
130 382
131 335
131 746
135 418
136 375
136 625
136 773
137 395
137 743
138 835
140 258
140 447
141 195
141 529
144 747
147 959
148 322
148 743
150 954
152 409
152 763
154 405
156 314
156 457
156 932
159 324
160 794
161 172
161 271
162 191
164 904
165 273
166 544
168 520
168 618
168 639
169 240
169 337
171 918
173 925
174 462
174 526
174 979
175 464
176 490
177 211
177 248
177 403
178 291
179 280
180 809
181 239
182 433
184 699
185 489
186 566
187 884
188 737
189 354
190 867
192 342
192 596
193 832
196 715
197 260
199 407
200 521
201 719
202 478
203 806
204 319
204 636
204 791
205 640
206 315
206 421
208 263
209 605
210 288
210 535
211 617
211 707
213 991
214 420
214 548
215 882
216 883
217 536
221 706
222 370
223 985
224 227
227 776
227 997
230 861
234 367
236 273
236 428
237 518
239 340
241 831
242 285
243 700
244 829
244 905
245 610
246 275
248 377
248 565
251 586
254 424
254 704
258 726
258 805
261 319
261 536
261 697
265 954
266 389
267 648
270 912
271 512
271 929
277 425
277 850
281 298
283 349
283 753
283 808
284 450
284 787
284 883
285 532
285 781
288 545
289 400
289 587
289 909
290 930
291 648
291 790
293 422
296 724
298 346
298 413
299 579
300 417
300 815
305 540
306 632
307 617
309 326
315 811
315 970
316 783
317 392
319 435
324 553
326 681
327 939
329 645
330 412
331 649
332 635
333 341
336 348
336 772
338 461
338 632
340 569
342 366
342 914
347 914
350 592
353 819
354 673
356 737
356 991
358 630
358 648
359 881
361 459
361 812
361 948
362 537
362 683
363 715
364 913
367 665
368 398
371 473
371 656
371 967
374 715
375 497
375 608
378 826
380 618
383 911
384 466
384 815
385 664
385 739
386 852
390 659
391 438
391 491
393 657
393 688
394 763
397 569
397 795
398 959
399 611
401 820
402 425
402 472
402 697
410 987
415 480
419 561
423 565
423 914
424 860
425 773
426 746
428 525
428 865
429 688
431 678
434 651
435 834
436 521
438 806
439 483
439 629
439 740
439 985
441 999
444 919
445 687
452 725
454 614
455 857
457 658
457 860
457 931
460 495
468 660
470 795
471 607
471 806
473 893
473 941
479 993
483 673
486 614
489 667
489 915
496 731
496 895
500 514
500 746
502 616
503 600
504 576
505 865
505 872
505 951
506 811
507 988
511 564
513 632
518 929
519 721
521 655
525 815
526 535
526 821
529 735
534 552
534 618
537 628
539 896
541 998
542 959
543 887
544 911
544 969
545 761
545 834
545 932
546 658
546 798
547 605
549 650
551 931
554 791
557 891
561 816
565 577
565 741
565 836
570 832
570 910
570 996
572 733
572 855
573 694
574 955
577 723
579 698
585 829
586 756
588 607
589 664
592 715
592 917
594 703
595 721
597 954
598 710
599 937
601 683
604 699
606 760
608 898
609 784
610 770
611 852
612 729
612 939
623 937
636 893
637 963
638 937
643 768
647 857
647 997
649 716
654 937
656 736
658 731
658 755
661 678
666 974
670 709
670 943
672 863
681 890
683 833
688 752
690 857
691 873
694 743
696 868
698 723
701 751
704 738
704 883
704 999
710 824
712 756
714 732
714 759
716 776
731 786
738 810
739 742
744 763
747 949
756 963
759 772
761 901
762 939
784 853
784 939
787 843
788 988
795 989
798 849
810 894
812 968
818 863
819 907
821 951
821 967
841 949
846 971
857 888
865 989
868 968
880 893
883 903
883 926
887 978
910 914
938 951
956 976
959 997