100
499
0 8
0 13
0 30
0 43
0 57
0 83
0 97
1 2
1 21
1 30
1 44
1 72
1 87
1 97
2 3
2 26
2 27
2 40
2 59
2 66
3 16
3 32
3 36
3 39
3 54
3 70
4 11
4 13
4 18
4 21
4 22
4 30
4 34
4 40
4 42
4 45
4 47
4 74
4 84
5 17
5 19
5 55
5 67
5 82
5 85
5 88
5 96
6 12
6 13
6 19
6 25
6 35
6 36
6 63
6 64
6 84
7 21
7 24
7 38
7 45
7 55
7 64
7 76
7 77
7 93
7 96
8 11
8 14
8 24
8 29
8 42
8 55
8 68
8 73
8 75
8 96
9 10
9 27
9 30
9 38
9 49
9 71
9 76
9 82
10 13
10 14
10 21
10 22
10 45
10 49
10 73
11 32
11 33
11 34
11 57
11 58
11 76
11 78
11 81
11 84
11 94
11 96
12 14
12 20
12 28
12 36
12 38
12 48
12 55
12 62
12 72
12 82
12 83
12 91
13 16
13 26
13 30
13 35
13 49
13 58
13 61
13 92
14 26
14 28
14 39
14 42
14 52
14 58
14 76
14 78
14 83
15 17
15 30
15 35
15 39
15 43
15 54
15 61
15 77
15 80
15 95
15 99
16 29
16 31
16 41
16 44
16 55
16 57
16 72
16 87
16 90
16 92
16 97
17 19
17 40
17 49
17 52
17 56
17 64
17 73
17 95
17 99
18 23
18 29
18 43
18 52
18 60
18 65
19 20
19 26
19 42
19 43
19 44
19 60
20 48
20 49
20 83
21 26
21 31
21 32
21 56
21 78
21 84
21 92
22 27
22 39
22 47
22 52
22 54
22 98
22 99
23 40
23 48
23 58
23 63
23 65
23 69
23 74
23 80
23 84
23 92
24 35
24 41
24 43
24 52
24 58
24 64
24 66
24 77
24 81
24 87
24 92
24 94
25 29
25 59
25 64
25 66
25 69
25 77
25 82
25 95
25 96
25 98
26 45
26 54
26 63
26 76
26 90
26 95
27 35
27 40
27 45
27 60
27 62
27 63
27 67
27 68
27 90
27 91
28 58
28 62
28 63
28 66
28 67
28 70
28 83
29 44
29 87
30 50
30 52
30 79
30 81
30 85
30 91
30 95
30 99
31 35
31 50
31 57
31 59
31 67
31 70
31 71
31 72
31 74
31 75
31 77
31 83
31 95
32 45
32 47
32 67
32 78
32 86
32 98
33 34
33 39
33 68
33 85
33 99
34 60
34 61
34 63
34 64
34 69
34 91
34 98
35 37
35 40
35 43
35 44
35 49
35 57
35 62
35 73
35 78
35 89
35 98
36 45
36 51
36 72
37 55
37 58
37 66
37 72
37 76
37 79
37 87
38 43
38 75
38 91
38 96
39 45
39 63
39 65
39 91
39 92
39 97
40 45
40 46
40 49
40 56
40 60
40 61
40 77
40 91
41 53
41 54
41 79
41 81
41 97
42 90
42 95
43 53
43 87
43 95
43 98
44 54
44 56
44 74
44 81
45 47
45 49
45 63
45 65
45 69
45 74
45 84
45 85
45 86
45 89
46 48
46 51
46 56
46 57
46 61
46 68
46 73
46 74
46 76
47 61
47 62
47 72
47 93
48 51
48 57
48 67
48 84
48 91
49 59
49 63
49 80
49 83
49 97
49 98
50 61
50 63
50 81
50 86
50 95
50 96
50 99
51 60
51 73
51 75
51 78
52 62
52 83
52 88
52 89
52 95
53 63
53 71
53 82
53 90
54 60
54 86
54 97
55 60
55 68
55 74
55 77
55 78
55 94
56 67
56 73
56 79
56 96
56 97
57 59
57 66
57 67
57 75
57 79
57 88
57 95
57 98
57 99
58 72
58 89
59 65
59 67
59 76
59 89
60 67
60 76
60 77
60 80
60 94
61 68
61 81
61 84
61 89
61 93
61 99
62 71
62 74
62 78
62 83
62 86
63 71
63 87
63 89
64 70
65 77
65 87
65 92
66 80
66 91
66 94
66 95
66 98
67 88
67 97
68 70
68 71
68 73
68 93
69 78
69 79
69 86
69 91
69 97
70 71
70 79
70 88
70 99
71 78
71 79
71 81
71 86
71 99
72 74
72 82
73 83
73 89
74 94
75 83
75 99
76 80
76 95
76 97
78 89
80 83
80 86
80 89
80 91
81 86
82 94
82 95
83 86
84 87
84 92
85 90
85 96
86 93
86 97
88 90
90 97