1000
488
3 65
4 10
4 156
4 208
4 708
5 79
5 186
5 396
7 168
7 392
8 61
10 357
10 424
11 109
12 273
13 408
13 891
14 287
14 564
20 178
20 860
20 861
21 718
23 309
23 423
24 521
26 222
26 986
27 82
28 586
28 740
28 947
29 94
30 792
33 874
34 698
35 440
37 367
37 428
37 857
39 763
40 912
41 243
41 666
43 931
44 620
47 704
50 116
50 126
50 676
52 252
52 530
53 632
55 446
55 548
55 662
56 126
58 431
60 289
62 295
63 939
65 861
65 995
66 106
66 303
66 752
67 702
71 969
73 441
74 541
74 974
75 340
76 286
77 138
78 354
82 921
83 736
86 318
88 267
88 273
88 276
89 680
92 335
94 703
96 639
97 298
97 414
97 662
99 280
100 672
100 815
105 124
106 267
106 593
108 110
108 311
108 718
108 818
111 519
112 487
113 715
114 442
115 734
116 719
119 740
120 349
122 431
123 629
124 353
125 727
126 253
127 760
133 557
134 606
134 907
136 823
138 501
138 538
139 453
140 172
141 277
141 286
141 836
144 402
144 680
145 618
151 272
152 218
157 875
158 584
158 831
161 486
162 696
163 197
164 246
164 480
167 745
168 466
169 646
169 738
170 475
171 723
172 522
173 658
173 997
174 965
175 964
179 253
179 364
179 653
180 325
181 593
182 270
182 515
185 477
186 268
186 877
186 951
188 944
190 923
192 409
192 780
194 918
195 805
197 980
199 440
199 532
199 610
199 782
200 917
201 727
201 903
202 796
203 795
204 367
204 441
205 362
207 523
208 834
209 825
213 321
225 876
226 528
228 303
229 904
232 608
233 953
235 666
236 513
238 697
238 781
246 622
246 972
249 898
252 733
253 594
254 505
256 503
257 782
258 843
259 698
259 935
263 946
264 489
265 480
266 431
266 713
268 454
268 648
270 800
273 385
274 971
275 410
277 390
277 673
278 498
278 973
281 596
286 413
287 761
288 500
289 355
290 375
290 409
291 607
292 732
295 907
296 696
297 458
297 550
299 389
302 406
303 318
304 583
305 540
309 761
310 870
311 780
312 686
313 385
313 551
318 324
320 639
321 931
322 814
323 741
324 533
324 733
326 393
329 578
332 448
333 398
333 704
334 433
336 601
336 871
336 992
337 811
339 613
339 702
340 646
341 396
341 712
342 375
342 553
343 394
343 759
343 762
345 802
345 971
346 379
346 628
346 762
349 491
350 486
351 355
352 727
353 492
353 961
355 657
357 541
357 974
359 792
361 860
362 452
363 395
363 863
365 615
365 646
366 965
367 455
370 986
371 610
372 622
372 942
374 852
374 906
376 591
377 885
379 530
382 571
382 588
384 502
384 914
385 469
388 900
389 519
389 837
391 966
398 414
399 787
402 605
405 790
409 579
409 942
411 427
411 988
413 663
416 605
417 448
417 758
417 915
418 549
419 608
419 973
421 495
422 619
422 702
423 714
428 908
434 667
436 587
441 719
441 746
442 710
447 699
449 510
451 527
452 650
455 673
461 741
462 523
463 717
464 615
467 780
471 542
472 786
473 677
473 928
475 700
477 620
478 948
479 503
479 845
483 795
488 536
488 943
492 638
494 747
497 639
498 603
499 891
501 769
501 893
503 625
503 703
504 630
507 934
510 516
511 741
519 966
521 950
524 974
525 611
525 712
531 728
532 753
533 655
534 805
544 705
544 855
547 654
548 630
556 613
556 772
559 899
565 722
569 911
574 787
579 656
580 792
585 741
585 957
587 817
587 914
590 971
592 797
593 778
594 610
594 907
596 965
603 764
603 871
604 950
604 974
605 621
606 700
610 850
611 794
617 971
623 647
624 967
625 907
627 713
629 692
629 785
633 854
639 765
648 908
649 822
650 735
650 772
655 724
660 920
667 734
670 778
670 980
675 879
676 677
678 847
679 878
681 926
682 776
687 688
688 971
688 992
702 819
702 827
702 862
705 913
706 846
707 892
708 813
715 992
718 870
719 742
722 812
727 937
727 961
729 863
734 805
738 780
741 842
753 820
767 894
771 891
776 833
784 862
792 948
796 940
797 993
801 932
816 976
820 907
824 936
826 909
827 940
839 846
839 903
841 902
847 900
854 974
856 917
861 975
864 967
875 930
875 970
876 929
878 967
896 994
899 960
903 972
908 960
924 988
932 959
936 953
963 991
964 982