100
471
0 6
0 16
0 23
0 34
0 54
0 55
0 89
1 13
1 20
1 26
1 29
1 38
1 39
1 40
1 44
1 45
1 46
1 52
1 55
1 66
1 91
2 23
2 29
2 32
2 35
2 62
2 65
2 66
2 70
3 4
3 11
3 22
3 40
3 53
3 55
3 57
3 75
3 82
3 83
3 96
4 13
4 19
4 61
4 62
4 68
4 71
4 73
4 81
4 84
4 89
5 23
5 34
5 44
5 46
5 69
5 75
5 77
5 81
5 88
6 11
6 14
6 21
6 43
6 48
6 55
6 61
6 75
6 77
6 83
6 90
6 92
7 11
7 18
7 46
7 54
7 60
7 71
7 75
7 96
7 99
8 20
8 31
8 34
8 36
8 50
8 54
8 61
8 73
8 75
8 92
8 95
8 96
9 21
9 40
9 43
9 58
9 60
9 62
9 63
9 74
9 79
9 84
9 99
10 22
10 33
10 38
10 60
10 63
10 65
10 72
10 73
10 80
10 89
10 95
11 47
11 57
11 61
11 86
11 92
12 17
12 57
12 83
12 87
13 16
13 56
13 94
14 18
14 26
14 36
14 46
14 49
14 53
14 54
14 60
14 82
14 89
15 20
15 21
15 36
15 41
15 49
15 63
15 64
15 66
15 89
15 98
16 26
16 39
16 61
16 85
16 92
17 44
17 45
17 52
17 56
17 60
17 71
17 93
18 38
18 39
18 40
18 55
18 86
18 93
19 61
19 77
19 92
20 23
20 28
20 30
20 66
20 86
21 48
21 68
21 76
21 89
22 44
22 64
22 65
22 67
22 69
22 94
22 95
22 99
23 29
23 30
23 36
23 44
23 46
23 47
23 50
23 68
23 76
24 25
24 31
24 33
24 41
24 49
24 55
24 63
24 84
24 87
24 92
25 27
25 33
25 54
25 73
25 79
25 88
25 95
25 96
25 97
26 27
26 38
26 50
26 52
26 57
26 61
26 69
26 74
26 79
26 83
27 49
27 51
27 54
27 66
28 33
28 37
28 43
28 46
28 47
28 48
28 50
28 53
28 66
28 80
29 46
29 64
29 84
29 94
30 35
30 36
30 56
30 80
30 82
30 87
31 40
31 41
31 50
31 59
31 67
31 68
31 76
31 90
32 35
32 68
32 80
32 81
32 90
32 94
33 55
33 59
34 42
34 51
34 69
34 72
34 77
34 85
34 91
35 49
35 70
36 50
36 52
36 57
36 92
37 64
37 65
37 68
37 80
37 89
37 96
38 45
38 58
38 59
38 62
38 68
38 70
38 81
39 59
39 69
39 77
39 91
40 47
40 50
40 62
40 80
40 89
40 90
41 58
41 60
41 69
41 74
41 78
41 89
42 49
42 56
42 57
42 81
42 83
42 87
42 93
42 96
42 98
42 99
43 62
43 68
43 77
43 84
43 94
44 45
44 61
44 76
44 84
44 85
44 86
44 90
45 57
45 59
45 63
45 69
45 83
45 90
46 49
46 99
47 53
47 64
47 66
47 82
47 93
47 96
48 51
48 65
48 76
48 92
49 53
49 70
49 77
49 81
49 91
49 93
50 69
50 77
50 97
50 99
51 57
51 66
51 68
51 81
51 87
51 94
52 56
52 65
52 75
52 88
53 62
53 94
54 62
54 71
54 73
55 58
55 65
55 69
55 85
55 87
55 94
55 96
56 61
56 81
57 65
57 71
57 77
57 90
57 94
58 84
58 92
58 99
59 89
60 63
60 80
60 90
60 92
61 64
61 65
61 68
61 70
61 79
61 85
61 99
62 88
62 91
63 79
63 85
63 92
64 78
64 82
65 66
65 71
65 76
65 81
65 89
66 71
66 73
66 90
67 74
67 95
68 72
68 76
68 82
68 83
68 94
68 99
69 88
69 91
69 93
70 75
70 83
70 96
71 88
71 94
71 95
71 98
72 84
72 85
73 85
73 87
73 90
73 95
74 85
74 89
74 91
74 95
75 79
75 87
76 86
77 98
77 99
78 89
79 92
79 93
79 98
79 99
80 87
81 90
82 86
82 90
82 93
83 93
85 90
85 93
86 87
86 91
88 90
88 93
90 93
90 98
91 98
92 93
93 96
93 99
94 98
96 97