1000
497
0 206
2 612
3 26
6 157
6 591
8 316
9 306
9 809
10 755
11 807
12 299
14 458
15 930
16 187
16 304
17 192
17 871
18 580
20 328
20 913
22 410
23 226
25 625
28 98
29 457
29 647
30 129
31 68
31 376
31 429
31 467
31 705
32 247
33 417
33 840
36 163
36 924
37 201
37 346
37 718
38 236
41 296
41 905
42 947
43 629
44 810
44 895
45 841
51 978
53 227
53 435
56 732
57 389
57 571
57 880
58 316
58 400
59 155
59 450
59 499
59 545
60 450
60 575
62 118
62 342
62 485
63 980
65 204
65 566
65 762
66 120
67 92
67 457
72 81
72 614
72 995
73 968
74 686
74 875
75 164
79 673
80 705
80 721
82 814
85 160
85 302
85 890
87 892
91 194
92 546
93 301
95 191
95 444
96 715
97 467
98 357
98 902
99 112
99 918
99 990
100 423
100 583
100 750
101 369
102 299
102 606
105 714
108 953
109 216
111 752
113 175
113 283
114 611
114 647
116 463
116 999
117 640
119 459
119 919
120 391
121 137
122 603
128 328
129 957
130 248
130 262
130 806
132 926
133 381
136 568
136 580
138 195
138 411
144 396
145 158
149 434
149 798
150 528
150 689
152 272
152 396
152 707
153 357
153 999
154 781
155 535
157 891
159 541
160 641
161 703
162 587
164 718
164 741
166 267
166 937
169 237
170 814
174 369
175 380
175 628
176 464
176 525
180 679
180 874
182 803
183 678
183 910
184 954
186 406
187 747
191 312
192 258
196 978
198 578
202 314
202 656
204 452
204 870
205 844
206 407
206 643
209 296
209 573
209 614
212 791
214 217
215 795
218 730
218 839
219 431
220 966
221 241
221 335
222 504
225 733
228 360
228 424
228 646
228 766
229 232
229 555
229 709
229 786
230 522
232 465
232 573
232 721
233 721
234 262
236 662
239 961
240 792
243 514
244 519
245 997
248 917
254 350
256 257
257 307
259 715
260 576
261 636
262 702
268 945
272 284
272 439
272 656
273 434
273 997
274 734
276 295
276 751
276 940
278 318
279 349
279 390
279 974
280 465
280 610
280 756
280 760
282 559
283 563
284 450
284 773
290 821
294 551
295 863
297 403
297 507
298 808
299 366
303 569
304 712
306 926
308 578
308 904
309 335
311 515
312 711
313 747
314 487
314 606
315 377
318 563
320 552
320 697
321 635
321 864
325 760
325 937
327 581
329 757
329 897
332 713
336 686
336 754
337 668
338 810
340 347
341 357
342 523
342 729
342 800
344 499
346 948
350 712
352 359
354 451
355 452
356 686
357 528
357 686
357 952
359 473
360 945
362 718
363 749
363 852
363 909
363 942
364 618
365 666
369 852
370 964
371 576
371 824
375 447
375 753
379 662
384 540
384 827
385 854
390 584
392 688
392 928
393 701
400 469
400 605
400 673
401 415
403 894
410 775
411 640
412 839
413 435
413 516
415 865
415 883
415 909
416 469
416 827
417 649
417 822
418 991
419 838
420 617
420 832
421 579
429 773
431 602
431 980
433 984
440 684
441 876
442 733
443 733
446 722
446 844
449 573
453 879
463 885
465 585
466 985
468 691
470 673
476 590
476 596
479 799
479 843
479 921
479 929
480 604
482 508
482 846
491 727
493 628
495 568
495 805
504 704
505 911
509 789
509 799
511 716
516 985
517 569
518 717
523 750
523 880
528 974
530 765
535 640
535 697
535 973
536 568
537 838
542 725
542 926
548 854
548 969
549 878
550 733
554 598
555 673
555 904
555 970
557 951
562 815
563 929
565 667
567 904
573 644
573 785
574 701
575 970
578 799
581 905
584 800
587 873
589 680
592 829
596 721
598 872
600 640
602 875
611 878
611 992
612 887
615 655
615 953
616 958
621 666
622 678
622 872
622 957
623 688
623 991
624 733
625 881
627 720
627 789
636 915
637 956
638 776
640 669
640 999
648 728
649 977
649 982
650 911
660 889
660 971
663 922
669 685
669 805
670 958
676 847
682 743
684 697
684 992
687 924
689 889
691 949
699 800
700 831
701 940
703 867
708 807
709 759
709 813
712 951
719 824
719 877
720 900
721 815
734 849
739 824
741 863
752 911
755 884
756 947
757 974
758 926
759 762
761 836
765 845
771 787
771 857
789 847
791 816
796 950
797 884
803 867
804 982
807 888
815 883
830 854
832 964
843 908
867 997
885 996
890 945
898 930
933 935
937 980
946 966
948 995