100
475
0 2
0 18
0 23
0 40
0 74
0 93
1 5
1 20
1 23
1 26
1 31
1 36
1 46
1 52
1 56
1 74
1 78
2 5
2 12
2 36
2 37
2 52
2 67
2 81
2 88
2 91
3 25
3 72
3 78
3 84
3 98
4 7
4 8
4 32
4 37
4 44
4 66
4 67
4 76
4 82
5 13
5 15
5 38
5 45
5 46
5 56
5 63
5 66
5 72
5 86
6 19
6 22
6 27
6 30
6 33
6 41
6 43
6 49
6 51
6 55
7 9
7 21
7 23
7 24
7 32
7 39
7 44
7 50
7 57
7 58
7 83
7 87
7 90
8 15
8 25
8 54
8 59
8 66
8 88
8 90
9 19
9 55
9 61
9 75
9 84
10 16
10 38
10 76
10 79
10 80
10 88
10 93
10 95
11 13
11 38
11 41
11 52
11 60
11 91
12 14
12 16
12 17
12 18
12 25
12 29
12 32
12 39
12 55
12 70
12 77
12 95
13 24
13 33
13 39
13 47
13 54
13 57
13 60
13 77
13 88
13 93
14 28
14 33
14 34
14 49
14 53
14 54
14 55
14 67
14 69
14 74
14 77
14 83
15 59
15 71
15 75
15 82
15 90
15 96
16 33
16 43
16 53
16 70
16 74
17 41
17 46
17 50
17 52
17 53
17 59
17 66
17 71
17 72
17 86
17 87
17 90
17 98
18 30
18 35
18 45
18 53
18 60
18 61
18 84
18 86
19 25
19 30
19 32
19 49
19 50
19 53
19 54
19 62
19 91
20 22
20 25
20 34
20 35
20 39
20 47
20 53
20 58
20 60
20 68
20 93
21 34
21 37
21 46
21 87
21 89
22 24
22 42
22 49
22 65
22 66
22 99
23 32
23 39
23 46
23 57
23 74
23 80
23 87
24 26
24 38
24 39
24 46
24 47
24 78
24 94
25 35
25 64
26 32
26 42
26 71
26 73
26 87
26 96
26 98
27 31
27 45
27 55
27 78
27 98
28 35
28 52
28 63
28 74
28 94
29 32
29 85
30 39
30 47
30 53
30 72
30 79
30 80
30 83
31 35
31 43
31 50
31 59
31 67
31 84
31 94
32 49
32 50
32 73
32 90
33 53
33 82
34 36
34 42
34 70
34 84
34 99
35 46
35 50
35 69
35 72
35 75
35 97
36 37
36 42
36 44
36 53
36 55
36 65
36 91
36 93
37 41
37 50
37 65
37 76
37 83
37 96
38 40
38 42
38 50
38 52
38 54
38 57
38 58
38 63
38 64
38 65
38 71
38 72
38 88
38 98
39 40
39 42
39 49
39 51
39 52
39 56
39 74
39 78
39 85
40 43
40 44
40 58
40 59
40 65
40 71
40 82
41 66
41 68
41 70
41 74
41 87
41 88
41 91
42 45
42 48
42 60
42 72
42 79
42 80
42 81
42 93
42 96
42 99
43 47
43 49
43 54
43 62
43 64
43 85
44 49
44 56
44 60
44 69
44 75
44 76
44 91
44 98
45 91
45 96
46 48
46 58
46 64
47 53
47 61
47 65
47 69
47 82
47 90
47 98
48 51
48 60
48 64
48 68
48 77
48 88
49 68
49 80
49 83
49 89
49 98
50 53
50 70
50 90
50 99
51 60
51 78
51 80
52 53
52 65
52 66
52 69
52 71
53 72
53 87
53 93
54 59
54 66
54 71
54 74
55 63
55 66
55 75
55 83
55 84
55 87
55 89
55 98
55 99
56 74
56 85
56 86
56 89
57 68
57 97
58 61
58 80
58 82
58 97
59 76
59 90
59 96
59 98
60 72
60 81
60 90
61 63
61 67
61 71
61 83
62 88
62 98
63 64
64 74
64 80
64 82
64 87
65 67
65 73
65 85
65 90
65 98
66 67
66 85
66 86
67 81
67 89
68 70
68 73
68 82
68 93
68 98
69 79
69 88
69 90
70 98
70 99
71 74
71 87
71 93
72 84
72 88
72 89
72 96
73 77
73 99
74 85
74 86
74 93
74 94
74 96
75 86
75 88
75 96
76 79
76 83
76 84
76 93
76 94
76 96
77 80
77 98
78 93
78 94
79 87
80 91
81 91
81 93
83 93
85 96
85 98
86 97
88 94
88 98
89 93
90 95