1000
4994
0 118
0 229
0 396
0 411
0 691
0 820
0 964
1 236
1 311
1 435
1 518
1 596
2 31
2 34
2 143
2 152
2 215
2 258
2 271
2 308
2 434
2 454
2 712
2 777
2 905
2 977
2 980
3 106
3 135
3 247
3 261
3 323
3 350
3 433
3 552
3 707
3 735
3 862
3 933
4 43
4 71
4 316
4 369
4 414
4 448
4 500
4 503
4 512
4 553
4 591
4 743
5 11
5 39
5 67
5 95
5 180
5 240
5 247
5 296
5 324
5 328
5 358
5 398
5 404
5 577
5 588
5 655
5 656
5 895
5 944
5 994
6 184
6 331
6 376
6 433
6 499
6 500
6 539
6 543
6 698
6 735
6 804
6 853
6 861
7 123
7 183
7 248
7 353
7 479
7 510
7 705
7 871
7 879
7 963
7 996
8 66
8 237
8 238
8 441
8 471
8 655
8 826
8 895
9 159
9 197
9 209
9 323
9 421
9 537
9 618
9 791
9 937
10 371
10 392
10 661
10 788
10 977
11 158
11 271
11 343
11 465
11 699
11 791
11 873
11 913
11 975
12 53
12 137
12 138
12 258
12 302
12 457
12 471
12 524
13 44
13 341
13 529
13 638
13 787
13 795
13 854
13 884
13 958
14 539
14 931
14 996
15 234
15 365
15 405
15 439
15 506
15 540
15 594
15 885
16 238
16 464
16 487
16 492
16 578
16 590
16 653
16 656
16 668
16 693
16 735
16 747
16 751
16 898
17 78
17 118
17 322
17 330
17 447
17 631
17 925
17 933
17 997
18 92
18 283
18 286
18 305
18 345
18 374
18 508
18 694
18 761
18 917
18 947
19 207
19 233
19 285
19 402
19 535
19 664
19 722
19 920
20 85
20 126
20 266
20 422
20 435
20 454
20 526
20 527
20 622
20 802
20 827
20 830
20 917
20 949
20 956
20 981
21 130
21 262
21 420
21 570
21 598
21 625
21 646
22 161
22 611
22 901
22 952
23 26
23 287
23 407
23 426
23 436
23 468
23 512
23 552
23 859
23 880
23 916
23 977
24 37
24 237
24 303
24 381
24 484
24 486
24 725
24 735
24 814
24 835
24 956
25 36
25 240
25 382
25 400
25 416
25 503
25 576
25 739
25 743
25 894
26 51
26 175
26 238
26 335
26 447
26 526
26 562
26 758
26 760
26 792
26 804
26 971
26 991
27 114
27 430
27 486
27 647
27 683
27 753
27 773
27 782
27 808
28 46
28 60
28 291
28 485
28 486
28 625
28 911
28 912
29 224
29 246
29 435
29 575
29 577
29 782
29 783
29 834
29 880
29 997
30 36
30 155
30 255
30 308
30 337
30 344
30 355
30 458
30 873
30 889
30 910
30 930
31 35
31 111
31 364
31 620
31 621
31 681
31 684
31 817
31 949
32 199
32 267
32 375
32 609
32 640
32 642
32 655
32 656
32 710
32 726
32 747
32 817
32 961
33 85
33 371
33 404
33 470
33 574
33 734
34 129
34 274
34 291
34 399
34 483
34 496
34 542
34 839
34 852
34 864
34 931
35 808
35 943
36 147
36 151
36 218
36 225
36 409
36 472
36 476
36 480
36 524
36 529
36 654
36 660
36 742
36 843
37 144
37 204
37 313
37 431
37 440
37 551
37 588
37 647
37 718
37 804
37 812
37 940
38 157
38 219
38 298
38 330
38 492
38 797
38 822
38 835
39 218
39 254
39 300
39 309
39 434
39 446
39 881
39 971
39 979
40 89
40 305
40 320
40 798
40 853
40 885
40 948
41 84
41 249
41 423
41 459
41 577
41 579
41 758
41 817
42 114
42 325
42 366
42 405
42 412
42 606
42 659
42 734
42 742
42 827
42 837
42 993
43 93
43 353
43 382
43 476
43 535
43 564
43 587
43 929
44 145
44 193
44 201
44 407
44 424
44 514
44 596
44 821
44 841
44 923
44 943
45 90
45 197
45 268
45 315
45 343
45 344
45 387
45 438
45 617
45 657
45 938
46 69
46 79
46 93
46 155
46 160
46 339
46 342
46 493
46 610
46 650
46 681
46 695
46 769
46 806
46 809
47 81
47 223
47 253
47 375
47 665
47 807
47 846
47 865
47 983
48 85
48 490
48 636
48 693
48 712
48 859
48 890
48 924
48 939
48 944
49 237
49 346
49 598
49 667
49 713
49 744
49 972
49 973
49 994
50 311
50 513
50 569
50 575
50 588
50 596
50 673
50 674
50 737
50 798
50 821
50 970
51 221
51 628
51 645
51 725
51 741
51 850
51 876
51 924
51 942
52 101
52 130
52 187
52 245
52 258
52 362
52 707
52 742
52 808
53 61
53 117
53 250
53 300
53 336
53 355
53 363
53 550
53 562
53 619
53 716
53 902
53 938
53 952
53 978
54 63
54 140
54 141
54 370
54 386
54 450
54 610
54 656
54 731
54 741
54 853
55 61
55 125
55 338
55 353
55 521
55 586
55 643
55 645
55 676
55 791
55 953
56 288
56 511
56 660
56 670
56 716
57 69
57 134
57 258
57 401
57 435
57 535
57 626
57 644
57 666
57 808
57 888
57 899
57 917
57 924
57 994
58 128
58 194
58 199
58 250
58 578
58 750
58 802
58 880
59 225
59 412
59 428
59 593
60 131
60 290
60 334
60 370
60 586
60 626
60 634
61 185
61 196
61 249
61 302
61 311
61 378
61 380
61 384
61 518
61 576
61 654
61 771
61 810
61 869
61 961
61 964
62 164
62 461
62 571
62 614
62 705
62 797
62 888
62 972
63 69
63 126
63 189
63 222
63 319
63 385
63 486
63 677
63 682
63 711
63 865
63 885
63 916
63 950
63 985
64 111
64 145
64 146
64 170
64 299
64 329
64 414
64 658
64 912
65 156
65 195
65 270
65 457
65 478
65 579
65 603
65 823
65 866
66 269
66 320
66 408
66 502
66 861
66 894
67 199
67 254
67 439
67 597
67 610
67 710
67 808
67 832
67 878
67 902
68 122
68 220
68 251
68 554
68 716
68 830
68 862
68 960
69 93
69 352
69 418
69 567
69 615
69 729
69 757
69 795
69 848
70 197
70 361
70 438
70 503
70 511
70 682
70 848
70 989
71 197
71 280
71 363
71 416
71 501
71 669
71 853
72 126
72 453
72 486
72 495
72 660
72 812
72 954
73 201
73 319
73 435
73 466
73 478
73 510
73 574
73 686
74 101
74 192
74 759
74 819
75 440
75 512
75 731
75 737
75 845
75 914
75 990
76 182
76 276
76 277
76 310
76 324
76 356
76 389
76 427
76 529
76 556
76 781
76 794
76 807
76 861
76 866
77 160
77 163
77 192
77 241
77 287
77 491
77 584
77 683
77 808
77 809
77 813
78 277
78 532
78 577
78 597
78 599
78 638
78 666
78 815
78 916
79 138
79 152
79 303
79 393
79 561
79 577
79 607
79 636
79 648
79 701
79 813
79 903
79 905
79 974
80 217
80 315
80 407
80 532
80 594
80 596
80 778
81 102
81 113
81 442
81 598
81 634
82 121
82 184
82 197
82 293
82 438
82 519
82 784
82 831
82 854
82 886
83 112
83 196
83 237
83 710
83 766
83 953
84 113
84 115
84 179
84 353
84 372
84 526
84 645
84 661
84 706
84 728
84 887
85 239
85 421
85 435
85 464
85 466
85 542
85 553
85 577
85 642
85 727
85 885
85 912
85 949
85 954
86 138
86 174
86 250
86 358
86 513
86 598
86 614
86 850
86 971
86 998
87 354
87 374
87 472
87 605
87 718
87 738
87 813
87 928
88 161
88 162
88 214
88 387
88 388
88 451
88 488
88 578
89 131
89 309
89 495
89 555
89 708
89 831
89 963
90 332
90 670
90 717
90 922
90 970
90 987
91 389
91 460
91 577
91 655
91 677
91 708
91 866
91 882
91 893
92 264
92 503
92 664
92 705
92 714
93 190
93 267
93 344
93 374
93 562
93 599
93 683
93 713
93 818
93 827
93 934
93 936
94 139
94 278
94 560
94 704
94 735
94 939
95 157
95 188
95 301
95 424
95 648
95 874
95 881
96 104
96 194
96 382
96 426
96 440
96 474
96 528
96 616
96 649
96 723
96 800
96 811
97 430
97 453
97 833
98 319
98 392
98 393
98 406
98 450
98 468
98 506
98 593
98 610
98 748
98 887
99 295
99 436
99 516
99 602
99 607
99 662
99 672
99 705
99 715
99 744
99 966
99 968
100 128
100 202
100 323
100 536
100 623
100 692
100 714
100 962
100 981
101 340
101 369
101 471
101 676
101 933
102 133
102 332
102 414
102 652
102 754
102 771
102 774
102 800
102 956
103 216
103 451
103 512
103 572
103 601
103 755
104 133
104 162
104 234
104 252
104 275
104 279
104 280
104 444
104 485
104 525
104 771
104 892
104 927
104 940
104 967
105 332
105 434
105 703
105 721
105 807
106 293
106 562
106 563
106 711
106 897
106 956
107 209
107 240
107 304
107 355
107 424
107 508
107 815
107 834
107 896
107 914
107 990
108 254
108 325
108 353
108 368
108 413
108 568
108 667
108 691
108 797
108 825
108 868
108 953
108 955
108 956
109 124
109 128
109 134
109 190
109 509
109 592
109 668
109 782
109 910
109 963
110 410
110 534
110 697
110 743
110 790
110 917
111 120
111 168
111 177
111 236
111 319
111 368
111 392
111 533
111 727
111 778
111 935
112 113
112 272
112 289
112 311
112 360
112 615
112 627
112 727
112 783
112 919
112 947
112 981
113 135
113 258
113 873
113 885
113 939
114 202
114 228
114 231
114 366
114 483
114 526
114 583
114 629
114 749
114 993
115 175
115 347
115 355
115 424
115 465
115 469
115 696
115 786
115 991
116 200
116 372
116 556
116 729
117 457
117 616
117 747
118 173
118 307
118 361
118 687
118 792
118 962
118 990
119 210
119 289
119 483
119 579
119 719
119 742
119 761
119 803
119 924
120 330
120 364
120 477
120 643
120 836
120 982
121 259
121 332
121 382
121 399
121 589
121 602
121 666
121 756
121 848
121 901
121 911
122 179
122 211
122 216
122 281
122 368
122 440
122 471
122 610
122 612
122 622
122 655
122 995
123 164
123 221
123 269
123 315
123 536
123 550
123 587
123 695
123 731
123 956
124 239
124 304
124 365
124 370
124 453
124 484
124 798
124 945
125 304
125 339
125 399
125 440
125 580
125 660
125 670
125 786
125 938
126 223
126 235
126 329
126 352
126 397
126 431
126 448
126 598
126 706
126 772
126 810
126 818
126 913
126 926
126 934
127 244
127 245
127 281
127 293
127 345
127 364
127 408
127 531
127 653
127 759
127 854
127 939
128 332
128 365
128 392
128 408
128 433
128 488
128 610
128 658
128 838
128 859
128 894
128 922
129 245
129 330
129 472
129 491
129 658
129 685
129 821
129 830
129 865
129 959
130 438
130 454
130 459
130 476
130 662
130 888
130 973
130 980
131 293
131 295
131 336
131 493
131 657
131 906
131 921
132 416
132 456
132 685
132 756
133 513
133 555
133 595
133 746
133 861
133 886
134 353
134 507
134 752
134 900
134 924
134 951
134 955
134 979
135 206
135 306
135 395
135 614
135 699
135 936
135 941
136 313
136 406
136 426
136 473
136 474
136 594
136 635
136 766
136 800
137 175
137 178
137 207
137 372
137 448
137 497
137 510
137 543
137 590
137 631
137 692
137 792
137 824
137 910
137 941
138 175
138 279
138 624
138 661
138 712
138 921
138 984
139 264
139 279
139 600
139 741
139 743
139 905
140 249
140 415
140 493
140 527
140 542
140 579
140 626
140 726
140 775
140 781
140 791
140 821
141 201
141 337
141 578
141 591
141 619
141 688
141 876
142 176
142 203
142 561
142 599
142 623
142 792
142 863
142 870
142 900
142 918
142 974
143 256
143 385
143 411
143 643
143 769
143 849
144 301
144 313
144 328
144 347
144 436
144 592
144 679
144 811
144 846
144 958
145 223
145 246
145 460
145 464
145 466
145 509
145 587
145 597
145 634
145 700
145 885
146 164
146 198
146 260
146 296
146 404
146 573
146 783
146 788
146 795
146 839
146 955
146 981
147 411
147 577
147 639
147 744
147 763
147 811
148 165
148 282
148 358
148 484
148 510
148 513
148 557
148 648
148 701
148 839
148 919
148 990
149 170
149 188
149 334
149 343
149 346
149 583
149 999
150 493
150 807
150 826
150 837
150 949
151 273
151 368
151 490
151 626
151 662
151 754
152 247
152 316
152 325
152 427
152 559
152 597
152 721
152 727
152 750
152 875
152 877
152 878
152 936
152 989
153 205
153 603
153 689
153 803
153 942
154 160
154 401
154 433
154 551
154 629
154 650
154 704
154 797
154 808
155 298
155 395
155 416
155 502
155 726
155 747
155 856
155 985
156 262
156 331
156 361
156 365
156 394
156 435
156 451
156 633
156 815
156 843
156 873
157 399
157 413
157 529
157 531
157 617
157 664
157 777
157 980
158 294
158 312
158 348
158 455
158 499
158 642
158 845
158 978
158 981
159 428
159 495
159 523
159 558
159 586
159 796
159 928
160 186
160 245
160 297
160 379
160 543
160 548
160 622
160 762
160 875
160 913
160 922
160 940
160 958
161 169
161 422
161 503
161 652
161 816
162 252
162 320
162 340
162 426
162 433
162 515
162 753
163 207
163 253
163 397
163 427
163 447
163 527
163 543
163 557
163 622
163 730
163 762
163 845
163 905
163 933
164 171
164 232
164 415
164 424
164 487
164 625
164 683
164 792
164 951
165 257
165 326
165 423
165 763
165 829
165 883
165 934
166 200
166 350
166 369
166 720
166 755
166 798
166 860
166 866
166 910
166 978
166 983
166 996
167 303
167 399
167 439
167 464
167 490
167 537
167 672
167 826
167 879
167 939
168 362
168 485
168 507
168 535
168 570
168 796
168 835
168 984
169 279
169 319
169 412
169 420
169 446
169 566
169 767
169 812
169 819
169 903
169 952
170 194
170 209
170 235
170 290
170 299
170 375
170 393
170 414
170 434
170 441
170 589
170 688
170 701
170 875
170 990
170 996
171 173
171 340
171 423
171 674
171 838
172 378
172 420
172 443
172 543
172 584
172 791
172 826
172 952
172 954
173 343
173 496
173 749
173 876
173 885
173 900
173 927
173 936
173 961
174 208
174 274
174 458
174 615
174 672
174 747
174 769
174 922
175 245
175 287
175 325
175 532
175 595
175 603
175 708
175 842
176 206
176 320
176 373
176 419
176 592
176 662
176 834
176 867
176 944
177 195
177 364
177 517
177 784
177 854
178 357
178 411
178 429
178 480
178 646
178 925
179 242
179 243
179 337
179 399
179 424
179 460
179 480
179 591
179 775
179 920
180 186
180 254
180 458
180 599
180 644
181 366
181 429
181 438
181 455
181 550
181 591
181 671
181 867
182 228
182 410
182 518
182 567
182 923
182 941
183 432
183 471
183 620
183 657
183 711
183 832
183 844
183 866
183 911
184 227
184 233
184 243
184 320
184 328
184 496
184 556
184 674
184 682
185 271
185 613
185 636
185 747
185 990
185 992
186 201
186 844
187 260
187 463
187 495
187 661
188 535
188 724
188 733
188 743
188 859
188 977
189 539
189 567
189 668
189 826
189 961
190 275
190 331
190 553
190 772
190 838
190 865
190 969
190 979
191 224
191 373
191 521
191 607
191 716
192 205
192 517
192 575
192 630
192 751
192 814
192 825
192 852
193 374
193 399
193 420
193 674
193 720
193 806
193 840
193 916
193 940
193 952
193 973
193 976
194 460
194 590
194 723
195 366
195 367
195 393
195 447
195 463
195 632
195 716
195 737
196 322
196 357
196 378
196 408
196 440
196 587
196 628
196 697
196 791
196 938
197 305
197 316
197 322
197 371
197 383
197 426
197 756
197 800
198 404
198 502
198 665
198 688
198 727
198 837
198 854
198 861
198 939
199 438
199 590
199 744
199 925
199 948
200 640
200 732
200 757
200 792
200 963
201 247
201 358
201 371
201 559
201 561
201 567
201 752
201 824
201 825
202 258
202 448
202 530
202 583
202 692
202 710
202 763
202 792
202 794
202 863
203 223
203 340
203 342
203 350
203 395
203 487
203 652
203 682
204 459
204 633
204 711
204 832
204 987
205 344
205 848
205 880
205 890
205 936
206 241
206 313
206 368
206 699
206 742
206 748
206 861
206 926
206 933
206 962
207 263
207 272
207 526
207 554
208 210
208 253
208 275
208 358
208 374
208 417
208 581
208 637
208 753
208 921
209 248
209 336
209 375
209 377
209 394
209 416
209 452
209 707
209 717
209 837
209 886
209 949
210 386
210 424
210 488
210 644
210 726
210 901
210 937
210 944
210 952
211 300
211 316
211 361
211 401
211 406
211 529
211 547
211 748
211 761
212 253
212 302
212 431
212 535
212 545
212 708
212 944
213 388
213 389
213 444
213 506
213 622
213 657
213 788
213 945
213 983
214 342
214 422
214 429
214 529
214 610
214 636
214 651
214 813
215 287
215 370
215 457
215 626
215 734
215 737
216 288
216 662
216 680
216 727
216 894
217 230
217 254
217 255
217 277
217 301
217 369
217 404
217 524
217 574
217 646
217 650
217 781
217 820
217 883
218 386
218 475
218 524
218 738
218 748
218 778
218 815
218 827
218 889
219 318
219 407
219 421
219 523
219 530
219 679
219 866
220 226
220 258
220 313
220 394
220 425
220 491
220 592
220 677
220 776
220 788
221 427
221 570
221 642
221 822
221 858
221 922
222 429
222 699
222 947
223 300
223 311
223 336
223 580
223 627
223 674
223 689
223 710
223 756
223 853
223 881
223 982
224 329
224 487
224 575
224 703
224 994
225 632
225 673
225 789
225 799
225 857
225 957
226 256
226 318
226 327
226 642
227 546
227 635
227 639
227 692
227 697
227 709
227 736
228 385
228 601
228 692
228 724
228 750
228 759
228 766
228 852
228 942
228 953
228 996
229 390
229 422
229 445
229 455
229 549
229 552
229 616
229 654
229 787
229 871
229 983
230 271
230 360
230 371
230 475
230 516
230 523
230 573
230 697
230 885
230 963
230 971
231 337
231 355
231 356
231 402
231 724
231 769
231 783
231 790
231 818
231 897
231 923
232 340
232 362
232 389
232 437
232 776
232 824
232 834
233 239
233 326
233 368
233 436
233 545
233 610
233 625
233 790
233 793
233 838
233 870
233 879
234 297
234 324
234 331
234 353
234 472
234 545
234 549
234 695
234 721
234 773
234 883
234 950
235 252
235 377
235 402
235 462
235 630
235 730
235 861
235 872
235 880
236 256
236 296
236 344
236 374
236 565
236 628
236 641
236 687
236 744
236 770
236 993
237 394
237 501
237 769
237 788
238 593
238 684
238 810
239 280
239 292
239 320
239 336
239 446
239 513
239 769
239 772
239 847
240 256
240 294
240 405
240 477
240 515
240 663
240 673
240 767
240 985
241 452
241 592
241 630
241 819
241 895
242 250
242 427
242 504
242 548
242 589
242 702
242 705
242 726
242 766
242 778
242 958
243 258
243 606
243 677
243 686
243 691
243 853
244 327
244 332
244 347
244 348
244 379
244 524
244 601
244 613
244 618
244 645
244 646
244 919
245 318
245 319
245 378
245 384
245 572
245 659
245 987
246 351
246 408
246 427
246 509
246 549
246 648
246 742
246 745
246 775
246 791
246 856
247 379
247 417
247 418
247 492
247 550
247 639
247 871
247 895
247 949
248 449
248 484
248 803
248 889
248 987
249 276
249 289
249 351
249 352
249 360
249 433
249 445
249 483
249 758
250 399
250 496
250 755
250 785
250 852
250 997
251 355
251 447
251 481
251 558
251 794
251 829
251 846
251 903
252 397
252 451
252 485
252 597
252 730
252 738
252 854
252 947
253 295
253 334
253 380
253 426
253 430
253 569
253 618
253 664
253 680
253 722
253 754
253 761
253 982
254 322
254 354
254 465
254 558
254 617
254 720
254 726
254 737
254 820
254 845
254 998
255 418
255 845
255 907
256 304
256 370
256 415
256 666
256 687
256 693
256 716
256 866
257 270
257 327
257 509
257 581
257 675
257 689
257 897
257 912
257 942
258 590
258 591
258 623
258 816
258 855
258 902
259 550
259 655
259 671
259 750
259 791
259 838
259 869
260 380
260 459
260 719
260 962
261 569
261 745
261 792
261 799
261 901
261 918
261 931
262 370
262 371
262 378
262 584
262 599
262 647
262 707
262 738
262 740
262 812
262 828
262 863
263 428
263 499
263 561
263 604
263 607
263 675
263 690
263 822
263 837
263 970
264 390
264 400
264 514
264 619
264 656
264 720
264 814
264 899
265 321
265 323
265 507
265 648
265 723
266 312
266 505
266 691
266 696
266 749
267 401
267 413
267 482
267 505
267 539
267 641
267 696
267 706
267 755
268 323
268 408
268 689
268 706
268 771
268 880
268 941
268 990
269 333
269 559
269 675
269 693
269 735
269 825
269 873
269 932
269 935
269 985
269 995
270 279
270 354
270 463
270 484
270 535
270 708
270 711
270 808
270 923
271 365
271 553
271 584
271 756
271 769
271 868
272 669
273 568
273 830
273 844
273 875
273 954
273 956
274 506
274 557
274 633
274 702
274 717
274 987
275 743
275 953
275 967
276 468
276 599
276 674
276 689
276 721
276 766
277 386
277 387
277 637
277 689
277 889
278 330
278 407
278 492
278 508
278 509
278 547
278 622
278 773
278 819
279 353
279 431
279 446
279 613
279 721
279 791
279 886
279 944
280 382
280 451
280 685
280 985
281 382
281 475
281 506
281 564
281 571
281 574
281 595
281 869
281 964
281 970
282 347
282 464
282 521
282 569
282 637
282 680
282 802
282 883
282 912
282 936
283 362
283 486
283 561
283 689
283 693
283 746
283 835
283 937
283 975
283 997
284 629
284 920
285 431
285 568
285 574
285 593
285 602
285 623
285 625
285 906
285 927
285 940
286 374
286 481
286 521
286 570
286 784
286 835
287 762
287 835
288 526
288 541
288 586
289 304
289 440
289 473
289 599
289 729
289 895
289 976
289 989
290 304
290 318
290 435
290 542
290 712
290 726
290 789
290 791
291 319
291 330
291 412
291 515
291 584
291 590
291 641
291 649
291 736
291 763
291 953
292 364
292 398
292 647
292 892
292 909
293 434
293 467
293 521
293 780
293 959
294 596
294 768
294 904
295 359
295 439
295 445
296 338
296 683
296 715
296 767
297 418
297 500
297 639
297 731
297 993
297 996
298 354
298 366
298 377
298 438
298 479
298 496
298 666
299 718
299 755
299 866
299 923
300 418
300 507
300 514
300 649
300 685
300 712
300 723
300 912
301 431
301 584
301 601
301 806
301 973
302 336
302 429
302 545
302 641
302 676
302 802
302 919
302 955
302 996
303 404
303 425
303 524
303 551
303 842
304 306
304 375
304 559
304 582
304 628
304 832
304 853
305 379
305 436
305 462
305 523
305 565
305 583
305 666
305 840
306 598
306 661
306 689
306 745
306 907
306 953
306 978
307 353
307 686
307 720
307 846
308 310
308 409
308 418
308 731
308 905
308 972
309 339
309 382
309 465
309 535
309 539
309 766
309 827
310 427
310 841
310 925
310 971
311 525
311 553
311 593
311 771
312 501
312 503
312 751
312 773
312 955
312 975
313 533
313 651
313 814
313 839
313 927
314 602
314 683
314 952
315 440
315 476
315 498
315 500
315 786
315 840
315 880
315 883
315 949
315 958
316 468
316 560
316 654
316 926
317 374
317 456
317 498
317 509
317 606
317 671
317 897
317 923
318 341
318 384
318 768
318 812
319 341
319 382
319 404
319 439
319 558
319 642
319 798
319 861
320 474
320 538
320 585
320 590
320 672
320 752
320 768
320 801
320 833
321 435
321 939
321 950
321 968
322 393
322 395
322 401
322 408
322 537
322 561
322 602
322 827
322 846
322 925
322 992
323 632
323 669
324 343
324 411
324 677
324 689
324 707
324 892
324 951
325 357
325 523
325 700
325 787
326 750
326 830
327 393
327 407
327 423
327 945
328 397
328 408
328 547
328 810
328 844
328 966
329 472
329 580
329 640
329 866
330 466
330 494
330 625
330 813
330 830
330 905
330 921
331 410
331 449
331 515
331 538
331 635
331 646
331 850
331 907
331 963
332 342
332 519
332 911
333 369
333 462
333 486
333 534
333 805
333 950
333 951
334 449
334 699
334 704
334 707
334 837
334 853
334 981
335 366
335 371
335 589
335 602
335 806
335 852
335 896
335 907
336 425
336 509
336 664
336 795
336 806
336 960
336 999
337 476
337 585
337 604
337 669
337 725
337 832
337 836
338 664
338 728
338 778
338 842
338 905
339 511
339 522
339 604
339 792
339 827
339 943
340 404
340 489
340 671
341 414
341 691
341 880
341 918
342 365
342 530
342 566
342 593
342 668
342 742
343 560
343 701
343 737
343 852
343 874
343 910
343 953
343 960
343 992
344 465
344 687
344 710
344 773
344 812
344 941
344 943
345 347
345 362
345 481
345 580
345 643
345 669
345 789
345 887
346 411
346 495
346 749
346 895
347 398
347 408
347 480
347 633
347 683
347 755
347 843
347 939
348 409
348 590
348 744
348 887
348 909
348 982
349 352
349 360
349 581
349 737
349 812
349 891
350 447
350 711
350 798
350 829
351 496
351 812
352 363
352 480
352 533
352 539
352 618
352 638
352 703
352 867
352 926
353 443
353 560
353 629
353 634
353 811
353 905
353 993
354 384
354 531
354 677
354 828
354 916
354 958
355 590
355 594
355 856
355 941
355 969
355 988
356 416
356 468
356 788
356 809
356 908
356 964
357 372
357 605
357 616
357 876
357 884
357 949
357 965
357 969
358 503
358 622
358 630
358 704
358 947
358 978
359 407
359 456
359 502
359 643
359 685
359 698
359 804
359 807
359 856
359 858
360 735
360 809
361 440
361 505
361 603
361 614
361 711
361 726
362 397
362 489
362 547
362 555
362 868
362 972
363 377
363 447
363 822
363 886
364 444
364 477
364 729
364 785
364 992
365 714
365 919
365 983
366 682
366 733
366 784
366 817
366 824
366 837
366 940
366 972
367 396
367 436
367 641
367 842
367 874
367 906
368 476
368 488
368 489
368 513
368 654
368 726
368 748
368 840
368 848
368 865
368 914
368 957
369 485
369 708
369 732
370 402
370 698
370 984
371 617
371 888
371 940
372 412
372 595
372 700
372 711
372 714
372 764
372 814
372 972
373 403
373 700
373 713
374 424
374 486
374 779
375 507
375 584
375 616
375 750
375 924
375 991
376 512
376 835
376 843
377 437
377 576
377 627
377 753
377 881
378 406
378 477
378 774
378 846
378 925
379 396
379 616
379 633
379 634
379 669
380 559
380 604
380 696
380 777
380 848
380 853
380 873
380 967
381 391
381 437
381 650
381 823
382 428
382 544
382 548
382 590
382 671
382 730
383 587
383 737
383 863
383 963
384 617
384 864
384 927
384 938
384 965
385 514
385 829
385 898
385 913
385 970
386 393
386 402
386 478
386 530
386 548
386 831
386 898
387 421
387 604
387 804
388 472
388 543
388 669
388 887
389 531
389 553
389 647
389 766
389 789
389 813
389 816
389 859
390 399
390 402
390 457
390 532
390 610
390 682
390 848
390 904
390 964
391 415
391 432
391 451
391 523
391 528
391 562
391 655
391 805
392 467
392 759
392 942
393 398
393 434
393 509
393 714
393 759
393 769
393 968
394 418
394 506
394 710
394 876
394 900
395 442
395 524
395 617
395 663
395 883
395 920
396 544
396 625
396 628
396 714
396 823
396 834
397 445
397 554
397 587
397 658
397 682
397 926
398 424
398 429
398 455
398 620
398 747
398 757
398 792
398 843
398 950
399 449
399 612
399 816
399 868
399 877
399 958
400 535
400 708
400 745
400 847
401 470
401 548
401 563
401 581
401 600
401 655
401 750
401 769
401 796
401 837
401 884
401 975
402 473
402 596
402 624
402 662
402 848
402 974
402 997
403 435
403 782
403 942
404 436
404 718
404 796
404 909
404 983
405 551
405 693
405 961
405 964
405 966
406 426
406 596
406 598
406 627
406 785
406 890
406 911
406 993
407 426
407 476
407 523
407 555
407 688
407 723
407 879
407 955
407 957
407 968
408 453
408 461
408 559
408 690
408 695
408 736
408 765
408 781
408 812
408 867
408 869
409 630
409 643
409 853
409 854
409 977
410 477
410 552
410 839
410 890
410 955
410 965
410 986
411 501
411 572
411 736
411 968
412 474
412 606
412 702
412 884
413 431
413 694
413 729
413 829
414 593
414 739
414 909
414 938
415 546
415 580
415 650
415 698
415 901
415 933
415 951
416 455
416 637
416 670
416 841
417 434
417 516
417 527
417 668
417 768
417 809
418 475
418 646
418 648
418 855
418 859
418 876
418 941
419 684
419 799
419 812
419 912
419 941
419 960
419 985
419 991
420 446
420 584
420 860
421 434
421 520
421 592
421 648
421 730
421 943
422 468
422 617
422 652
422 700
422 769
422 954
422 994
423 734
423 753
423 792
423 832
423 924
424 690
424 826
424 972
425 448
425 488
425 516
425 532
425 634
425 757
425 772
425 812
425 893
425 894
425 921
425 990
425 999
426 485
426 515
426 614
426 618
426 739
426 807
426 938
427 475
427 581
427 612
427 624
427 675
427 916
427 980
427 995
428 840
428 859
428 897
428 904
428 912
428 971
428 972
429 456
429 490
429 494
429 598
429 631
429 661
430 586
430 591
430 653
430 812
430 838
430 871
431 460
431 632
432 492
432 509
432 549
432 620
432 671
433 771
433 875
433 896
434 508
434 660
434 738
434 781
434 857
434 871
434 929
434 995
435 437
435 491
435 599
435 621
435 650
435 951
435 994
436 455
436 552
436 731
436 738
436 764
436 774
436 856
437 471
437 539
437 708
437 743
437 775
437 828
437 844
437 877
437 975
437 980
438 439
438 459
438 674
439 562
439 782
439 823
440 549
440 724
440 807
440 925
440 996
441 477
441 632
441 713
441 788
441 836
441 868
441 940
441 975
442 468
442 515
442 539
442 611
442 648
442 725
442 881
443 559
443 577
443 732
443 781
443 797
443 867
443 948
444 783
444 984
445 611
445 650
445 679
445 989
445 999
446 606
446 720
446 839
446 856
446 865
446 878
446 900
447 453
447 509
447 515
447 628
447 919
447 968
448 698
448 826
448 913
448 973
448 978
449 490
449 547
450 700
450 731
450 820
450 841
450 870
450 943
451 503
451 506
451 537
451 619
451 759
451 943
452 623
452 661
452 752
452 768
452 798
452 994
453 462
453 581
453 609
453 937
454 455
454 475
454 552
454 556
454 703
454 822
455 495
455 576
455 585
455 588
455 632
455 679
455 851
455 859
456 517
456 545
456 624
456 709
456 993
457 662
457 691
457 769
457 963
458 719
458 725
458 805
458 854
459 530
459 567
459 610
459 719
459 764
459 775
459 846
459 940
460 532
460 704
460 705
460 832
460 918
460 936
461 626
461 637
461 646
461 745
461 782
461 792
461 954
462 584
462 743
462 750
462 779
462 850
462 851
462 876
463 512
463 532
463 727
463 742
463 785
463 897
463 987
464 658
464 805
465 555
465 570
465 676
465 930
465 941
465 950
466 550
466 785
466 798
466 836
467 523
467 546
467 659
467 736
467 744
467 977
467 989
467 994
468 668
468 732
468 771
468 783
468 879
468 903
468 919
468 965
468 968
469 558
469 571
469 728
469 750
469 823
469 930
469 937
470 481
470 486
470 508
470 606
470 608
470 660
470 678
470 801
470 866
470 911
471 717
471 810
471 819
471 830
472 868
472 896
472 992
473 540
473 580
473 584
473 587
473 927
474 512
474 561
474 735
474 800
474 886
474 944
475 482
475 539
475 769
475 780
475 835
475 841
475 934
476 673
476 776
476 838
477 654
477 676
477 944
477 986
478 560
478 760
478 940
478 979
479 499
479 531
479 579
479 756
479 972
480 514
480 604
480 750
480 806
480 861
481 567
481 799
481 976
482 562
482 659
482 675
482 801
482 821
482 970
483 486
483 528
483 788
484 542
484 711
484 760
484 797
484 818
484 892
484 997
485 709
485 710
485 925
485 958
486 518
486 679
486 692
486 837
487 550
487 554
487 638
487 645
487 663
487 713
487 727
487 891
487 898
487 963
487 967
487 984
488 575
488 649
489 624
489 774
489 975
489 990
490 851
490 912
490 961
490 976
491 563
491 735
491 877
491 903
491 924
491 993
492 515
492 534
492 557
492 564
492 685
492 829
492 836
492 932
492 968
492 974
493 628
493 837
493 875
494 655
494 734
494 913
495 596
495 664
495 674
495 699
495 715
495 835
496 530
496 566
496 681
496 735
496 821
496 839
496 856
497 596
497 687
497 801
497 876
497 979
498 808
498 872
498 878
498 954
499 517
499 635
499 671
499 704
499 753
499 771
500 584
500 592
500 628
500 748
500 894
501 507
501 553
501 575
501 674
501 937
501 971
502 544
502 623
502 721
502 919
503 608
503 818
504 717
504 773
504 859
505 638
505 680
505 748
505 911
505 969
506 536
506 588
506 955
507 574
507 586
507 698
507 809
507 914
507 971
507 995
508 531
508 577
508 727
508 761
508 775
508 868
508 908
508 940
509 518
509 563
509 614
509 630
509 675
509 806
509 894
510 524
510 604
510 748
510 792
510 848
510 890
511 584
511 699
511 732
511 999
512 814
512 991
513 533
513 547
513 612
513 822
513 859
514 540
514 694
514 709
514 792
514 925
514 971
514 976
515 639
515 694
515 726
515 741
515 771
516 698
516 729
516 775
516 788
516 864
516 928
516 973
517 600
517 755
517 765
517 786
517 792
517 838
517 851
517 894
517 963
518 618
518 629
519 620
519 651
519 738
519 762
519 823
520 773
520 859
520 945
520 959
520 988
520 999
521 542
521 700
521 800
522 605
522 687
522 779
522 852
522 946
522 966
523 561
523 734
523 761
523 889
523 989
524 586
524 660
524 756
524 861
524 906
524 934
525 859
525 874
525 986
526 657
526 778
526 828
526 888
526 912
526 990
527 570
527 598
527 848
527 868
527 888
527 980
528 648
528 729
528 897
528 899
528 907
528 958
529 584
529 923
529 947
530 585
530 595
530 667
530 823
530 836
530 853
530 863
530 917
531 631
531 650
531 694
531 721
531 759
531 931
531 976
532 586
532 670
532 715
532 716
532 741
532 756
532 881
532 970
533 554
533 585
533 730
534 604
534 613
534 755
534 861
535 579
535 711
535 932
535 986
536 589
536 704
536 739
537 577
537 931
538 672
538 675
538 857
538 908
539 668
539 765
539 769
539 797
539 841
539 968
540 613
540 650
540 851
540 918
541 660
541 698
541 742
541 744
541 873
541 912
541 933
542 570
542 692
542 705
542 717
543 717
543 760
543 867
543 935
544 620
544 661
544 704
544 731
544 774
544 980
545 561
545 591
545 651
545 691
545 790
545 792
545 862
545 960
545 989
546 657
546 763
546 787
546 960
547 570
547 740
547 786
547 822
548 624
548 640
548 656
548 707
548 868
548 931
549 599
549 686
549 803
549 862
550 618
550 653
550 809
550 912
551 552
551 629
551 737
552 620
552 677
552 804
552 961
553 606
553 680
553 764
553 808
553 814
553 875
553 942
554 561
554 628
554 754
554 865
554 881
554 936
555 593
555 685
555 776
556 628
556 684
556 706
556 718
556 733
556 774
556 947
557 574
557 691
557 724
557 808
557 941
558 565
558 594
558 604
558 633
558 679
558 723
558 902
559 605
559 676
559 733
559 939
560 566
561 591
561 745
561 775
561 790
561 805
561 900
561 935
561 970
562 651
562 751
562 801
562 815
562 885
562 900
562 907
563 618
563 651
563 656
563 670
563 902
564 698
564 713
564 753
565 721
565 881
566 571
566 750
566 783
566 831
566 854
567 733
567 954
567 955
568 642
569 581
569 878
569 890
570 576
570 808
570 826
570 879
570 882
570 894
570 990
571 603
571 936
571 944
572 597
572 653
572 740
572 796
572 973
573 749
573 805
573 822
573 880
574 704
574 952
575 752
576 597
576 614
576 694
576 717
576 788
576 899
576 923
576 957
577 631
577 642
577 679
577 716
577 768
577 789
577 963
578 680
578 920
579 664
579 918
579 978
580 651
580 660
580 705
580 762
581 766
581 912
581 938
581 967
582 678
582 726
582 784
583 651
583 771
583 871
583 946
583 982
584 865
585 591
585 708
585 730
586 714
586 870
587 782
587 885
587 985
588 615
588 650
588 719
588 788
588 938
589 661
589 734
589 745
589 821
589 943
589 953
590 638
590 760
590 870
590 919
590 929
590 936
591 606
591 707
591 834
591 940
592 667
592 678
592 782
592 937
592 941
593 643
593 661
593 732
594 670
594 819
594 965
594 973
595 657
595 708
595 767
595 895
595 922
595 929
596 660
596 912
596 913
597 620
597 826
597 845
597 896
597 936
598 819
598 907
598 941
599 626
599 711
599 740
599 802
599 811
599 845
599 871
599 880
600 717
600 867
600 912
601 685
601 776
601 888
601 950
602 650
602 687
602 695
602 859
603 618
603 625
603 692
603 725
603 791
604 669
604 871
605 743
605 811
605 828
605 909
606 636
607 633
607 832
607 920
608 671
608 845
608 914
609 626
609 718
609 874
609 994
609 997
610 659
610 812
610 826
610 903
610 911
611 704
611 849
611 870
612 856
613 769
613 836
613 977
614 672
614 735
614 783
614 791
614 927
615 780
615 812
616 622
616 643
616 647
616 667
616 739
616 757
616 776
616 891
616 910
617 644
617 670
617 834
617 867
618 754
618 859
619 663
619 695
619 997
620 718
620 725
620 743
620 870
620 916
621 796
621 866
621 935
622 687
622 710
622 733
622 738
622 796
623 760
623 773
624 634
624 704
624 798
624 850
624 951
624 956
625 708
625 741
625 865
625 991
626 781
627 639
627 689
627 700
627 736
627 752
627 780
627 788
627 855
627 906
628 655
628 771
629 899
630 640
630 843
630 881
631 664
631 763
631 860
631 864
631 886
631 899
632 793
632 809
633 673
633 805
633 936
634 638
634 656
634 674
634 865
635 681
635 687
635 740
636 647
636 738
636 768
636 778
636 907
636 917
637 696
637 776
637 838
638 670
638 790
638 800
638 811
638 950
639 691
639 693
639 859
640 682
640 733
640 818
640 874
640 972
641 665
641 826
642 644
642 651
642 727
642 769
642 875
642 890
642 981
643 679
643 738
643 758
643 802
643 893
644 710
644 951
645 874
646 736
646 738
646 785
646 878
647 839
647 916
648 981
650 714
650 995
651 742
651 763
651 836
651 878
651 947
652 677
652 709
652 836
652 857
652 914
652 954
652 970
653 699
653 828
653 983
654 664
654 720
654 747
654 810
654 941
655 789
655 795
655 809
655 934
656 674
656 746
656 768
656 851
656 885
657 833
657 837
658 659
658 807
658 970
659 671
659 713
659 728
659 729
659 737
660 706
660 720
660 775
660 776
660 787
660 847
660 933
661 666
661 731
661 828
662 663
662 686
662 766
662 883
663 817
663 999
664 675
664 785
664 877
664 893
664 905
664 908
664 968
665 739
665 776
665 779
665 834
665 848
665 973
666 673
666 850
666 890
667 683
667 722
667 816
667 847
667 888
667 923
668 810
668 874
668 963
669 699
669 707
669 725
669 734
669 754
669 808
669 960
670 782
670 968
671 873
672 849
673 703
673 798
674 808
674 872
674 937
674 998
675 873
675 878
675 889
675 942
675 943
676 681
676 764
676 847
676 985
677 824
677 859
678 819
678 918
679 950
680 937
680 964
681 826
681 829
681 875
682 737
682 744
682 760
682 811
682 863
682 880
682 984
683 704
683 711
683 922
683 948
683 958
683 966
683 997
684 976
685 718
685 769
685 784
686 710
686 866
686 921
687 713
687 825
687 914
688 848
688 902
688 983
688 991
689 697
689 729
689 921
689 994
690 885
690 913
692 753
692 830
693 798
693 845
693 850
694 976
694 982
695 943
695 980
696 707
696 731
696 860
696 892
696 929
696 934
697 702
697 757
697 763
699 743
700 706
700 837
701 856
701 892
701 920
701 950
701 952
701 974
702 705
702 895
703 893
703 992
705 712
705 721
705 832
705 961
706 822
706 930
707 735
707 804
707 843
707 867
707 898
708 720
708 780
708 857
708 880
710 711
710 811
711 754
711 769
711 791
711 946
712 758
712 763
712 987
712 997
713 764
713 931
713 962
714 795
714 978
714 980
715 778
715 816
715 860
716 727
716 785
716 821
716 824
718 771
718 902
719 741
719 973
720 748
720 818
720 853
720 868
720 917
720 928
721 736
721 898
721 911
722 949
723 725
723 773
723 780
723 897
724 813
724 871
724 921
724 923
724 977
725 797
725 830
726 743
726 799
726 850
726 899
726 901
726 989
727 828
727 851
727 880
728 730
728 872
729 795
729 942
730 840
730 935
731 805
731 853
732 761
732 852
732 902
732 908
732 971
733 818
733 824
733 886
733 896
734 770
734 862
734 961
734 988
735 814
736 874
736 918
737 884
737 951
738 888
738 935
739 858
740 767
740 769
740 964
740 985
741 756
741 764
741 843
741 945
741 989
742 828
742 882
742 906
742 962
743 874
743 986
744 772
744 786
744 878
744 882
744 987
745 770
745 871
745 895
745 975
746 847
746 853
746 887
746 945
746 959
747 765
747 800
747 889
748 837
748 921
748 974
749 750
750 787
750 788
750 796
750 893
750 986
751 803
751 839
751 956
752 755
752 769
752 884
754 766
754 786
755 868
755 885
755 993
756 765
756 777
756 796
756 989
757 762
757 841
757 936
757 998
758 783
758 966
758 997
759 804
759 877
759 966
760 777
760 830
760 936
760 953
761 828
762 822
764 878
764 933
765 769
765 849
765 908
765 927
766 840
767 832
767 907
767 981
768 774
768 784
768 910
769 934
769 948
769 965
770 921
770 924
771 826
771 839
772 818
772 911
772 981
772 989
773 803
773 818
773 855
773 867
773 936
774 775
774 891
774 910
774 913
775 780
775 827
775 841
775 934
776 790
776 839
777 851
777 949
778 892
778 899
779 887
780 863
780 957
781 917
782 914
783 821
783 834
784 885
784 891
785 795
785 801
786 795
786 857
787 888
788 807
788 861
788 975
789 992
790 853
791 929
792 813
792 818
792 909
793 834
794 909
794 914
796 980
796 999
797 809
797 968
797 974
797 975
798 804
798 940
799 986
800 802
800 818
800 819
800 833
800 864
800 911
800 917
800 929
801 987
804 811
804 893
804 962
805 906
806 823
806 845
807 842
807 874
807 944
808 849
808 879
808 958
808 973
808 981
809 835
809 839
810 821
810 939
811 850
811 896
812 858
812 971
814 822
814 902
814 984
815 826
815 903
815 967
816 944
816 995
817 877
817 947
817 949
817 954
818 915
818 925
818 995
819 891
820 987
821 859
821 963
821 978
822 846
822 970
823 959
824 926
824 953
826 828
826 838
826 888
826 893
826 935
827 838
827 925
828 969
828 993
829 987
830 878
830 881
830 929
831 907
831 914
831 950
832 883
833 906
833 953
833 977
833 979
834 902
834 914
834 959
835 981
837 962
838 881
840 861
840 911
840 965
841 874
841 914
841 990
842 851
842 878
842 939
842 999
843 927
843 966
844 850
845 855
846 897
846 924
846 935
846 989
847 926
847 951
847 991
850 972
851 981
852 907
853 863
854 935
854 937
856 921
857 885
857 988
857 996
860 895
860 902
861 948
864 966
867 906
867 955
868 968
868 969
868 984
869 954
870 962
872 873
872 934
873 877
873 918
873 922
873 926
875 948
876 917
877 970
878 940
878 965
879 933
880 895
880 898
881 899
883 999
884 960
884 996
887 920
887 959
887 976
888 968
888 974
889 908
891 991
892 919
894 960
894 964
894 971
895 911
895 951
895 994
896 941
898 908
898 979
898 995
899 923
901 954
901 971
904 936
904 992
904 998
905 991
905 992
906 913
906 970
908 940
908 958
909 912
909 954
909 971
912 919
914 977
916 920
916 952
917 920
918 920
919 946
919 991
920 944
920 947
920 966
920 968
921 947
923 948
923 964
923 988
924 952
925 943
925 951
926 970
927 994
928 929
928 934
928 939
930 987
935 960
935 993
936 987
938 945
938 959
940 941
940 966
942 998
943 950
944 951
944 984
947 984
947 994
948 973
948 978
948 999
950 955
950 983
950 991
953 987
956 960
958 992
965 968
972 988
978 992