100
458
0 14
0 26
0 30
0 32
0 36
0 50
0 53
0 65
0 77
0 88
0 92
1 8
1 33
1 36
1 55
1 73
1 74
1 81
1 98
2 3
2 8
2 16
2 19
2 28
2 31
2 35
2 46
2 53
2 69
2 93
3 7
3 31
3 32
3 40
3 46
3 53
3 66
3 68
3 75
3 89
4 5
4 10
4 24
4 75
4 85
5 19
5 20
5 41
5 44
5 54
5 66
5 67
5 68
5 95
6 9
6 10
6 16
6 32
6 46
6 52
6 66
6 75
6 78
6 79
6 82
7 18
7 21
7 33
7 37
7 41
7 52
7 60
7 64
7 67
7 74
7 75
7 79
7 86
7 91
8 16
8 29
8 35
8 38
8 41
8 45
8 50
8 69
8 94
9 10
9 21
9 22
9 30
9 32
9 54
9 57
9 58
9 67
9 71
9 79
10 26
10 28
10 35
10 49
10 50
10 67
10 73
10 75
10 79
10 81
10 97
11 35
11 40
11 67
11 79
11 83
11 85
12 20
12 83
12 90
13 22
13 36
13 58
13 65
13 71
13 73
13 84
13 86
13 93
13 98
14 30
14 39
14 71
14 81
14 96
15 21
15 32
15 34
15 50
15 61
15 74
16 27
16 30
16 32
16 39
16 45
16 64
16 66
16 73
16 75
17 51
17 64
17 66
17 77
17 81
18 52
18 65
18 84
18 98
19 23
19 28
19 29
19 30
19 50
19 54
19 58
19 74
19 84
19 90
20 23
20 36
20 56
21 35
21 58
22 31
22 42
22 60
22 65
22 68
22 80
23 30
23 47
23 52
23 58
23 66
23 70
23 73
23 74
23 76
23 79
23 80
23 89
23 93
24 36
24 56
24 66
24 67
24 69
24 72
24 75
24 90
25 28
25 42
25 68
26 42
26 76
26 87
27 37
27 41
27 55
27 58
27 68
27 73
27 75
27 76
28 35
28 37
28 39
28 40
28 42
28 50
28 53
29 34
29 36
29 38
29 45
29 62
29 68
29 70
29 77
29 80
29 82
29 86
30 31
30 37
30 63
30 83
30 86
30 95
30 99
31 32
31 62
31 63
31 66
31 70
31 93
31 99
32 35
32 38
32 39
32 43
32 46
32 79
32 85
32 90
32 98
33 34
33 59
33 68
33 71
33 75
33 86
33 94
34 55
34 58
34 74
35 36
35 38
35 45
35 62
35 79
35 88
36 44
36 50
36 70
36 75
36 76
36 80
36 85
37 52
37 64
37 88
37 99
38 39
38 51
38 55
38 89
39 62
39 73
39 76
39 91
39 92
40 44
40 46
40 60
40 66
40 85
40 92
40 97
41 87
41 89
41 91
41 96
42 87
42 94
43 47
43 53
43 70
43 88
43 89
44 45
44 46
44 49
44 72
44 76
44 83
44 93
45 53
45 66
45 77
45 78
45 91
45 96
46 48
46 53
46 58
46 74
46 79
47 49
47 90
48 52
48 64
48 90
48 93
49 56
49 69
49 84
50 62
50 67
50 76
50 82
50 84
50 85
50 87
51 64
51 67
51 71
51 79
52 55
52 57
52 83
53 60
53 66
53 68
53 80
54 71
54 86
54 87
54 88
55 65
56 78
56 79
56 90
56 92
56 96
56 97
57 67
57 73
57 76
57 78
57 83
57 91
57 96
58 68
58 70
58 71
58 77
58 80
58 82
58 83
58 84
58 88
59 64
59 72
59 83
59 84
59 86
59 97
60 75
60 92
61 62
61 65
61 70
61 74
61 76
61 86
61 88
61 90
61 97
62 85
62 86
63 73
63 84
64 65
64 74
66 91
66 92
66 96
66 98
67 73
67 79
67 88
67 99
68 72
68 82
68 87
68 92
68 97
69 77
69 79
69 88
69 95
69 98
70 71
70 73
70 79
71 72
71 90
71 96
72 89
73 97
74 81
74 95
74 97
75 82
75 95
76 85
76 87
77 84
77 95
77 98
78 95
79 91
80 90
80 91
80 94
80 95
81 88
81 95
82 84
83 92
83 94
85 93
87 88
91 98
92 99
93 94
94 96
97 99