1000
4893
0 171
0 291
0 338
0 763
0 783
0 974
1 185
1 187
1 193
1 291
1 297
1 422
1 658
1 703
1 926
1 994
2 24
2 149
2 224
2 281
2 460
2 500
2 645
2 723
2 797
2 870
3 61
3 312
3 447
3 624
3 686
3 737
3 834
3 867
4 54
4 57
4 204
4 385
4 530
4 585
4 650
4 734
5 16
5 47
5 170
5 213
5 494
5 569
5 616
6 33
6 54
6 376
6 387
6 514
6 525
6 532
6 547
6 603
6 760
6 761
7 82
7 107
7 226
7 253
7 355
7 491
7 505
7 641
7 711
7 828
7 878
7 898
7 942
7 987
8 56
8 104
8 166
8 329
8 383
8 428
8 511
8 607
8 817
8 830
9 96
9 405
9 420
9 676
9 787
9 853
10 62
10 109
10 352
10 362
10 529
10 625
10 701
10 864
10 926
10 932
11 18
11 74
11 82
11 180
11 210
11 216
11 318
11 519
11 527
11 609
11 656
11 687
11 766
11 825
11 970
12 66
12 93
12 145
12 192
12 230
12 526
12 684
13 79
13 99
13 173
13 218
13 315
13 330
13 334
13 491
13 716
13 729
13 735
13 798
13 857
13 983
13 984
14 45
14 116
14 142
14 177
14 195
14 353
14 593
14 663
14 963
15 36
15 113
15 236
15 338
15 571
15 780
16 119
16 342
16 432
16 705
16 734
16 874
16 909
17 40
17 72
17 117
17 148
17 186
17 261
17 369
17 507
17 570
17 706
17 739
17 820
17 912
18 80
18 155
18 218
18 220
18 280
18 318
18 347
18 572
18 894
18 909
19 149
19 228
19 321
19 489
19 666
19 681
19 734
19 796
19 799
19 859
19 894
20 44
20 111
20 186
20 269
20 361
20 521
20 579
20 603
20 701
20 708
20 827
20 950
20 972
21 111
21 169
21 327
21 338
21 366
21 381
21 509
21 605
21 640
21 655
21 674
21 679
21 877
22 465
22 543
22 720
22 822
22 882
23 349
23 364
23 589
23 642
23 743
23 750
23 820
23 830
23 984
24 34
24 51
24 296
24 412
24 425
24 523
24 570
24 578
24 823
24 923
24 941
25 37
25 40
25 61
25 138
25 168
25 190
25 237
25 280
25 352
25 365
25 564
25 567
25 578
25 619
25 703
25 721
25 797
26 55
26 203
26 242
26 374
26 378
26 422
26 451
26 500
26 593
26 609
26 662
26 715
26 760
26 877
27 78
27 109
27 416
27 474
28 90
28 94
28 245
28 385
28 534
28 578
28 668
28 732
28 822
28 994
29 185
29 483
29 485
29 538
29 563
29 588
29 632
29 678
29 752
29 781
29 944
30 110
30 165
30 334
30 389
30 447
30 588
30 787
30 965
31 154
31 167
31 223
31 246
31 278
31 280
31 303
31 319
31 356
31 362
31 439
31 473
31 604
31 663
31 825
31 841
31 985
32 86
32 166
32 298
32 892
33 265
33 597
33 940
34 36
34 56
34 249
34 484
34 829
35 200
35 205
35 298
35 429
35 580
35 651
35 809
36 371
36 416
36 501
36 530
36 607
36 660
36 748
36 827
36 890
36 898
36 919
36 955
37 38
37 42
37 96
37 115
37 120
37 197
37 235
37 241
37 279
37 286
37 324
37 484
37 516
37 517
37 833
38 182
38 412
38 529
38 567
38 616
38 722
38 887
39 69
39 140
39 193
39 558
39 639
39 744
40 151
40 160
40 226
40 308
40 344
40 356
40 466
40 473
40 705
40 911
41 67
41 85
41 153
41 154
41 172
41 186
41 260
41 737
41 895
42 44
42 448
42 710
43 53
43 83
43 594
43 618
44 109
44 161
44 334
44 395
44 435
44 596
44 680
44 900
44 973
45 424
45 442
45 510
45 660
45 702
45 878
45 912
45 953
46 72
46 111
46 117
46 550
46 564
46 608
46 740
46 742
46 800
47 85
47 93
47 130
47 254
47 389
47 475
47 586
47 747
47 803
47 911
47 930
48 264
48 467
48 642
48 741
48 754
48 769
48 784
48 966
48 983
49 280
49 312
49 363
49 518
49 590
49 631
49 842
49 938
50 83
50 155
50 402
50 443
50 523
50 690
50 741
50 773
50 907
50 943
51 124
51 296
51 403
51 439
51 598
51 613
51 650
51 812
51 868
51 895
51 906
51 913
51 958
52 54
52 82
52 321
52 513
52 783
52 793
52 932
53 135
53 286
53 303
53 399
53 645
53 662
53 679
53 805
53 812
53 827
53 875
53 955
54 288
54 462
54 501
54 525
54 666
54 724
54 746
54 836
54 902
55 232
55 388
55 487
55 557
55 634
55 698
55 799
56 96
56 280
56 385
56 451
56 461
56 648
56 668
56 701
56 732
56 861
56 881
56 887
56 924
56 940
57 186
57 280
57 504
57 578
57 630
57 968
58 97
58 155
58 167
58 239
58 749
59 550
59 564
59 683
59 750
59 778
59 780
59 886
59 980
60 79
60 90
60 153
60 454
60 584
60 616
60 669
60 817
60 954
61 86
61 173
61 260
61 357
61 859
61 873
62 78
62 192
62 254
62 308
62 340
62 493
62 525
62 681
62 794
62 895
62 929
63 84
63 90
63 134
63 218
63 412
63 429
63 541
63 778
63 794
63 876
63 933
63 996
64 111
64 237
64 257
64 293
64 406
64 488
64 504
64 548
64 575
64 648
64 692
64 868
64 952
64 953
65 106
65 130
65 132
65 408
65 422
65 531
65 603
65 726
65 765
65 776
66 108
66 306
66 582
66 625
66 676
66 755
67 116
67 365
67 564
67 818
67 919
68 104
68 288
68 296
68 305
68 326
68 478
68 575
68 725
68 851
68 941
68 995
69 116
69 152
69 205
69 226
69 416
69 423
69 511
69 607
69 615
69 644
69 652
69 706
69 897
69 908
69 975
70 143
70 326
70 433
70 589
70 600
70 617
70 754
70 897
70 921
70 952
71 177
71 380
71 423
71 437
71 470
71 498
71 553
71 595
71 789
72 82
72 259
72 272
72 439
72 576
72 721
72 725
72 860
73 105
73 117
73 120
73 188
73 603
73 646
73 723
73 861
73 989
73 993
74 125
74 174
74 301
74 392
74 532
74 544
74 599
74 740
74 827
74 851
75 276
75 336
75 355
75 428
75 490
75 599
75 645
75 682
75 684
75 759
75 845
75 850
76 124
76 611
76 623
76 711
76 844
76 867
76 926
76 978
77 119
77 150
77 188
77 233
77 327
77 414
77 430
77 450
77 475
77 552
78 288
78 411
78 753
78 837
78 941
78 942
79 194
79 221
79 233
79 258
79 372
79 399
79 671
79 737
79 777
79 862
80 244
80 500
80 725
80 969
81 240
81 270
81 271
81 540
81 617
81 823
82 182
82 423
82 840
83 107
83 271
83 476
83 517
83 694
84 261
84 383
84 701
84 749
84 756
85 119
85 148
85 261
85 284
85 308
85 511
85 697
85 767
85 848
86 169
86 344
86 351
86 378
86 481
86 514
86 695
86 861
86 932
86 978
87 352
87 525
87 592
87 597
87 888
87 900
88 132
88 165
88 542
88 566
88 633
88 671
88 702
88 824
88 866
88 869
88 872
88 922
89 226
89 251
89 326
89 447
89 537
89 605
89 625
89 732
89 826
89 962
90 177
90 415
90 826
90 882
90 909
90 946
90 966
91 354
91 361
91 369
91 395
91 503
91 509
91 633
92 208
92 212
92 420
92 489
92 859
93 319
93 353
93 400
93 422
93 454
93 621
93 626
93 629
93 644
93 676
93 689
93 691
93 709
93 831
93 855
93 943
94 271
94 295
94 325
94 446
94 482
94 560
94 605
94 742
94 745
94 837
94 868
94 973
95 99
95 111
95 486
95 747
95 927
96 173
96 300
96 527
96 556
96 611
96 618
96 633
96 646
96 669
97 165
97 279
97 554
97 577
97 755
97 958
98 182
98 406
98 559
98 756
98 897
98 948
98 995
99 333
99 349
99 362
99 429
99 551
99 705
99 991
99 995
100 294
100 428
100 435
100 565
100 570
100 654
100 736
100 791
100 838
100 925
100 958
101 116
101 153
101 187
101 289
101 401
101 431
101 596
101 668
101 673
101 710
101 711
101 795
101 823
101 916
102 314
102 320
102 336
102 351
102 420
102 603
102 710
102 781
102 896
102 988
103 134
103 177
103 236
103 264
103 493
103 519
103 544
103 817
103 915
104 318
104 615
104 637
105 264
105 296
105 323
105 654
105 679
105 734
105 775
105 861
106 118
106 205
106 321
106 443
106 805
107 210
107 277
107 306
107 448
107 760
107 893
107 913
107 960
108 205
108 280
108 354
108 505
108 506
108 555
108 645
108 746
108 753
108 871
108 909
109 347
109 576
109 585
109 711
109 771
109 778
110 134
110 446
110 690
110 796
111 128
111 190
111 278
111 347
111 480
111 513
111 636
111 658
111 759
111 821
112 131
112 235
112 401
112 492
112 754
112 755
113 152
113 426
113 616
113 747
113 834
114 241
114 264
114 319
114 375
114 397
114 411
114 484
114 560
115 213
115 234
115 249
115 335
115 414
115 444
115 517
115 567
115 707
115 757
115 767
115 906
116 155
116 389
116 476
116 549
116 625
116 651
116 775
116 959
117 129
117 357
117 544
117 705
117 734
117 836
117 880
117 881
118 165
118 180
118 571
118 596
118 870
118 871
119 133
119 141
119 197
119 246
119 344
119 347
119 478
119 671
119 712
120 137
120 191
120 193
120 435
120 859
121 366
121 489
121 617
121 896
121 918
122 270
122 510
122 631
122 644
122 723
122 827
122 869
122 920
122 976
123 204
123 207
123 236
123 283
123 507
123 531
123 564
123 581
123 654
123 762
123 862
123 996
124 234
124 240
124 265
124 297
124 550
124 630
124 717
124 792
124 920
124 936
125 212
125 249
125 259
125 279
125 286
125 316
125 375
125 547
125 577
125 582
125 652
125 771
125 996
126 150
126 495
126 586
126 607
126 676
126 753
126 885
126 961
127 140
127 286
127 294
127 381
127 428
127 485
127 640
127 685
127 910
127 947
128 218
128 228
128 241
128 416
128 555
128 639
128 893
129 157
129 223
129 377
129 469
129 511
129 524
129 765
129 785
129 841
129 918
130 461
130 612
130 847
130 866
130 911
130 933
131 185
131 445
131 574
131 585
131 595
131 628
131 778
131 932
132 301
132 324
132 333
132 337
132 357
132 603
132 627
132 651
132 773
132 981
133 170
133 183
133 460
133 498
133 566
133 944
133 952
133 998
134 143
134 322
134 584
134 705
134 789
134 796
134 992
135 146
135 185
135 251
135 262
135 447
135 486
135 538
135 639
135 747
135 916
136 257
136 431
136 453
136 551
136 640
136 645
136 957
137 224
137 415
137 607
137 613
137 683
137 722
137 807
137 881
137 920
138 185
138 192
138 198
138 323
138 361
138 394
138 474
138 512
138 600
138 798
138 830
138 952
139 237
139 295
139 336
139 632
139 873
140 172
140 243
140 390
140 393
140 644
140 649
140 719
141 321
141 322
141 323
141 332
141 517
141 639
141 653
141 696
141 793
141 812
142 196
142 349
142 384
142 596
142 863
142 964
143 226
143 523
143 538
143 543
143 686
143 772
144 162
144 261
144 341
144 366
144 532
144 584
144 687
144 714
144 752
144 889
145 347
145 357
145 382
145 412
145 475
145 479
145 550
146 169
146 408
146 440
146 490
146 508
146 657
146 822
146 867
147 381
147 394
147 411
147 428
147 596
147 687
147 748
148 619
148 703
148 757
148 765
148 798
148 955
149 246
149 250
149 444
149 518
149 533
149 635
149 674
149 696
149 765
149 814
149 909
149 964
150 153
150 176
150 675
150 895
150 947
150 986
151 634
151 677
151 786
151 802
151 883
152 269
152 293
152 359
152 381
152 465
152 529
152 673
152 732
152 847
152 865
152 898
153 163
153 182
153 400
153 555
153 640
153 643
153 882
153 996
154 198
154 244
154 245
154 457
154 591
154 624
155 543
155 635
156 216
156 281
156 374
156 682
156 823
156 866
157 197
157 487
157 562
157 567
157 685
157 777
157 963
157 989
157 991
158 279
158 458
158 606
158 711
158 761
158 814
158 954
158 978
159 291
159 343
159 351
159 436
159 519
159 618
160 180
160 374
160 375
160 403
160 489
160 587
160 774
160 816
161 172
161 202
161 402
161 416
161 433
161 524
161 559
161 570
161 840
161 962
161 981
162 601
162 641
162 643
162 671
162 766
162 845
162 916
162 917
162 961
163 403
163 502
163 739
163 779
164 371
164 422
164 436
164 569
164 685
164 688
164 815
164 822
164 932
164 936
165 283
165 368
165 411
165 546
165 879
166 236
166 321
166 462
166 583
166 619
166 731
166 886
166 962
166 990
167 279
167 300
167 352
167 378
167 400
167 548
167 566
167 593
167 786
167 943
168 226
168 231
168 305
168 373
168 586
168 641
168 747
168 955
169 241
169 266
169 298
169 558
169 600
169 701
169 745
170 172
170 269
170 362
170 421
170 535
170 549
170 552
170 650
170 750
170 793
170 799
170 808
170 925
170 929
171 188
171 255
171 430
171 457
171 476
171 719
171 791
171 970
171 981
172 204
172 239
172 244
172 254
172 277
172 417
172 569
172 619
172 693
172 742
172 765
172 920
172 976
173 289
173 343
173 648
174 253
174 293
174 482
174 554
174 692
174 738
174 740
174 837
174 893
175 225
175 368
175 530
175 542
175 645
175 678
175 703
175 799
175 855
176 276
176 297
176 809
176 945
176 949
176 976
177 221
177 277
177 311
177 451
177 546
177 579
177 592
177 616
177 686
177 744
177 832
177 963
178 195
178 278
178 298
178 415
178 503
178 590
178 601
178 754
178 815
178 876
178 927
178 938
178 964
179 198
179 302
179 411
179 491
179 547
179 601
179 638
179 739
179 960
180 190
180 227
180 295
180 446
180 553
180 696
180 737
180 876
180 984
181 182
181 438
181 468
181 638
181 758
181 943
182 311
182 884
182 917
183 223
183 319
183 547
183 974
184 373
184 431
184 484
184 527
184 765
185 302
185 305
185 435
186 217
186 310
186 402
186 406
186 413
186 598
186 693
186 807
186 877
186 960
186 988
187 389
187 412
187 552
187 593
187 638
187 693
187 706
187 963
188 409
188 493
188 510
188 537
188 589
188 618
188 759
188 782
188 807
188 929
188 969
189 447
189 451
189 481
189 640
190 234
190 434
190 512
190 537
190 671
190 725
190 775
190 830
190 989
191 250
191 580
191 762
192 217
192 380
192 436
192 559
192 566
192 790
192 813
192 820
193 257
193 438
193 672
193 767
193 853
193 922
193 959
194 422
194 544
194 589
194 635
194 659
194 864
195 222
195 465
195 690
195 819
196 214
196 312
196 433
196 467
196 559
196 864
196 896
197 238
197 349
197 562
197 607
197 775
197 825
197 998
198 358
198 474
198 502
198 520
198 576
198 601
198 695
198 699
198 782
198 867
199 216
199 282
199 319
199 350
199 469
199 493
199 661
199 728
199 814
199 838
200 439
200 521
200 567
200 617
200 756
200 914
200 999
201 240
201 294
201 311
201 456
201 542
201 695
201 696
201 717
201 926
201 941
202 253
202 255
202 331
202 381
202 446
202 455
202 461
202 512
202 647
202 717
203 249
203 292
203 397
203 456
203 473
203 536
203 557
203 706
203 826
203 860
203 890
204 429
204 623
204 786
204 808
204 837
205 278
205 283
205 372
205 527
205 571
205 604
205 689
205 736
205 807
205 858
205 905
205 933
206 430
206 641
206 772
206 848
206 877
207 354
207 392
207 900
207 948
208 361
208 366
208 599
208 671
208 686
208 700
208 802
208 884
208 993
209 262
209 283
209 337
209 585
209 633
209 739
209 858
209 920
210 476
210 483
210 538
210 672
210 692
210 857
211 215
211 382
211 444
211 581
211 612
211 954
211 960
211 979
212 218
212 350
212 362
212 442
212 488
212 592
212 648
212 658
212 671
212 673
212 819
212 831
213 313
213 671
214 234
214 263
214 317
214 329
214 393
214 514
214 603
214 643
214 644
214 671
214 716
214 734
214 909
215 255
215 262
215 294
215 340
215 353
215 579
215 624
215 626
215 889
215 898
215 921
216 402
216 572
216 603
216 668
216 714
216 746
216 761
217 243
217 397
217 542
217 669
217 766
218 560
218 602
218 640
218 693
218 895
219 232
219 324
219 448
219 544
219 577
219 674
220 283
220 425
220 478
220 666
220 826
220 828
221 307
221 315
221 394
221 434
221 551
221 749
221 866
222 252
222 716
222 785
222 797
222 835
222 908
222 948
222 959
222 995
223 432
223 444
223 468
223 528
223 557
223 881
224 465
224 586
224 594
224 599
224 826
224 839
224 898
225 233
225 363
225 484
225 636
225 849
226 436
226 495
226 625
226 751
226 800
226 863
226 948
227 404
227 694
227 866
227 958
228 371
228 570
228 612
228 667
228 748
228 845
228 868
229 381
229 425
229 431
229 728
229 729
230 273
230 365
230 395
230 667
230 854
231 365
231 379
231 467
231 524
231 535
231 552
231 569
231 617
231 725
231 817
231 820
232 404
232 543
232 821
232 973
233 280
233 382
233 440
233 662
233 751
233 790
233 868
233 887
234 252
234 326
234 331
234 546
234 586
234 614
234 730
234 734
234 842
234 936
235 316
235 412
235 667
235 734
235 735
235 823
236 244
236 398
236 511
236 536
236 543
236 616
236 679
236 739
236 746
236 845
236 877
236 910
236 933
236 937
237 400
237 560
237 588
237 591
237 594
237 931
238 285
238 351
238 580
238 598
238 733
238 772
238 832
238 902
239 281
239 310
239 325
239 415
239 437
239 447
239 538
239 646
239 813
239 860
240 298
240 333
240 504
240 577
240 633
240 725
240 747
241 357
241 395
241 531
241 583
241 737
241 766
241 879
241 950
242 525
242 528
242 550
242 662
242 789
242 793
242 931
243 310
243 333
243 395
243 669
243 684
243 786
243 830
243 954
244 414
244 628
244 630
244 671
244 846
245 387
245 464
245 513
245 578
245 614
245 897
245 935
245 941
245 950
245 960
246 270
246 422
246 553
246 629
246 638
247 495
247 619
247 952
248 323
248 352
248 360
248 453
248 532
248 558
248 576
248 858
249 271
249 278
249 288
249 370
249 405
249 467
249 476
249 706
249 832
249 846
249 910
250 306
250 322
250 567
250 574
250 617
250 844
250 870
250 898
251 265
251 307
251 530
251 559
251 614
251 668
251 824
251 868
252 284
252 664
252 701
252 864
252 867
253 291
253 529
253 547
253 682
253 716
253 765
253 879
253 963
254 255
254 306
254 502
254 583
254 635
254 700
254 998
255 279
255 284
255 298
255 377
255 405
255 431
255 443
255 485
255 725
255 811
255 931
256 271
256 393
256 683
256 887
256 912
256 966
257 320
257 341
257 430
257 615
257 733
257 851
258 521
258 644
258 662
258 731
258 811
258 919
259 275
259 343
259 346
259 526
259 602
259 650
259 724
259 762
259 990
260 534
260 836
260 938
260 987
261 338
261 424
261 435
261 587
261 598
261 603
261 954
261 962
262 460
262 503
262 850
262 865
262 878
262 936
263 300
263 560
263 641
263 762
263 769
263 799
263 871
263 976
264 337
264 577
264 697
264 789
264 882
264 916
265 310
265 480
265 500
265 678
265 690
265 767
265 809
265 818
265 907
265 985
265 996
266 647
266 655
266 720
267 274
267 588
267 703
267 751
267 754
267 955
268 358
268 462
268 721
268 722
268 855
269 279
269 433
270 377
270 467
270 686
270 918
271 455
271 569
271 688
272 586
272 616
272 669
272 804
273 379
273 388
273 409
273 515
273 601
273 609
273 670
273 894
273 966
274 314
274 315
274 548
274 614
274 724
274 839
274 966
274 974
275 399
275 453
275 507
275 592
275 664
275 709
275 735
275 774
275 806
275 863
276 355
276 421
276 447
276 648
276 709
277 286
277 353
277 371
277 530
277 531
277 813
277 995
278 309
278 366
278 417
278 443
278 508
278 529
278 541
278 644
278 785
278 810
278 931
279 307
279 311
279 374
279 424
279 436
279 483
279 531
279 572
279 669
279 888
279 957
280 319
280 407
280 771
281 469
281 530
281 542
281 565
281 568
281 686
281 889
281 918
281 930
282 477
282 577
282 593
282 655
282 661
282 665
282 890
283 290
283 326
283 344
283 356
283 681
283 764
283 836
283 886
283 982
284 608
284 612
284 661
284 702
284 881
284 954
285 489
285 602
285 641
285 644
285 803
285 876
285 934
286 298
286 423
286 651
286 725
286 743
286 776
286 783
286 828
286 973
287 408
287 444
287 463
287 470
287 481
287 572
287 662
287 738
287 889
288 427
288 444
288 554
288 641
288 713
288 790
289 290
289 322
289 545
289 569
289 822
289 914
290 307
290 572
290 630
290 715
290 840
290 926
291 338
291 520
291 550
291 745
291 924
292 449
292 633
292 680
292 801
292 894
292 943
293 383
293 477
293 479
293 488
293 496
293 538
293 622
293 628
293 855
293 894
293 961
294 347
294 376
294 474
294 642
294 752
294 800
294 917
294 951
295 578
295 612
295 666
295 682
295 748
295 763
295 962
296 297
296 310
296 312
296 394
296 395
296 542
296 606
296 624
296 707
296 746
296 881
296 940
296 999
297 507
297 773
297 804
297 875
298 499
298 578
298 628
298 787
298 808
298 885
298 895
298 916
299 333
299 370
299 374
299 466
299 484
299 522
299 810
300 407
300 468
300 633
300 729
300 739
300 795
300 867
300 992
301 312
301 575
301 674
301 779
301 812
301 820
301 882
302 763
302 837
302 875
303 502
303 515
303 535
303 589
303 593
303 618
303 683
303 774
303 815
304 420
304 601
304 621
304 648
304 682
304 694
304 727
304 867
304 921
305 321
305 335
305 456
305 519
305 601
305 662
306 314
306 401
306 446
306 846
306 915
306 987
307 458
307 589
307 633
308 395
308 530
308 580
308 584
308 677
308 727
308 831
308 883
308 891
309 311
309 416
309 851
310 311
310 367
310 409
310 414
310 450
310 458
310 461
310 719
310 816
310 874
311 445
311 453
311 503
311 521
311 581
311 612
311 716
311 894
312 494
312 569
312 730
312 757
312 797
312 882
312 943
313 688
313 754
313 767
313 823
313 885
313 901
314 680
314 765
314 832
314 919
315 349
315 486
315 585
315 586
315 617
315 706
315 906
315 926
316 356
317 369
317 393
317 396
317 714
317 803
317 968
318 474
318 505
318 513
318 577
318 693
318 746
318 758
318 786
319 680
319 691
319 721
319 837
319 961
319 973
320 409
320 442
320 465
320 511
320 627
320 724
321 355
321 372
321 503
321 567
321 590
321 595
321 656
321 728
321 752
321 933
321 969
322 390
322 459
322 558
322 589
322 643
322 685
322 752
322 775
322 814
323 434
323 440
323 479
323 576
323 597
323 689
323 865
324 344
324 547
324 621
324 627
324 926
324 927
325 333
325 362
325 430
325 532
325 539
325 654
325 693
325 702
325 771
325 772
325 999
326 336
326 361
326 485
326 654
326 755
326 782
326 955
326 987
327 359
327 422
327 496
327 535
327 583
327 642
327 670
327 731
327 745
327 876
328 458
328 554
328 561
328 607
328 660
328 754
328 944
329 554
329 564
329 622
329 841
329 856
329 981
330 471
330 590
330 592
330 671
330 825
330 862
330 923
331 445
331 489
331 638
331 652
331 694
332 398
332 410
332 460
332 702
332 757
332 874
333 334
333 339
333 388
333 407
333 408
333 415
333 465
333 469
333 495
333 684
333 837
333 893
334 377
334 407
334 451
334 453
334 570
334 631
334 634
335 347
335 497
335 499
335 689
335 875
335 920
335 982
336 702
336 732
336 856
336 927
337 479
337 533
337 604
337 620
337 713
337 776
337 861
337 954
337 964
338 468
338 908
339 435
339 446
339 464
339 595
339 747
340 344
340 462
340 501
340 520
340 582
340 791
340 885
341 583
341 602
341 651
341 682
341 784
341 934
342 472
342 504
342 539
342 794
342 870
343 345
343 417
343 493
343 501
343 530
343 547
343 731
343 990
344 478
344 724
344 740
344 742
344 833
344 927
344 961
345 489
345 646
345 658
345 664
345 746
345 913
346 387
346 403
346 416
346 471
346 539
346 621
347 367
347 410
347 455
347 707
347 715
347 832
348 427
348 431
348 439
348 518
348 526
348 643
348 708
348 768
348 972
349 373
349 439
349 572
349 578
349 584
349 709
349 755
349 859
350 517
350 592
350 604
350 664
350 863
351 376
351 385
351 412
351 442
351 485
351 528
351 572
351 631
351 774
351 798
351 837
352 615
352 708
352 799
353 382
353 468
353 620
353 672
353 699
353 791
353 793
353 817
353 825
353 827
353 916
353 936
354 364
354 528
354 672
354 877
354 918
355 684
355 719
355 760
355 856
355 955
356 537
356 566
356 746
356 777
356 932
357 492
357 578
357 773
357 817
357 890
358 374
358 570
358 637
358 692
359 454
359 520
359 538
359 732
359 795
359 850
359 912
360 370
360 405
360 594
360 894
361 729
361 950
361 956
362 451
362 559
362 664
362 812
362 863
363 443
363 576
363 577
363 589
363 632
363 711
363 716
363 767
363 867
364 380
364 416
364 510
364 642
364 686
364 717
364 828
364 960
366 368
366 408
366 456
366 493
366 730
366 811
367 386
367 657
367 752
367 824
367 836
367 875
367 937
368 387
368 453
368 900
369 401
369 411
369 575
369 691
369 924
370 495
370 519
370 640
370 655
370 971
371 533
371 555
371 594
371 679
371 711
371 720
371 834
371 944
372 486
372 524
372 621
372 625
372 641
372 806
372 938
373 406
373 494
373 591
373 812
373 832
373 924
374 720
374 733
374 824
374 886
374 909
374 919
374 978
375 404
375 414
375 444
375 787
375 930
375 938
376 693
376 728
376 773
376 883
376 935
376 962
377 385
377 470
377 501
377 558
377 665
377 820
377 895
378 380
378 388
378 414
378 573
378 653
378 670
379 395
379 474
379 583
379 585
379 891
379 969
380 430
380 443
380 490
380 499
380 544
380 624
380 910
380 926
380 995
381 429
381 441
381 479
381 986
382 403
382 416
382 753
383 480
383 695
383 697
383 897
383 945
384 788
384 909
385 397
385 434
385 454
385 527
385 579
385 621
385 717
385 850
385 916
385 942
385 954
386 485
386 590
386 633
386 796
386 827
386 868
387 392
387 523
387 641
387 729
387 823
387 999
388 436
388 449
388 476
388 532
388 593
388 681
388 758
388 764
388 974
389 502
389 505
389 588
389 634
389 702
389 813
389 915
390 441
390 489
390 533
390 560
390 580
390 585
390 716
390 861
391 419
391 530
391 539
391 653
391 663
391 763
391 873
391 893
391 955
392 430
392 681
392 828
392 861
392 981
393 531
393 735
393 739
393 791
393 836
393 948
394 461
394 509
394 658
395 455
395 830
395 951
396 436
396 451
396 703
396 866
396 920
396 933
396 962
397 539
397 564
397 682
397 688
397 720
397 788
397 892
398 425
398 600
398 632
398 677
398 760
398 841
399 517
399 566
399 758
399 816
399 819
399 843
399 911
400 411
400 425
400 470
400 492
400 501
400 568
400 597
400 704
400 731
400 743
400 840
400 893
401 568
401 656
401 851
402 487
402 511
402 523
402 540
402 642
403 432
403 461
403 487
403 801
403 803
403 871
403 906
403 966
404 518
404 641
404 718
404 829
404 886
404 927
405 440
405 520
405 617
405 699
405 969
406 452
406 460
406 589
406 827
407 475
407 502
407 618
407 675
407 736
407 770
408 503
408 554
408 775
408 805
409 411
409 445
409 602
409 609
409 880
409 913
410 476
410 546
410 729
410 737
410 807
410 918
410 964
411 491
411 530
411 817
412 506
412 511
412 565
412 576
412 670
412 709
412 717
412 746
413 467
413 482
413 575
414 474
414 532
414 722
414 754
414 867
414 993
415 421
415 567
415 643
415 818
415 950
415 987
416 595
416 770
416 801
416 846
416 915
417 453
417 510
417 615
417 706
418 449
418 654
418 697
418 742
418 751
419 738
419 813
420 433
420 478
420 559
420 724
420 813
420 844
420 891
421 621
421 782
421 928
421 980
422 452
422 513
422 520
422 573
422 941
422 943
422 986
423 478
423 669
423 815
424 539
424 566
424 567
424 612
424 726
424 764
424 865
424 886
424 974
425 459
425 912
426 443
426 465
426 477
426 583
426 638
426 788
426 841
426 873
426 948
426 975
427 487
427 875
427 926
427 949
428 502
428 511
428 560
428 766
428 870
428 883
428 959
429 552
429 641
429 705
429 738
429 989
430 536
430 628
430 720
430 772
430 865
430 924
430 990
431 659
431 743
431 904
431 920
432 554
432 582
432 782
432 806
432 996
433 616
433 654
433 765
433 903
433 949
433 969
433 988
434 443
434 594
434 625
434 627
434 656
434 793
434 963
434 985
435 454
435 512
435 581
435 587
435 761
435 780
435 792
435 986
435 991
436 635
436 665
436 755
436 852
437 720
437 855
438 687
438 998
439 445
439 795
439 811
440 452
440 500
440 546
440 733
440 908
440 909
440 927
441 689
441 742
441 770
441 783
441 882
442 544
442 616
442 658
442 757
442 776
442 791
442 858
443 476
443 626
443 650
443 661
443 675
443 757
443 871
443 960
444 447
444 517
444 853
445 493
445 547
445 589
445 595
445 763
445 904
446 529
446 549
446 646
446 704
446 884
447 529
447 571
447 663
447 727
447 823
448 513
448 534
448 775
448 872
449 640
449 743
449 963
450 669
450 755
450 790
450 808
450 950
450 967
450 987
451 633
451 648
451 768
451 786
451 789
451 897
451 903
451 957
451 965
452 526
452 666
452 674
452 773
452 791
452 800
452 842
452 908
452 970
453 494
453 659
453 661
454 570
454 608
454 699
454 725
454 748
455 503
455 715
455 731
455 782
456 619
456 944
457 563
457 627
457 674
457 850
457 859
458 559
458 953
459 527
459 603
459 611
459 624
459 764
460 722
460 767
460 797
460 841
460 892
461 563
461 670
461 722
461 857
462 463
462 626
462 642
462 710
462 743
462 884
462 947
462 995
463 689
463 775
463 832
463 948
464 484
464 609
464 613
464 674
464 763
464 783
464 914
465 696
465 718
465 819
465 850
466 516
466 617
466 658
466 714
466 930
467 527
467 583
467 645
467 779
467 856
467 991
468 472
468 501
468 665
468 741
468 877
468 916
468 951
469 549
469 720
469 857
470 503
470 563
470 836
470 847
470 879
471 489
471 673
471 747
471 754
471 837
471 964
471 981
472 479
472 497
472 557
472 815
472 881
472 918
472 947
473 721
473 873
473 988
474 483
474 485
474 567
474 745
474 789
474 942
474 979
474 995
475 509
475 797
475 810
475 854
476 477
476 512
476 538
476 573
476 587
476 687
476 692
476 865
477 536
477 565
477 683
477 714
477 747
477 971
478 584
478 719
478 766
478 793
478 907
478 977
479 482
479 492
479 977
480 509
480 861
481 540
481 656
481 751
481 945
481 968
481 988
482 631
482 781
482 830
482 912
483 527
483 565
483 766
483 783
483 864
483 898
484 682
484 738
484 882
484 941
484 957
485 495
485 664
485 708
485 843
485 938
486 554
486 574
486 636
486 860
486 878
487 601
487 640
487 732
487 993
488 531
488 549
488 883
488 914
488 936
488 974
488 987
489 609
489 646
489 686
489 859
489 987
490 719
490 730
491 594
491 624
491 718
491 874
491 898
491 922
491 941
492 601
492 825
492 829
492 881
493 554
493 584
493 627
493 691
493 744
493 779
493 829
493 841
493 973
493 974
494 912
494 935
494 971
495 692
495 706
495 721
495 735
495 775
495 928
496 530
496 748
496 905
497 648
497 657
497 684
497 879
497 990
498 508
498 797
498 938
498 948
499 538
499 576
499 597
499 674
499 824
499 898
499 959
500 502
500 543
500 558
500 701
500 890
500 955
500 984
501 598
501 607
501 755
501 802
501 955
502 606
502 629
502 648
502 728
502 769
502 776
502 806
502 899
502 933
503 580
503 626
503 739
503 833
503 846
503 960
504 793
504 840
504 855
504 872
504 873
504 914
504 972
505 514
505 764
505 769
506 688
506 720
506 773
506 901
506 928
506 952
506 960
506 976
507 690
507 723
507 769
507 996
508 523
508 782
508 830
508 888
508 922
509 556
509 575
509 912
510 599
511 595
511 620
511 714
511 808
511 814
512 706
512 716
512 760
512 888
512 939
513 565
513 596
513 718
513 844
513 886
513 888
513 915
513 938
513 986
514 649
514 667
514 674
514 755
514 863
515 524
515 526
515 554
515 694
515 986
516 529
516 570
516 623
516 826
516 896
517 521
517 528
517 578
517 674
517 715
517 719
517 810
517 974
517 997
519 598
519 781
519 900
519 945
520 634
520 657
520 826
520 974
521 630
521 741
521 805
521 846
521 899
521 938
521 954
522 586
522 698
522 739
522 793
522 805
522 848
523 541
523 547
523 709
523 730
523 798
523 835
523 926
523 989
524 533
524 573
524 652
524 659
524 703
524 733
524 822
524 854
524 868
524 966
525 560
525 571
525 590
525 660
525 883
525 902
525 934
526 538
526 675
526 875
527 543
527 824
527 838
527 844
527 846
527 860
527 882
528 653
528 657
528 830
529 539
529 589
529 660
529 801
529 812
529 850
529 859
529 967
530 609
530 634
530 661
530 665
530 685
530 715
530 739
531 533
531 549
531 676
531 726
531 775
531 867
531 946
532 632
532 660
532 682
532 701
532 852
532 867
533 717
534 693
534 710
534 892
535 583
535 802
536 616
536 908
536 913
537 540
537 575
537 603
537 627
537 647
537 672
537 719
537 824
538 679
538 892
538 943
538 944
539 630
539 672
539 721
539 988
540 606
540 772
540 862
541 563
541 749
541 795
541 853
541 954
541 984
542 673
542 851
542 916
543 667
543 704
543 767
543 819
543 832
543 853
543 948
544 589
544 795
544 802
544 823
544 849
544 853
544 883
544 908
544 912
544 967
545 609
545 750
545 757
545 908
545 961
546 563
546 623
546 629
546 705
546 752
546 811
546 860
546 947
547 556
547 561
547 720
547 817
547 896
547 914
548 864
548 937
549 553
549 816
550 656
550 668
550 732
550 784
550 886
551 639
551 736
551 927
552 566
552 823
553 594
553 620
553 639
553 729
553 735
553 875
554 583
554 585
554 620
554 728
554 752
554 869
554 900
554 931
554 963
554 967
554 979
555 621
555 667
555 679
555 716
555 783
555 812
555 816
556 558
556 569
556 665
556 698
556 791
556 848
556 898
557 598
557 609
557 624
557 720
557 776
557 782
557 803
557 960
558 593
558 616
558 722
558 830
559 839
559 966
560 571
560 579
560 600
560 677
560 813
560 877
560 922
560 954
561 789
561 856
562 604
562 629
562 836
562 868
562 891
563 867
563 904
564 624
564 628
564 686
564 708
564 989
565 625
565 814
565 940
565 967
566 597
566 850
566 955
567 583
567 613
567 665
567 750
567 784
568 626
568 689
569 783
569 794
570 750
570 832
570 862
570 946
571 708
571 718
571 997
572 576
572 577
572 598
572 792
572 835
572 860
572 890
572 963
573 576
573 593
573 713
573 715
573 921
574 636
574 656
574 735
574 772
574 991
575 737
575 771
575 874
575 890
576 684
577 630
577 687
577 719
577 759
577 771
578 838
578 865
578 904
578 913
578 976
579 611
579 672
579 679
579 831
579 874
580 602
580 726
580 750
580 912
581 649
581 691
581 710
581 774
581 998
582 702
583 724
583 782
583 850
583 871
584 599
584 624
584 682
584 753
584 758
584 863
584 878
584 890
585 591
585 610
585 643
585 896
586 598
586 615
586 726
586 794
586 937
587 760
587 769
587 840
587 906
588 734
588 887
588 940
588 979
588 981
589 592
589 877
590 635
590 706
590 743
590 756
590 777
591 665
591 718
591 731
591 865
591 916
591 918
591 935
592 661
592 995
592 997
593 605
593 666
593 687
593 767
593 841
593 877
593 921
594 673
594 904
595 747
595 756
595 780
595 811
595 832
595 968
596 761
596 767
596 981
597 711
597 728
597 849
597 951
597 995
598 813
598 883
598 892
598 940
598 975
599 610
599 703
599 718
599 896
600 645
600 672
600 694
600 963
601 616
601 663
601 751
601 758
601 923
601 960
602 843
602 855
602 900
602 960
603 709
603 743
603 755
604 650
604 975
605 678
605 686
605 691
605 692
605 701
605 840
605 857
605 952
606 704
606 829
607 686
607 691
607 799
607 918
608 638
608 821
608 827
608 866
608 915
609 640
609 690
609 692
609 752
609 826
609 889
609 980
610 667
610 676
610 768
610 811
610 818
610 937
610 943
611 690
611 757
611 811
611 868
611 919
611 988
612 638
612 875
613 619
613 675
613 740
613 755
613 797
614 638
614 676
614 699
614 724
614 943
615 618
615 731
615 786
615 841
615 914
616 761
616 819
616 897
617 618
617 738
617 746
617 792
617 856
617 965
618 714
618 903
618 959
619 723
619 785
619 811
621 966
621 967
621 969
621 991
622 887
622 888
622 956
622 991
623 643
623 710
623 730
623 782
623 879
624 694
624 696
624 756
624 813
624 853
624 871
625 858
626 678
626 795
626 801
626 810
626 851
626 906
626 911
626 980
627 683
627 989
628 702
628 738
629 690
629 703
629 836
629 953
629 983
630 673
630 743
630 928
631 685
631 787
631 823
631 866
631 933
631 964
632 664
632 722
632 853
632 929
632 990
633 761
633 830
634 652
634 801
634 808
634 883
634 946
635 746
635 863
635 932
636 701
637 688
637 854
637 872
637 964
638 699
638 736
638 834
639 645
639 751
639 784
639 898
639 952
640 831
641 693
641 779
641 787
641 971
642 678
642 896
642 899
643 725
643 804
643 877
644 743
644 761
645 682
645 711
645 727
646 653
646 700
646 762
646 945
647 705
647 716
647 819
647 883
647 938
648 662
648 765
648 854
648 986
649 761
649 799
649 815
649 843
650 703
650 805
650 837
650 862
650 996
651 952
652 713
653 705
653 787
654 697
654 737
655 699
655 780
655 934
655 981
656 884
656 888
656 927
656 951
657 790
657 822
657 951
658 688
658 720
658 758
658 783
658 829
659 810
659 979
660 759
660 875
661 679
661 715
661 838
661 940
661 943
661 991
662 722
662 778
662 834
662 871
662 892
662 996
663 670
663 830
663 864
663 885
663 999
664 728
664 741
664 835
664 873
664 890
665 770
665 808
665 863
666 785
666 932
666 972
667 703
667 900
667 980
667 982
668 750
668 875
668 986
669 830
669 842
669 887
670 740
670 757
670 801
671 804
672 771
672 794
672 832
672 979
673 693
673 739
673 777
673 785
673 922
674 739
674 752
674 948
675 709
675 858
675 866
676 731
676 801
676 850
676 870
676 950
677 778
677 813
677 826
678 853
678 909
678 947
679 685
679 724
679 992
680 781
680 830
680 832
680 870
681 922
682 771
682 805
682 861
683 786
684 820
684 851
684 852
684 949
685 688
685 692
685 737
685 998
686 720
686 863
686 954
686 971
687 800
687 825
687 950
688 700
688 807
688 902
689 969
690 705
690 725
690 747
690 862
690 911
690 981
691 695
691 839
691 911
691 980
692 736
692 861
692 967
693 949
694 711
694 757
694 769
694 799
694 879
694 920
694 942
695 823
695 877
695 919
695 922
695 935
696 802
696 914
696 983
697 895
697 931
698 726
698 752
698 892
698 916
698 926
698 934
698 976
698 993
699 703
699 712
699 763
699 945
700 758
700 808
700 819
701 744
701 969
701 994
702 976
703 795
704 792
704 872
704 920
705 960
706 910
707 715
708 713
708 817
708 861
708 882
709 803
709 892
710 775
710 842
710 918
711 733
711 758
711 800
711 806
712 766
712 788
712 973
712 984
712 990
713 735
713 739
713 813
713 949
713 962
713 992
714 871
715 734
715 850
715 945
716 861
716 874
716 947
717 756
717 769
717 835
717 979
718 763
718 800
718 808
718 813
718 850
718 867
718 908
718 938
718 999
719 831
719 876
719 889
719 896
720 865
720 994
721 773
721 787
721 843
722 868
723 736
723 814
723 891
723 987
724 852
725 858
725 924
725 926
725 932
725 993
725 995
726 885
726 891
727 747
727 798
727 902
727 971
727 992
729 842
730 844
730 958
731 739
731 830
731 895
731 944
732 779
733 776
733 891
733 964
734 791
734 837
734 902
734 934
734 940
734 956
734 974
735 918
735 986
736 784
736 794
736 801
737 958
738 901
738 990
739 909
740 981
741 938
742 852
742 864
742 909
742 926
742 998
743 757
743 908
743 972
744 820
744 859
744 876
744 934
744 942
745 753
745 785
745 837
745 958
746 801
747 781
747 788
747 837
748 785
748 897
748 910
749 946
751 757
751 793
751 811
751 839
751 860
751 897
751 963
752 834
752 894
752 903
752 964
753 907
754 928
755 869
755 870
756 788
756 902
757 806
758 833
758 979
759 801
759 955
760 921
760 961
761 914
761 957
762 766
762 852
762 910
763 909
763 975
763 991
764 851
764 867
764 880
764 988
765 814
765 816
765 966
766 853
766 896
768 831
768 971
769 776
769 779
769 915
769 984
770 817
770 916
771 842
771 889
771 899
771 934
772 873
772 971
772 983
774 853
775 821
775 933
775 953
775 965
776 795
776 857
776 874
776 902
776 922
777 996
778 807
778 829
778 849
778 928
778 940
778 967
778 970
779 781
779 961
780 807
780 815
780 847
780 915
782 793
782 825
782 874
782 912
782 954
782 960
783 967
784 786
784 893
784 977
785 902
786 879
789 912
789 940
790 877
790 912
792 828
792 883
792 899
792 975
793 906
793 942
793 986
794 800
794 808
794 863
796 990
798 877
798 955
798 985
798 991
799 820
799 874
799 927
799 994
800 946
801 837
801 896
801 972
803 852
803 859
804 891
805 875
805 886
807 958
809 832
809 855
809 937
811 877
811 954
811 991
813 842
813 851
813 879
813 972
814 918
816 886
817 913
818 823
818 848
820 955
821 846
821 929
821 937
822 842
822 875
823 840
823 875
823 973
823 976
823 981
824 949
827 883
827 895
827 905
827 992
828 883
829 842
830 898
831 954
832 854
832 876
832 904
833 837
833 884
833 954
833 958
834 950
834 958
835 867
835 893
835 945
836 846
836 859
836 931
836 946
837 992
837 994
838 858
839 906
840 948
841 998
842 958
843 971
844 954
844 991
845 864
845 935
846 936
847 880
848 942
849 915
849 982
850 911
851 964
852 965
853 939
854 920
855 879
855 887
856 859
857 965
858 938
859 865
860 913
862 998
863 883
863 997
864 997
865 902
865 943
865 948
865 968
866 978
867 921
867 958
867 967
868 891
868 948
868 958
869 918
869 971
870 882
870 944
872 938
872 998
874 886
874 914
876 952
877 906
877 912
877 998
880 881
881 895
881 987
882 983
883 933
883 997
886 916
886 975
888 920
888 921
888 925
890 928
890 987
891 933
891 974
894 951
896 977
896 997
898 937
899 968
899 989
900 994
901 963
902 988
903 936
904 958
906 941
908 943
909 921
909 940
910 914
912 933
912 945
913 986
914 964
915 967
916 948
917 988
918 935
919 932
919 935
919 945
920 946
920 959
922 941
924 931
924 936
926 931
927 967
927 974
928 955
928 969
929 966
931 948
933 981
934 973
944 955
945 991
947 971
948 985
951 972
951 979
955 964
957 971
958 971
958 973
961 992
962 998
964 969
967 978
969 977
972 987
973 999
979 985
982 996