1000
5030
0 37
0 126
0 235
0 240
0 319
0 331
0 386
0 466
0 524
0 579
0 662
0 712
0 767
0 781
0 856
1 90
1 125
1 245
1 289
1 316
1 503
1 634
1 826
1 832
1 900
2 214
2 302
2 312
2 320
2 361
2 386
2 438
2 486
2 505
2 531
2 544
2 655
2 761
2 893
2 911
2 916
3 151
3 179
3 211
3 266
3 284
3 434
3 480
3 510
3 529
3 547
3 772
3 829
4 41
4 175
4 208
4 227
4 236
4 250
4 452
4 631
4 649
4 668
4 726
4 770
4 776
4 842
4 844
5 117
5 194
5 266
5 325
5 370
5 409
5 434
5 441
5 709
5 901
5 950
6 54
6 59
6 197
6 500
6 616
6 658
6 722
6 774
6 777
6 817
6 966
6 979
6 983
7 183
7 679
7 903
7 952
8 60
8 86
8 231
8 259
8 308
8 490
8 538
8 852
8 904
8 916
9 78
9 144
9 262
9 525
9 721
9 732
9 746
9 908
10 65
10 151
10 213
10 381
10 540
10 624
10 633
10 868
10 991
10 994
11 203
11 208
11 314
11 359
11 454
11 594
11 607
11 828
11 956
11 966
12 33
12 74
12 158
12 260
12 288
12 383
12 502
12 516
12 520
12 523
12 580
12 635
12 750
12 929
13 90
13 147
13 211
13 288
13 440
13 520
13 558
13 559
13 815
13 852
13 875
13 877
13 881
14 61
14 124
14 307
14 390
14 450
14 808
14 842
14 843
14 915
14 919
14 942
15 33
15 167
15 387
15 422
15 571
15 586
15 660
15 663
15 771
15 775
15 779
15 881
16 95
16 259
16 424
16 469
16 679
16 776
16 893
17 51
17 186
17 233
17 237
17 322
17 452
17 470
17 547
17 552
17 566
17 598
17 906
18 168
18 355
18 412
18 467
18 838
18 974
19 20
19 228
19 250
19 344
19 415
19 505
19 798
20 105
20 238
20 403
20 465
20 517
20 751
20 790
20 798
20 808
20 811
20 985
21 108
21 158
21 204
21 393
21 428
21 532
21 721
21 842
22 184
22 198
22 267
22 525
22 644
22 670
22 695
22 872
22 984
22 991
23 61
23 168
23 210
23 238
23 363
23 502
23 505
23 611
23 657
23 669
23 697
23 867
24 52
24 139
24 144
24 174
24 842
24 848
24 887
25 41
25 131
25 146
25 181
25 257
25 340
25 414
25 441
25 851
26 65
26 95
26 209
26 239
26 273
26 368
26 697
26 927
27 305
27 398
27 486
27 520
27 523
27 709
27 733
27 923
28 351
28 451
28 475
28 540
28 591
28 885
28 893
28 920
28 959
29 44
29 104
29 135
29 147
29 151
29 179
29 198
29 663
29 722
29 844
29 857
29 885
29 939
30 128
30 174
30 190
30 567
30 606
30 660
30 693
30 736
30 760
31 92
31 341
31 422
31 593
31 604
31 624
31 827
31 996
32 70
32 89
32 255
32 425
32 464
32 581
32 745
32 779
32 843
33 236
33 350
33 375
33 397
33 494
33 534
33 574
33 709
33 837
33 844
34 108
34 229
34 345
34 365
34 420
34 563
34 869
34 882
34 938
34 996
35 90
35 231
35 386
35 472
35 485
35 487
35 560
35 565
35 569
35 642
35 697
35 805
35 899
35 939
36 181
36 252
36 320
36 347
36 374
36 451
36 468
36 476
36 529
36 667
36 718
36 860
36 911
36 913
36 990
37 98
37 192
37 213
37 397
37 432
37 521
37 538
37 671
37 763
37 780
37 832
37 912
38 112
38 362
38 367
38 375
38 404
38 514
38 845
38 869
39 488
39 574
39 590
39 758
39 789
39 829
39 925
39 953
40 180
40 222
40 251
40 292
40 386
40 517
40 892
40 904
40 945
40 959
41 400
41 456
41 469
41 690
41 724
41 778
41 796
41 812
41 832
41 889
42 87
42 103
42 226
42 254
42 385
42 492
42 569
42 693
42 724
42 732
42 740
42 793
42 830
43 106
43 169
43 196
43 200
43 609
43 689
43 811
44 302
44 395
44 416
44 557
44 604
44 933
45 92
45 389
45 397
45 418
45 477
45 493
45 571
45 740
45 850
45 878
45 989
46 133
46 295
46 337
46 362
46 405
46 546
46 650
46 672
46 800
46 811
46 996
47 91
47 101
47 163
47 248
47 255
47 323
47 596
47 692
47 727
47 784
47 868
48 375
48 440
48 581
48 597
48 600
48 707
48 867
49 92
49 374
49 509
49 558
49 598
49 665
49 706
50 93
50 241
50 274
50 379
50 497
50 532
50 535
50 619
50 648
50 681
50 870
51 78
51 149
51 173
51 271
51 319
51 436
51 735
52 75
52 184
52 218
52 350
52 538
52 736
52 745
52 830
52 837
52 946
53 64
53 122
53 151
53 198
53 234
53 240
53 404
53 534
53 560
53 628
53 648
53 669
53 690
53 924
54 102
54 162
54 215
54 269
54 348
54 421
54 638
54 866
54 921
55 76
55 191
55 205
55 246
55 299
55 304
55 471
55 611
55 630
55 712
55 759
55 798
55 805
55 834
55 847
55 870
56 209
56 225
56 358
56 505
56 589
56 712
56 850
56 996
57 83
57 193
57 211
57 273
57 305
57 377
57 439
57 495
57 674
57 782
57 932
58 599
58 711
58 801
59 186
59 253
59 282
59 289
59 367
59 589
59 713
59 714
59 748
60 221
60 684
60 719
60 741
60 745
60 801
60 959
60 964
61 237
61 371
61 407
61 414
61 502
61 545
61 559
61 579
61 637
61 691
61 779
61 962
61 997
62 170
62 177
62 200
62 542
62 740
62 869
62 978
63 140
63 230
63 287
63 483
63 493
63 513
63 554
63 796
63 873
64 75
64 118
64 149
64 241
64 254
64 323
64 443
64 556
64 611
64 739
64 806
65 456
65 543
65 560
65 579
65 848
65 864
65 940
66 136
66 149
66 210
66 215
66 282
66 338
66 488
66 808
66 955
67 69
67 92
67 195
67 585
67 768
67 821
67 851
67 879
67 892
67 956
67 982
68 108
68 141
68 144
68 159
68 300
68 359
68 397
68 402
68 497
69 98
69 165
69 217
69 250
69 406
69 497
69 575
69 596
69 619
69 694
69 863
69 925
70 108
70 109
70 157
70 269
70 383
70 570
70 595
70 658
70 682
70 747
70 935
71 156
71 479
71 526
71 683
71 756
71 781
71 791
72 122
72 430
72 562
72 673
72 749
72 841
72 869
72 882
72 940
72 982
73 163
73 263
73 288
73 292
73 309
73 551
73 561
73 588
73 665
73 678
73 693
73 789
73 889
74 84
74 114
74 170
74 457
74 473
74 553
74 870
74 951
75 170
75 277
75 376
75 378
75 421
75 510
75 661
75 770
75 828
75 890
75 965
75 977
76 224
76 272
76 450
76 538
76 631
76 720
76 739
76 775
76 964
77 239
77 248
77 452
77 563
77 781
77 836
77 838
77 864
77 898
78 396
78 599
78 771
78 874
78 975
79 87
79 193
79 344
79 357
79 489
79 656
79 724
79 731
79 815
79 842
80 92
80 123
80 210
80 440
80 523
80 628
80 865
81 82
81 198
81 375
81 423
81 443
81 564
81 570
81 608
81 640
81 746
82 330
82 377
82 396
83 142
83 424
83 546
83 680
83 725
83 790
83 836
83 864
83 993
84 155
84 372
84 509
84 880
84 944
84 959
85 172
85 196
85 197
85 292
85 386
85 556
85 763
86 137
86 274
86 444
86 569
86 597
86 669
86 693
86 760
86 853
86 961
87 144
87 352
87 366
87 425
87 497
87 554
87 652
87 664
87 811
87 881
88 99
88 123
88 125
88 160
88 177
88 514
88 539
88 578
88 706
88 874
88 969
88 986
88 991
89 165
89 191
89 197
89 355
89 406
89 559
89 720
89 721
89 760
89 871
90 198
90 266
90 299
90 365
90 877
90 941
91 417
91 422
91 615
91 634
91 762
92 189
92 197
92 200
92 359
92 483
92 561
92 682
92 745
92 840
92 876
92 991
93 107
93 333
93 350
93 360
93 366
93 414
93 791
94 110
94 289
94 385
94 411
94 432
94 718
94 863
94 867
94 944
95 184
95 722
95 848
95 888
95 995
96 105
96 245
96 442
97 248
97 263
97 269
97 368
97 528
97 791
97 793
97 820
97 850
97 911
98 264
98 348
98 457
98 508
98 645
98 827
98 864
98 881
98 993
98 994
99 110
99 189
99 207
99 261
99 295
99 410
99 525
99 526
99 744
99 839
99 845
99 986
100 114
100 186
100 245
100 383
100 429
100 444
100 503
100 553
100 709
100 769
100 931
101 111
101 197
101 202
101 353
101 639
101 648
101 662
101 777
101 798
101 853
101 856
102 142
102 154
102 495
102 667
103 117
103 145
103 176
103 392
103 493
103 575
103 635
103 643
103 742
103 768
103 941
104 170
104 209
104 505
104 564
104 573
104 714
104 738
104 784
104 864
104 868
104 886
105 153
105 243
105 573
105 607
105 660
105 681
105 715
105 819
105 886
105 915
106 116
106 146
106 320
106 330
106 384
106 454
106 550
106 611
106 730
106 747
106 896
107 132
107 246
107 310
107 356
107 365
107 371
107 436
107 742
107 954
107 993
107 999
108 120
108 330
108 455
108 568
108 597
108 641
108 657
108 658
108 693
108 754
108 833
108 887
108 896
109 393
109 464
109 561
109 651
109 793
110 193
110 364
110 425
110 553
110 563
110 692
110 810
110 994
111 181
111 241
111 289
111 445
111 490
111 886
111 975
112 169
112 185
112 425
112 429
112 652
112 682
112 773
112 790
112 922
113 176
113 185
113 194
113 495
113 496
113 544
113 656
113 898
114 122
114 144
114 278
114 411
114 528
114 655
114 681
114 750
114 862
115 155
115 188
115 189
115 276
115 532
115 623
115 667
115 705
115 749
115 808
115 895
115 962
116 143
116 298
116 340
116 378
116 407
116 419
116 497
116 547
116 559
116 688
117 335
117 357
117 423
117 465
117 500
117 547
117 572
117 598
117 600
117 682
117 793
117 829
117 981
118 121
118 199
118 394
118 484
118 964
118 985
118 987
119 172
119 234
119 278
119 369
119 609
119 661
119 968
120 195
120 300
120 337
120 411
120 433
120 496
120 509
120 571
120 761
120 871
120 947
121 187
121 302
121 351
121 372
121 425
121 500
121 608
121 651
121 709
121 712
121 935
122 450
122 604
122 931
122 960
123 234
123 239
123 354
123 597
123 717
123 773
123 809
123 865
123 977
124 251
124 316
124 335
124 374
124 381
124 462
124 708
125 147
125 152
125 291
125 663
125 896
126 347
126 366
126 374
126 384
126 862
127 156
127 265
127 427
127 493
127 532
127 676
127 694
127 762
127 768
127 857
127 934
128 201
128 525
128 587
128 592
128 974
128 985
129 323
129 409
129 530
129 554
129 630
129 643
129 653
129 721
129 749
129 918
130 186
130 192
130 220
130 522
130 619
130 657
130 744
130 825
130 860
131 210
131 586
131 613
131 695
131 696
131 698
131 728
131 794
132 193
132 501
132 519
132 590
132 650
132 678
132 727
132 762
133 548
134 154
134 274
134 306
134 439
134 546
134 599
134 636
134 792
135 456
135 459
135 678
135 686
135 790
135 933
136 181
136 337
136 477
136 589
136 734
136 928
137 267
137 487
137 630
138 168
138 281
138 300
138 471
138 507
138 598
138 653
138 781
138 791
138 825
138 890
138 910
139 168
139 276
139 391
139 416
139 645
139 704
139 789
139 932
140 310
140 342
140 348
140 374
140 498
140 605
140 656
140 776
140 778
140 830
140 831
141 172
141 187
141 335
141 631
141 698
141 718
142 263
142 398
142 421
142 565
142 670
142 736
142 797
142 966
143 280
143 363
143 439
143 539
143 557
143 562
143 587
143 598
143 614
143 714
143 718
143 857
143 986
144 173
144 475
144 507
145 279
145 332
145 371
145 399
145 497
145 686
145 802
146 194
146 364
146 392
146 414
146 479
146 524
146 657
146 666
146 730
146 767
147 303
147 351
147 379
147 529
147 534
147 677
147 782
147 851
148 158
148 231
148 264
148 331
148 487
148 675
148 688
148 864
148 972
149 196
149 263
149 426
149 503
149 613
149 940
149 980
149 996
150 243
150 294
150 320
150 358
150 412
150 699
150 715
150 757
150 838
150 974
150 989
150 995
151 393
151 738
151 786
151 834
151 858
151 866
151 983
152 240
152 442
152 615
152 656
152 706
152 761
152 768
152 801
152 865
152 871
152 986
153 180
153 328
153 343
153 410
153 669
153 745
153 843
154 207
154 269
154 311
154 758
154 822
154 862
154 879
154 913
154 986
155 167
155 190
155 261
155 262
155 397
155 665
155 679
155 681
155 728
155 776
155 921
156 213
156 241
156 423
156 533
156 736
156 799
156 881
156 906
157 194
157 345
157 421
157 429
157 455
157 511
157 561
157 629
157 708
157 878
157 953
158 230
158 363
158 487
158 525
158 712
158 835
158 859
158 877
158 887
158 929
159 410
159 533
159 606
159 607
159 621
159 693
159 920
160 279
160 510
160 526
160 540
160 576
160 854
160 858
161 581
161 652
161 708
161 799
161 962
162 256
162 330
162 385
162 388
162 389
162 696
162 932
162 942
163 306
163 495
163 692
163 702
163 762
163 997
164 376
164 430
164 492
164 543
164 620
164 659
164 744
164 897
164 994
165 168
165 410
165 482
165 521
165 534
165 620
165 706
165 772
165 855
166 944
167 189
167 249
167 502
167 510
167 618
168 205
168 370
168 440
168 514
168 737
168 762
168 789
168 969
168 986
169 409
169 421
169 448
169 838
169 868
169 993
170 345
170 444
170 482
170 542
170 571
170 742
170 744
170 809
170 829
170 917
170 991
171 264
171 287
171 364
171 520
171 521
171 609
171 625
171 634
171 704
171 839
172 208
172 356
172 391
172 758
172 836
172 887
172 951
173 299
173 332
173 368
173 580
173 582
173 639
174 180
174 516
174 557
174 707
174 731
174 788
174 846
174 853
174 878
174 996
175 187
175 289
175 403
175 435
175 533
175 538
175 594
176 184
176 282
176 286
176 573
176 610
176 685
176 690
176 774
176 788
176 796
176 924
176 943
177 180
177 239
177 357
177 365
177 394
177 515
177 550
177 567
177 664
177 857
177 910
177 969
178 287
178 302
178 518
178 627
178 955
179 287
179 300
179 403
179 609
179 691
179 740
179 807
179 813
179 856
179 865
179 880
180 189
180 254
180 260
180 267
180 301
180 312
180 323
180 415
180 433
180 552
180 584
180 661
180 708
180 820
180 944
180 981
181 249
181 261
181 623
181 744
181 905
182 274
182 567
182 725
182 755
183 226
183 264
183 399
183 424
183 430
183 446
183 450
183 499
183 544
183 750
183 882
183 987
184 288
184 301
184 426
184 530
184 711
184 794
184 891
185 516
185 713
186 197
186 321
186 471
186 501
186 769
186 884
187 394
187 508
187 620
187 638
187 689
187 871
188 196
188 374
188 534
188 640
188 653
188 896
188 921
188 999
189 211
189 361
189 366
189 428
189 457
189 467
189 766
189 850
189 894
189 946
189 990
190 390
190 407
190 456
190 518
190 621
190 944
191 264
191 450
191 458
191 503
191 561
191 657
191 721
191 795
192 301
192 399
192 502
192 641
192 704
192 775
192 839
192 875
192 889
193 355
193 383
193 544
193 766
193 876
194 248
194 274
194 426
194 635
194 722
195 223
195 286
195 327
195 336
195 417
195 726
196 199
196 262
196 471
196 672
196 763
196 765
196 785
196 841
196 930
197 235
197 386
197 411
197 496
197 512
197 515
197 610
197 768
198 202
198 444
198 497
198 505
198 556
198 594
198 657
198 917
199 290
199 299
199 327
199 382
199 562
199 888
199 898
199 913
199 953
199 988
200 526
200 575
200 633
200 675
200 690
200 767
200 788
200 820
200 859
200 990
201 214
201 261
201 298
201 327
201 340
201 370
201 378
201 777
201 790
201 927
202 455
202 577
202 880
202 907
203 208
203 389
203 601
203 920
203 976
204 302
204 538
204 607
204 613
204 709
204 797
204 799
204 994
204 999
205 345
205 429
205 444
205 612
205 679
205 686
205 827
206 253
206 264
206 481
206 533
206 807
206 854
206 977
206 994
207 281
207 317
207 431
207 543
207 595
207 789
207 824
207 877
208 305
208 346
208 617
208 659
208 919
209 252
209 350
209 552
209 558
209 612
209 670
209 683
209 748
209 812
210 405
210 488
210 551
210 617
210 794
210 997
210 999
211 222
211 896
211 911
211 920
212 402
212 504
212 777
212 790
212 843
212 862
212 907
213 299
213 301
213 659
213 698
213 738
213 777
213 793
213 954
214 277
214 299
214 305
214 597
214 609
214 611
214 741
214 798
215 310
215 326
215 543
215 596
215 763
215 786
215 798
215 852
215 927
215 928
215 932
216 259
216 443
216 458
216 520
216 627
216 843
216 935
216 969
217 250
217 253
217 262
217 355
217 399
217 515
217 559
217 576
217 700
217 859
218 272
218 407
218 437
218 494
218 581
218 632
218 717
218 719
218 862
218 975
219 327
219 328
219 422
219 709
219 741
219 783
219 926
220 228
220 560
220 648
220 675
220 683
220 692
220 799
220 930
220 931
221 635
221 764
221 802
221 871
221 964
221 999
222 431
222 536
222 754
222 804
222 973
223 229
223 406
223 431
223 472
223 642
223 665
223 739
223 788
224 228
224 256
224 311
224 539
224 616
224 618
224 625
224 777
224 880
224 907
225 240
225 615
225 781
225 847
225 854
225 933
226 254
226 330
226 465
226 732
226 833
226 855
226 871
226 997
227 250
227 508
227 721
227 886
227 941
228 233
228 329
228 363
228 560
228 711
228 737
228 829
228 906
228 928
229 279
229 345
229 395
229 585
229 696
229 900
229 933
229 961
230 268
230 304
230 416
230 435
230 458
230 836
230 892
231 247
231 428
231 455
231 474
231 499
231 763
231 969
231 981
232 357
232 471
232 620
232 648
232 704
232 723
232 733
232 754
232 881
232 913
233 450
233 683
233 719
233 782
233 857
233 859
234 297
234 316
234 372
234 531
234 607
234 639
234 966
235 649
235 697
235 847
235 937
236 356
236 380
236 485
236 507
236 509
236 547
236 732
236 745
236 892
237 240
237 245
237 738
237 762
237 797
237 901
237 999
238 325
238 397
238 456
238 463
238 575
238 737
238 999
239 263
239 407
239 555
239 884
239 982
240 364
240 605
240 654
240 886
240 895
240 919
240 948
241 304
241 366
241 413
241 527
241 715
241 730
241 736
241 775
241 805
241 978
242 452
242 455
242 549
242 637
242 786
242 871
242 917
242 983
243 306
243 349
243 360
243 390
243 604
243 611
243 660
243 695
243 711
243 858
243 910
244 316
244 369
244 440
244 742
244 831
244 843
244 860
244 880
245 318
245 524
245 623
245 658
245 758
245 890
245 891
246 851
246 906
247 263
247 289
247 319
247 369
247 375
247 452
247 621
247 776
247 780
247 870
247 883
248 296
248 363
248 478
248 514
248 603
248 694
248 796
248 881
248 927
249 496
249 775
249 807
249 829
250 280
250 299
250 300
250 363
250 422
250 462
250 651
250 697
251 377
251 531
251 771
251 785
251 877
251 976
252 294
252 318
252 600
252 608
252 873
253 359
253 474
253 517
253 832
254 495
254 621
254 665
254 670
254 797
254 982
255 372
255 409
255 478
255 579
255 644
255 658
255 682
255 865
256 317
256 392
256 413
256 495
256 553
256 669
256 805
257 281
257 354
257 380
257 384
257 438
257 446
257 759
257 802
257 813
257 830
257 883
257 885
257 998
258 310
258 396
258 522
258 536
258 617
258 632
258 701
258 744
258 793
258 944
259 338
259 341
259 454
259 564
259 654
259 717
259 803
260 319
260 398
260 415
260 491
260 571
260 664
260 825
260 844
260 851
260 861
260 885
260 924
260 936
260 941
261 598
261 625
261 676
262 306
262 421
262 673
262 773
262 826
263 332
263 427
263 472
263 552
263 576
263 666
263 672
263 728
263 794
263 905
263 974
264 326
264 482
264 770
264 840
265 376
265 488
265 558
265 570
265 624
265 691
265 783
265 874
265 948
266 446
266 697
266 752
266 767
266 861
267 581
267 598
267 605
267 667
267 678
267 711
267 878
267 894
267 898
267 935
268 274
268 347
268 424
268 646
268 828
268 834
268 893
268 900
269 441
269 886
270 345
270 440
270 531
270 582
270 743
270 757
270 853
270 864
270 976
271 346
271 381
271 478
271 658
271 715
271 764
271 803
272 365
272 506
272 513
272 606
272 726
273 466
273 582
273 962
274 537
274 792
274 907
274 945
275 358
275 461
275 524
275 748
275 914
275 959
276 325
276 460
276 926
277 427
277 484
277 598
277 692
277 725
277 741
278 422
278 474
278 651
278 828
278 833
278 874
278 933
278 964
279 455
279 818
280 303
280 348
280 412
280 527
280 576
280 604
280 617
280 684
281 380
281 400
281 450
281 516
281 577
281 608
281 781
281 931
281 981
282 306
282 337
282 603
282 611
282 762
282 818
282 997
283 608
283 667
283 824
283 946
283 991
284 370
284 387
284 418
284 553
284 642
284 786
284 869
285 305
285 327
285 364
285 394
285 497
285 530
285 809
285 853
286 308
286 318
286 597
286 685
286 716
286 758
286 808
286 955
287 322
287 344
287 428
287 450
287 616
287 622
287 626
287 673
287 911
288 291
288 400
288 403
288 440
288 469
288 774
288 844
288 862
288 920
289 449
289 738
289 893
289 954
289 957
290 322
290 574
290 613
290 661
290 692
290 749
290 878
290 930
291 307
291 387
291 437
291 537
291 549
291 556
291 577
291 610
291 623
291 757
292 337
292 439
292 498
292 547
292 549
292 909
293 423
293 667
293 754
293 756
293 785
293 842
293 987
293 989
294 559
294 779
294 835
294 840
294 939
295 300
295 390
295 579
295 617
295 776
295 901
295 923
295 931
295 955
296 459
296 878
296 928
297 333
297 403
297 561
297 588
297 632
297 667
297 695
297 780
297 808
297 864
297 896
298 320
298 369
298 428
298 521
298 524
298 531
298 627
298 704
298 745
298 768
298 831
298 919
298 986
298 993
299 384
299 412
299 424
299 522
299 717
299 818
299 822
299 862
299 867
299 883
300 432
300 483
300 599
300 659
300 678
300 681
300 696
300 722
300 760
300 762
300 780
300 800
300 834
300 867
301 368
301 472
301 483
301 599
302 411
302 430
302 478
302 586
302 779
302 821
302 930
302 936
302 956
302 977
303 345
303 649
303 747
303 956
304 328
304 412
304 425
304 529
304 540
304 652
304 902
304 933
304 937
304 999
305 413
305 459
305 505
305 630
305 690
305 935
305 953
305 971
305 979
305 993
306 331
306 335
306 338
306 476
306 503
306 519
306 566
306 641
306 954
306 969
307 526
307 619
307 829
307 939
308 313
308 544
308 595
308 632
308 899
308 919
309 392
309 571
309 597
309 616
309 675
309 814
309 841
309 858
310 503
310 553
310 647
310 706
310 772
310 985
311 411
311 450
311 549
311 618
311 850
311 983
312 368
312 430
312 477
312 496
312 544
312 571
312 583
312 681
312 979
313 355
313 385
313 419
313 471
313 625
313 781
313 800
313 865
313 957
313 983
314 400
314 497
314 611
314 645
314 689
314 803
314 865
314 901
314 967
314 982
315 396
315 616
315 640
315 991
316 330
316 462
316 498
316 586
316 873
316 928
317 321
317 376
317 392
317 408
317 473
317 526
317 653
317 907
317 955
318 456
318 460
318 490
318 734
318 743
318 805
318 974
319 443
319 445
319 459
319 595
319 639
319 665
319 802
320 335
320 416
320 541
320 567
320 644
320 658
320 732
320 820
320 900
320 910
321 413
321 432
321 462
321 599
321 742
321 761
321 950
322 390
322 448
322 681
322 723
322 799
322 836
322 943
323 378
323 443
323 528
323 698
323 704
323 723
323 749
323 821
323 972
324 348
324 386
324 444
324 616
324 727
324 800
324 918
324 990
325 412
325 413
325 432
325 505
325 535
325 642
325 904
325 914
326 404
326 425
326 467
326 759
326 777
326 789
326 844
327 341
327 352
327 412
327 582
327 715
327 785
327 853
327 891
327 896
328 397
328 477
328 601
328 652
328 766
328 789
328 852
329 397
329 671
329 705
329 737
329 822
329 969
330 607
330 698
330 722
330 890
330 909
331 368
331 712
331 787
331 802
331 847
331 848
332 432
332 521
332 551
332 556
332 620
332 709
333 417
333 492
333 539
333 677
333 700
334 417
334 556
334 644
334 771
334 830
334 991
335 352
335 425
335 433
335 487
335 503
335 622
335 736
335 811
335 817
335 871
335 895
335 929
335 942
335 996
335 998
336 353
336 466
336 498
336 553
336 555
336 661
336 810
336 841
336 872
336 951
336 993
337 445
337 642
337 670
337 731
337 851
337 864
337 906
338 407
338 729
338 857
338 875
338 883
338 892
339 439
339 662
339 704
339 744
339 753
339 798
339 884
339 933
340 398
340 769
341 732
341 843
342 395
342 406
342 705
342 867
343 408
343 498
343 531
343 594
343 646
343 664
343 730
343 786
343 805
343 882
343 956
344 373
344 475
344 591
344 687
344 719
344 724
344 731
344 751
344 813
344 890
345 419
345 458
345 675
345 764
345 961
345 989
346 407
346 556
346 576
346 684
346 726
346 756
346 796
347 398
347 642
347 651
347 725
347 743
347 806
347 883
347 948
348 584
348 631
349 369
349 470
349 475
349 510
349 613
349 710
350 580
350 739
350 869
351 370
351 487
351 600
351 684
351 886
351 930
352 364
352 389
352 391
352 593
352 828
353 435
353 555
353 600
353 690
353 694
353 731
353 743
353 874
353 954
354 489
354 518
354 613
354 737
354 802
355 566
355 688
355 757
355 918
355 975
356 442
356 493
356 579
356 611
356 721
356 919
357 585
357 599
357 780
357 991
358 407
358 451
358 580
358 752
358 818
358 838
358 847
358 905
359 382
359 387
359 477
359 491
359 836
359 904
359 910
359 958
359 993
360 522
360 608
360 646
360 767
361 445
361 847
361 970
361 981
362 735
362 784
362 943
362 951
363 510
363 860
363 925
364 527
364 905
364 970
364 995
365 421
365 433
365 530
365 551
365 677
365 720
365 942
366 506
366 557
366 659
366 674
366 688
366 725
366 830
366 856
366 895
366 951
366 953
366 984
367 653
367 762
367 825
367 833
367 927
367 982
368 394
368 532
368 557
368 645
369 435
369 455
369 469
369 519
369 520
369 534
369 539
369 558
369 571
369 670
369 692
369 761
369 771
369 833
369 855
370 592
370 685
370 940
370 981
371 430
371 440
371 580
371 851
371 897
371 932
372 444
372 485
372 513
372 584
372 637
372 685
372 806
373 769
373 836
373 934
374 480
374 629
374 670
374 713
374 740
374 979
375 406
375 416
375 606
375 614
375 667
375 692
375 980
375 993
375 994
376 409
376 486
376 666
376 943
377 413
377 551
377 589
377 621
377 741
377 825
377 967
378 487
378 548
378 630
378 792
378 810
379 476
379 497
379 552
379 603
379 662
379 742
379 785
379 890
379 938
379 948
379 956
380 410
380 590
380 608
380 641
380 830
380 977
381 449
381 473
381 665
381 964
381 974
381 980
382 482
382 772
382 953
383 394
383 465
383 544
383 560
383 592
383 857
384 531
384 543
384 639
384 664
384 714
384 803
384 832
384 839
384 840
385 444
385 565
385 571
385 576
385 717
385 807
385 837
385 870
385 941
386 462
386 476
386 612
386 619
386 709
386 838
387 446
387 518
387 525
387 535
387 872
387 923
388 559
388 744
388 896
388 905
388 930
388 967
389 516
389 616
389 742
389 894
389 909
389 958
390 456
390 542
390 561
390 618
390 762
390 773
390 947
391 821
392 480
392 530
392 909
392 916
392 957
393 490
393 560
393 600
393 727
393 737
394 434
394 504
394 743
394 770
394 841
394 855
394 858
394 905
394 927
395 662
395 738
395 790
395 950
395 980
395 984
396 480
396 508
396 522
396 557
396 775
396 778
397 420
397 573
397 765
397 766
397 820
397 945
398 407
398 522
398 894
398 998
399 401
399 425
399 428
399 486
399 626
399 680
399 699
399 700
399 748
400 587
400 862
400 918
401 518
401 636
401 731
401 779
401 944
402 733
402 791
402 833
403 426
403 438
403 481
403 653
403 656
403 730
403 896
403 975
404 507
404 541
404 580
404 724
404 826
405 453
405 517
405 524
405 671
405 699
405 801
405 811
406 421
406 424
406 429
406 555
406 569
406 572
406 625
406 636
406 725
406 759
407 545
407 647
407 749
407 920
408 476
408 536
408 696
408 792
408 794
408 840
408 908
409 459
409 537
409 598
409 610
409 706
409 731
409 955
409 983
410 456
410 470
410 493
410 615
410 670
410 676
410 819
410 838
410 976
411 413
411 684
411 922
412 464
412 510
412 589
412 630
412 801
413 733
413 883
413 919
413 927
414 609
414 685
414 836
414 845
414 854
415 420
415 526
415 551
415 574
415 698
416 484
416 878
416 981
416 998
417 485
417 560
417 621
417 805
417 834
418 503
418 636
418 644
418 712
418 716
418 837
418 865
418 888
418 904
419 495
419 587
419 653
419 751
419 882
419 913
420 439
420 504
420 512
420 664
420 671
420 768
420 962
421 425
421 444
421 493
421 505
421 777
421 835
421 886
421 905
421 911
421 937
421 952
421 962
421 994
422 551
422 556
422 709
422 738
422 773
422 802
422 818
422 839
422 871
423 670
423 758
423 770
423 830
423 858
423 865
423 880
424 545
425 463
425 644
425 733
425 748
425 955
426 457
426 478
426 522
426 603
426 642
426 681
426 683
426 705
426 711
426 800
426 854
426 991
427 598
427 611
427 620
427 685
427 788
427 839
427 897
427 931
427 958
427 970
428 447
428 473
428 513
428 722
428 795
429 485
429 583
429 805
429 852
429 948
430 543
430 571
430 607
430 623
430 661
430 701
430 764
430 815
430 835
431 568
431 703
431 846
432 491
432 518
432 708
432 780
432 820
432 867
432 917
433 497
433 663
433 681
433 836
434 494
434 612
434 684
434 834
434 870
434 977
435 719
435 744
435 833
435 848
436 470
436 476
436 498
436 701
436 704
436 780
436 870
437 532
437 709
437 721
437 728
437 872
438 468
438 491
438 689
438 842
438 867
438 946
439 449
439 464
439 476
439 483
439 525
439 675
439 718
439 834
439 901
439 995
440 472
440 502
440 601
440 669
441 821
441 831
441 852
442 504
442 553
442 579
442 706
442 829
442 842
442 866
443 479
443 686
443 694
443 744
443 955
443 961
444 537
444 579
444 633
444 682
444 711
444 760
444 924
445 462
445 520
445 541
445 559
445 895
445 957
445 963
446 451
446 493
446 548
446 556
446 649
446 741
446 816
446 914
447 537
447 651
447 728
447 990
448 483
448 497
448 589
448 620
448 635
448 737
448 769
448 889
448 914
448 953
449 509
449 549
449 581
449 613
449 816
450 583
450 596
450 610
450 687
450 860
450 865
451 467
451 480
451 559
451 853
451 942
452 612
452 637
452 646
452 683
452 696
452 719
452 833
452 839
452 866
452 942
453 559
453 603
453 626
453 751
453 836
453 952
453 954
454 653
454 734
454 766
454 812
454 965
455 481
455 588
455 590
455 818
455 936
456 724
456 761
457 626
457 642
457 667
457 684
457 742
458 718
458 998
459 568
459 654
459 724
459 725
459 745
459 762
459 858
460 471
460 496
460 719
460 871
460 892
460 896
460 947
461 465
461 487
461 555
461 799
461 874
461 921
462 471
462 711
462 727
462 784
463 533
463 687
463 739
463 845
463 890
463 987
464 556
464 580
464 581
464 677
464 819
464 837
464 967
465 676
465 734
465 745
465 781
465 845
465 909
466 480
466 565
466 584
466 800
466 948
467 496
467 626
467 702
467 863
467 985
467 990
468 473
468 542
468 670
468 788
468 929
469 617
469 854
469 937
470 494
470 495
470 617
470 714
470 722
470 860
470 902
471 503
471 662
471 758
471 980
472 670
472 705
472 722
472 724
472 737
472 754
473 846
473 874
473 881
473 883
474 516
474 691
474 708
474 731
474 807
474 824
475 524
475 553
475 843
475 849
475 860
475 897
475 922
476 508
476 687
476 732
476 778
476 874
476 911
476 935
477 512
477 544
477 587
477 737
477 837
478 482
478 670
478 835
478 907
478 919
479 671
479 723
479 748
479 827
480 621
480 708
480 746
480 827
480 880
480 927
480 931
480 944
481 936
481 943
481 998
482 518
482 697
482 837
483 576
483 711
483 736
483 775
483 907
484 848
484 856
484 875
484 911
484 940
485 609
485 651
485 746
485 760
486 597
486 625
486 654
486 968
487 649
487 729
487 804
487 806
487 852
487 959
487 971
488 585
488 707
488 747
488 940
489 516
489 584
489 714
489 748
489 755
489 901
490 572
490 586
490 772
490 804
490 903
490 920
490 921
490 958
491 499
491 531
491 755
491 793
491 821
491 911
491 946
492 604
492 608
492 614
492 822
492 920
493 597
493 800
493 909
494 708
494 710
494 741
494 878
494 893
494 923
494 983
495 541
495 985
496 529
496 561
496 592
497 578
497 712
497 726
497 742
498 570
498 675
498 759
498 904
498 933
499 663
499 664
499 721
499 768
499 798
500 598
500 705
501 660
501 708
501 741
501 910
501 914
501 971
502 617
502 687
502 861
502 888
503 639
503 843
503 860
503 944
504 678
504 770
504 809
504 882
505 539
505 555
505 594
505 648
505 826
506 600
506 677
506 882
507 558
507 571
507 635
507 685
507 746
507 766
507 841
508 601
508 641
508 745
508 781
508 841
508 843
509 545
509 633
509 648
509 680
509 701
510 565
510 711
510 726
510 880
511 537
511 773
511 791
511 803
511 839
511 910
511 991
511 999
512 575
512 627
512 646
512 728
512 738
512 805
512 912
513 740
513 858
513 896
513 906
514 523
514 555
514 783
514 847
514 901
515 566
515 632
515 650
515 720
515 737
515 832
516 560
516 575
516 702
516 766
516 884
517 542
517 595
517 639
517 649
517 652
517 668
517 673
517 754
517 855
517 873
518 545
518 705
518 803
518 953
518 984
518 994
519 526
519 713
519 780
519 879
519 897
519 913
519 919
519 985
520 678
520 909
520 953
521 807
522 590
522 684
522 697
522 732
522 950
522 961
523 621
523 749
523 767
523 818
523 977
524 637
524 668
524 777
525 747
525 756
525 759
525 923
526 537
526 677
526 833
526 902
528 535
528 684
528 835
528 855
528 967
529 655
529 656
529 672
529 733
529 739
529 797
529 799
529 849
530 536
530 609
530 623
530 653
530 687
530 942
531 579
531 782
531 829
531 842
531 948
531 966
532 838
532 949
533 549
533 633
533 666
533 801
533 851
533 857
533 897
533 939
533 941
534 674
534 903
535 583
535 655
535 702
535 826
535 881
535 995
536 585
536 662
537 562
537 590
537 593
537 641
537 647
537 722
538 615
538 842
539 543
539 582
539 592
539 723
540 543
540 556
540 767
540 876
540 972
541 583
541 625
541 675
541 757
541 862
541 996
542 653
542 694
542 713
542 762
542 982
543 564
543 663
543 732
543 847
543 885
543 997
544 553
544 584
544 599
544 653
544 713
544 816
544 840
544 915
544 925
544 951
544 954
544 994
544 997
545 597
545 660
545 991
546 634
546 644
546 706
546 724
546 770
546 797
546 924
546 986
547 817
547 973
548 573
548 743
548 845
548 966
549 708
549 768
549 778
549 967
549 997
551 692
552 610
552 743
552 842
552 889
553 777
553 830
553 832
554 666
554 694
554 758
554 779
554 805
554 890
555 638
555 755
555 797
555 812
555 819
555 906
556 606
556 988
556 992
557 594
557 649
557 681
557 764
557 895
557 962
558 931
558 955
559 702
559 759
559 814
560 571
560 642
560 667
560 767
560 794
560 802
560 831
560 949
561 676
561 715
561 767
562 662
562 667
562 795
562 803
562 938
563 587
563 884
563 907
564 851
565 617
565 747
565 879
566 594
566 633
566 730
566 908
566 919
566 944
567 599
567 651
567 813
568 726
568 764
568 816
569 641
569 650
569 825
569 838
570 588
570 815
570 886
570 920
570 989
571 578
571 658
571 829
571 831
571 836
571 892
571 894
571 996
572 617
572 627
572 643
572 900
573 574
573 603
573 681
573 901
573 972
574 615
574 652
574 674
574 677
574 708
574 721
574 882
574 885
575 610
575 637
575 683
575 719
575 732
575 872
575 892
575 893
575 920
575 970
576 711
576 794
576 908
577 691
577 736
577 738
578 688
578 897
578 948
578 997
579 780
579 970
580 627
580 642
580 787
580 951
581 660
581 821
581 934
581 980
582 642
582 948
582 993
583 895
583 912
584 667
584 800
584 810
584 950
585 590
585 751
585 821
586 658
586 665
586 816
586 936
587 591
587 676
587 685
587 688
587 813
587 863
588 830
588 923
588 935
589 644
589 859
589 942
589 986
590 613
590 718
590 759
590 760
590 781
590 889
590 941
591 641
591 672
591 740
591 752
591 779
591 836
591 923
591 943
592 806
592 866
592 998
593 689
593 730
593 745
593 833
593 903
593 938
594 739
594 942
594 993
595 701
595 821
595 854
595 885
595 889
596 645
596 730
596 983
597 697
597 800
597 808
597 973
598 658
598 718
598 820
599 619
599 623
599 724
599 891
599 958
599 960
599 977
600 671
600 676
600 789
600 857
600 982
601 669
601 910
601 912
601 922
602 623
602 744
602 760
602 846
602 857
604 686
604 735
604 760
604 785
604 931
605 658
605 669
605 808
605 967
606 751
606 830
606 902
606 908
607 856
608 697
608 751
608 819
608 850
608 861
608 864
608 866
608 908
608 933
608 952
609 675
609 719
609 738
609 993
610 744
610 746
610 788
610 791
610 900
610 962
610 963
611 705
611 707
611 759
611 769
611 788
611 789
612 634
612 914
612 933
613 641
613 838
614 632
614 655
614 676
614 682
614 806
614 900
615 639
615 730
615 815
615 954
615 983
616 639
616 649
616 805
616 841
616 904
617 660
617 824
617 925
618 648
618 658
618 707
619 716
619 948
620 753
620 774
620 777
620 814
620 894
620 928
620 983
621 678
621 904
621 925
622 665
622 720
622 943
622 955
623 684
623 703
623 715
623 955
624 840
624 903
624 944
625 656
625 668
625 676
625 777
625 835
625 908
627 766
627 815
627 904
627 969
628 665
628 676
628 721
629 647
629 710
629 830
630 787
630 875
630 913
631 639
631 727
631 774
631 782
631 808
631 865
631 920
632 743
632 844
632 963
632 970
632 981
633 713
633 714
634 831
634 876
636 640
636 660
636 674
636 839
636 968
636 974
637 745
637 766
637 920
637 924
637 952
637 966
638 716
638 732
638 765
638 831
639 803
639 916
639 950
640 765
641 758
641 895
641 931
642 723
642 757
642 824
642 838
643 738
643 748
643 770
643 809
643 986
644 865
644 916
644 950
645 839
645 841
645 946
645 954
646 806
647 783
648 732
648 934
649 872
649 964
649 973
650 779
650 860
650 871
650 957
651 707
651 824
651 835
651 892
651 910
651 979
651 981
652 711
652 786
652 789
652 888
653 671
653 777
653 965
654 726
654 738
654 811
654 832
654 906
655 857
655 888
655 914
656 694
656 704
656 857
656 957
657 678
657 779
657 955
658 702
658 752
658 995
659 706
659 736
659 899
660 748
660 763
660 852
660 923
660 926
660 929
660 942
661 840
661 984
662 701
662 804
662 834
662 863
662 886
663 691
663 781
663 898
664 737
664 761
664 945
664 953
664 994
665 678
665 748
665 873
665 956
666 739
666 764
667 671
667 808
667 977
668 721
668 835
668 854
669 747
669 769
669 806
670 695
670 765
670 811
670 835
670 841
671 933
672 793
672 972
674 736
674 769
674 899
674 939
674 987
674 992
675 908
676 688
676 716
676 823
676 851
676 903
676 910
677 705
677 724
677 746
677 844
677 847
678 777
678 807
678 898
678 978
679 814
679 868
679 928
679 946
679 947
679 992
680 737
680 755
680 884
680 979
681 748
681 786
681 789
681 846
681 971
682 693
682 731
682 898
683 838
683 873
683 897
683 917
684 788
684 810
684 942
685 714
685 812
685 818
685 878
685 917
685 953
686 765
686 993
687 701
687 711
688 872
689 796
689 861
690 719
690 778
691 752
691 846
692 781
692 784
692 955
693 825
693 951
693 982
694 743
694 861
694 867
694 905
694 924
695 705
695 746
695 826
696 718
696 760
696 786
696 819
696 836
696 861
696 975
697 951
697 955
698 949
699 891
699 907
699 914
700 797
700 918
701 769
701 809
701 901
701 915
702 727
702 813
702 924
702 927
704 751
704 857
704 924
704 960
704 990
706 826
707 718
707 861
707 972
709 839
709 938
709 943
710 725
710 749
710 785
710 796
710 907
711 716
711 729
711 768
711 785
711 865
711 881
711 896
712 966
712 967
713 786
713 894
713 972
714 942
715 740
715 990
716 875
717 748
717 758
717 765
717 766
717 820
717 824
717 918
718 839
718 857
718 969
719 723
719 861
719 946
720 983
722 733
722 777
722 811
723 760
723 842
724 753
724 857
724 928
725 761
725 849
726 778
726 781
726 880
727 767
727 882
727 912
728 801
728 821
728 862
729 731
730 750
731 788
732 799
732 847
732 967
733 777
733 848
733 891
734 741
734 812
734 833
735 737
735 841
735 993
736 808
736 895
737 944
738 765
738 803
739 744
739 885
739 894
739 956
740 750
740 795
741 755
741 781
741 842
741 905
742 921
742 934
742 936
742 972
742 976
743 746
743 830
743 844
744 795
744 800
744 801
744 826
744 830
744 866
745 797
745 954
746 900
746 972
746 998
747 754
747 818
747 916
747 934
748 767
748 941
749 899
750 752
750 877
750 899
751 842
751 948
752 769
752 788
752 831
752 942
752 954
753 933
753 935
754 841
754 889
754 900
754 996
755 789
755 866
755 912
755 938
756 769
756 886
756 899
756 958
757 764
757 812
757 859
757 912
757 924
758 856
758 857
759 883
759 886
760 909
760 956
761 812
761 913
762 863
764 774
764 880
764 907
766 773
766 946
766 973
766 991
767 815
768 770
768 792
768 984
769 786
769 789
769 847
769 873
770 794
770 802
770 854
770 963
771 810
772 845
772 883
773 796
773 870
773 903
774 825
774 859
774 951
774 984
775 853
775 870
775 871
775 887
776 973
777 785
777 907
778 837
778 969
778 997
779 852
779 996
780 884
780 930
781 900
781 917
782 814
782 996
783 869
783 905
783 935
784 846
784 876
785 937
786 944
787 892
787 961
788 842
788 856
788 921
789 921
789 986
790 905
791 964
792 848
792 935
792 954
792 965
793 838
793 875
793 904
793 986
794 860
794 915
796 998
797 948
797 956
798 978
800 990
801 804
802 976
803 862
803 918
803 968
804 932
804 973
805 818
805 880
806 824
807 923
807 956
808 890
808 905
809 883
809 904
811 857
811 881
812 834
812 914
812 960
813 908
816 897
817 897
818 901
818 970
819 942
820 860
820 885
820 921
820 992
821 908
821 985
823 926
824 902
824 939
824 972
825 892
826 889
826 921
827 853
827 971
827 975
828 883
829 860
830 873
832 861
832 947
832 952
833 863
834 930
834 931
835 922
835 967
836 998
837 905
837 992
838 916
838 955
838 970
839 974
840 886
840 961
841 868
841 901
841 951
842 843
842 949
843 848
843 886
843 918
843 959
845 963
846 958
847 931
847 998
848 871
849 940
849 954
850 910
850 961
852 865
852 866
852 904
853 967
854 873
854 923
854 938
854 978
855 993
856 936
856 969
857 873
857 973
859 865
859 883
860 994
861 911
861 969
862 866
862 950
863 983
864 976
865 870
865 890
867 887
868 919
868 934
868 949
869 969
869 998
870 951
871 932
872 973
873 882
873 951
874 910
874 948
874 967
875 984
876 955
877 933
878 919
879 913
880 913
880 979
881 928
881 961
885 911
885 936
885 949
886 952
886 958
887 998
888 889
888 962
890 927
892 982
893 895
893 933
895 903
895 909
897 919
897 935
897 959
900 982
902 985
904 988
904 999
905 974
908 952
908 988
909 920
909 987
912 997
913 975
914 968
914 989
916 923
916 991
919 923
919 976
920 980
921 980
922 993
923 924
927 953
927 963
927 987
928 985
928 987
929 938
932 995
933 973
934 975
934 991
938 961
938 983
943 986
943 997
944 967
945 954
945 988
946 958
946 981
947 954
950 986
953 982
956 965
957 960
957 975
958 999
959 961
962 969
962 975
962 987
963 975
964 978
968 975
968 981
970 981
975 984
978 981
984 995
986 991
990 995