1000
505
0 627
0 735
1 314
2 762
2 966
5 326
5 684
7 996
8 72
10 829
11 465
12 161
12 969
13 65
17 925
19 25
20 527
21 353
21 551
22 883
22 995
23 391
23 890
24 333
28 618
32 784
33 399
34 155
35 156
38 365
39 401
40 807
40 885
41 458
42 76
42 268
45 53
45 435
45 981
48 488
48 584
52 594
52 884
53 138
56 429
59 255
61 333
61 730
62 505
62 509
63 477
63 811
64 456
64 801
65 261
66 163
66 184
66 528
67 464
67 578
67 766
67 801
69 470
69 586
71 426
71 742
72 881
73 167
73 341
73 788
74 818
75 860
76 942
77 857
78 592
80 132
80 179
80 442
83 215
84 431
84 953
85 511
85 607
87 145
88 111
90 172
90 711
91 232
91 981
94 418
96 544
96 716
96 958
97 213
97 993
98 607
100 924
101 914
102 441
102 791
104 728
107 552
107 611
109 458
111 961
113 267
114 149
115 354
115 440
116 133
117 281
119 148
120 154
121 154
121 181
122 497
123 976
124 295
125 676
125 865
125 936
126 494
126 862
127 689
131 508
134 439
136 381
138 192
138 984
139 264
140 270
140 677
141 487
141 711
143 983
144 347
145 775
145 985
146 201
148 879
149 594
150 967
151 381
151 647
151 832
155 749
155 995
157 300
160 233
160 462
162 212
162 370
163 265
163 343
163 618
164 789
165 424
166 326
166 345
168 205
170 569
171 805
172 763
173 229
175 289
176 185
177 478
180 697
182 958
183 384
184 755
184 883
187 249
187 731
189 808
191 955
192 640
193 434
194 415
194 742
196 249
197 328
197 995
199 769
201 208
201 976
202 455
205 696
206 553
208 284
208 526
208 802
210 963
211 300
211 542
212 967
214 474
214 557
216 688
217 918
223 428
223 707
225 658
227 459
228 503
228 510
228 655
231 605
231 644
231 761
231 860
233 654
233 747
233 808
234 722
238 414
240 246
242 381
244 620
247 701
249 856
249 988
252 914
253 378
253 774
253 785
253 801
254 842
255 760
258 422
258 864
262 910
263 491
263 644
265 352
268 306
268 468
269 572
269 830
270 687
271 323
272 565
275 717
278 896
281 504
282 328
282 472
283 678
285 536
287 600
287 736
287 881
290 428
291 895
292 696
292 870
293 958
297 420
297 522
300 340
301 357
303 740
304 855
304 950
306 678
308 812
316 929
317 579
325 882
325 918
327 711
329 792
330 435
330 503
332 382
333 699
335 381
337 738
338 359
338 540
339 549
340 793
341 961
343 544
344 382
347 395
348 412
349 388
351 419
352 597
352 736
353 747
354 665
354 941
355 627
356 469
363 493
363 583
364 442
367 949
368 479
368 635
370 500
370 850
372 509
373 755
373 947
374 719
376 581
376 703
380 582
382 558
383 544
385 530
387 741
388 758
388 868
394 603
395 973
396 525
396 708
397 658
399 654
399 796
401 829
405 493
407 744
407 809
411 908
413 448
413 484
413 906
414 789
418 946
426 593
426 725
427 600
428 923
431 903
432 655
433 529
435 613
436 574
437 618
438 863
439 505
440 442
440 447
441 910
443 875
446 980
447 469
447 636
447 957
448 854
448 889
450 464
450 599
450 728
457 635
458 944
461 958
463 541
468 652
468 957
471 520
472 536
476 666
479 494
482 855
483 792
486 504
489 549
490 896
492 510
497 525
497 744
499 885
499 961
500 766
500 827
501 716
502 787
503 650
503 762
503 932
506 714
507 548
507 579
515 677
520 698
520 823
524 875
527 800
532 571
534 709
535 724
541 850
543 758
543 933
553 788
554 693
555 764
556 828
561 583
562 671
563 585
564 620
564 798
565 777
565 780
566 872
572 927
577 986
581 697
584 653
584 812
586 672
589 630
600 970
601 853
602 849
606 858
608 901
612 977
624 940
626 799
627 952
628 695
628 930
631 694
635 865
637 767
643 745
643 848
643 957
646 925
650 780
651 850
654 750
655 870
663 676
663 857
664 956
667 800
667 893
670 876
672 674
672 768
672 916
674 940
676 792
682 948
684 985
691 749
691 903
699 788
700 955
701 952
706 814
711 890
721 971
727 839
735 772
754 925
757 858
763 898
766 984
770 909
772 917
775 812
776 812
781 916
783 903
784 972
785 958
788 950
802 848
803 861
806 985
808 821
808 940
822 888
832 880
833 951
836 984
838 985
839 885
845 950
855 892
861 970
862 903
862 950
866 979
869 907
874 922
904 917
906 943
908 971
914 974
916 944
950 984
969 998
973 989
986 988