100
514
0 5
0 6
0 18
0 23
0 29
0 40
0 43
0 63
0 73
0 77
0 88
0 90
1 14
1 24
1 25
1 39
1 44
1 63
1 85
1 90
1 97
1 99
2 6
2 17
2 37
2 39
2 42
2 48
2 51
2 61
2 66
2 73
2 77
2 99
3 9
3 37
3 43
3 66
3 68
3 72
3 73
3 83
4 29
4 38
4 64
4 69
4 93
5 34
5 77
5 79
5 80
5 87
5 88
5 90
6 7
6 19
6 20
6 25
6 27
6 33
6 49
6 54
6 68
6 71
6 74
6 76
6 80
6 90
6 96
7 8
7 20
7 29
7 40
7 42
7 64
7 66
7 69
7 94
8 10
8 22
8 29
8 31
8 37
8 49
8 59
8 63
8 75
8 92
8 97
9 11
9 13
9 14
9 56
9 66
9 67
9 87
9 91
9 94
10 32
10 40
10 49
10 53
10 58
10 59
10 68
10 70
10 75
10 76
10 78
10 81
10 95
11 14
11 16
11 27
11 38
11 59
11 60
11 65
11 70
11 91
11 96
11 97
12 15
12 29
12 49
12 55
12 58
12 84
12 90
12 92
12 98
13 17
13 30
13 35
13 47
13 59
13 73
13 81
13 82
13 84
14 22
14 23
14 29
14 42
14 45
14 48
14 55
14 76
14 91
15 16
15 18
15 19
15 23
15 57
15 65
15 70
15 83
15 86
15 91
15 95
16 24
16 29
16 42
16 43
16 45
16 52
16 58
16 84
16 90
16 93
17 20
17 31
17 43
17 50
17 60
17 63
17 67
17 76
17 79
18 26
18 27
18 39
18 62
18 67
18 72
18 84
18 85
18 91
19 34
19 44
19 58
19 74
19 85
19 91
20 24
20 51
20 52
20 53
20 58
20 84
20 98
21 22
21 29
21 30
21 33
21 38
21 45
21 47
21 49
21 59
21 62
21 69
21 72
21 74
21 81
21 91
22 32
22 54
22 71
22 75
22 80
22 97
23 29
23 35
23 37
23 60
23 63
23 88
23 93
23 95
24 31
24 39
24 64
24 85
24 99
25 41
25 61
25 70
25 72
25 73
25 88
25 90
25 96
26 30
26 38
26 46
26 48
26 61
26 73
26 75
26 76
27 43
27 45
27 48
27 64
27 70
27 84
27 92
27 97
28 35
28 40
28 82
28 88
28 90
29 42
29 43
29 54
29 56
29 74
29 75
29 83
29 95
30 32
30 43
30 63
30 73
30 77
30 80
30 89
30 90
30 93
31 44
31 66
31 75
31 82
31 86
31 89
33 39
33 47
33 52
33 57
33 59
33 90
34 63
34 65
34 92
34 94
34 97
35 42
35 44
35 45
35 55
35 68
35 74
35 83
35 96
36 46
36 49
36 56
36 62
36 83
36 86
36 88
36 92
37 54
37 58
37 61
37 63
37 65
37 86
37 97
38 45
38 47
38 73
38 75
39 49
39 53
39 54
39 60
39 67
39 70
39 79
39 88
40 46
40 72
40 86
40 88
40 96
41 42
41 73
41 77
42 44
42 53
42 63
42 65
42 68
42 86
42 94
43 67
43 75
43 78
43 89
43 91
44 46
44 56
44 60
44 82
44 83
44 95
45 50
45 53
45 68
45 75
45 87
46 49
46 50
46 55
46 56
47 52
47 63
47 78
47 79
47 85
47 86
47 94
48 56
48 73
48 76
48 85
48 89
48 92
49 58
49 69
50 59
50 73
50 76
50 87
50 97
50 98
51 58
51 68
52 59
52 71
52 84
52 86
52 88
52 90
52 96
52 99
53 57
53 85
53 90
53 96
53 99
54 64
54 75
55 72
55 73
55 88
55 90
55 99
56 57
56 72
56 73
56 74
56 77
56 86
56 89
56 95
57 58
57 71
57 73
57 81
57 82
58 60
58 62
58 70
58 75
58 89
59 83
59 92
60 69
60 76
60 83
61 63
61 71
61 76
61 80
61 83
62 78
62 88
62 93
63 64
63 65
63 71
63 95
64 69
65 76
65 78
66 75
66 77
66 85
66 87
67 81
67 82
67 88
68 72
68 74
68 82
68 84
68 88
68 91
68 92
69 76
70 79
70 90
70 96
71 75
71 78
71 90
71 98
71 99
72 73
72 96
72 98
73 86
73 97
74 82
74 85
74 97
75 77
75 78
75 83
76 82
76 83
76 94
76 99
77 81
77 84
77 91
78 97
79 81
79 82
79 85
79 98
80 82
80 88
80 97
81 84
81 86
82 84
82 86
83 84
84 94
84 99
85 91
85 94
88 93
88 94
88 99
90 93
90 99
91 92
93 99