1000
499
3 950
4 182
4 658
6 74
7 245
7 746
8 113
8 126
8 568
8 687
10 506
10 702
10 994
12 797
14 369
14 496
14 817
17 810
17 863
20 111
21 169
22 669
23 554
23 837
27 810
28 751
29 370
29 997
31 130
31 909
32 371
33 333
33 434
33 764
35 145
37 369
37 423
37 784
40 454
40 620
40 771
41 298
42 130
43 780
45 896
48 129
48 689
49 139
49 495
51 425
54 177
54 711
57 516
57 554
63 279
63 540
63 866
64 595
65 849
65 967
68 170
69 578
70 113
73 371
75 827
79 529
80 403
81 122
82 113
82 219
82 278
82 673
83 964
84 722
85 195
86 307
87 650
88 835
89 377
89 822
90 422
91 164
91 564
91 719
91 721
91 738
92 577
93 507
93 662
94 161
95 474
95 867
95 880
96 539
97 200
99 727
103 859
103 927
104 839
105 222
105 502
106 210
106 252
109 461
109 787
109 817
110 387
111 806
112 536
113 555
114 472
114 890
115 689
115 827
117 134
117 372
117 477
118 305
118 948
119 143
122 510
123 171
123 813
124 583
125 331
125 594
128 165
131 940
132 807
132 998
133 234
136 188
138 198
138 665
141 500
143 318
143 990
145 307
145 938
149 691
150 203
150 720
150 887
153 279
154 680
158 802
159 499
162 717
163 970
168 171
168 526
168 980
169 269
169 551
169 848
170 463
171 292
171 664
177 271
177 511
177 935
179 647
181 270
181 616
181 977
182 404
182 848
184 356
184 436
189 965
192 754
194 997
196 665
200 456
201 259
201 995
203 264
204 294
204 470
205 358
209 551
210 395
212 228
212 711
213 263
213 306
213 820
213 845
214 546
215 707
216 404
223 228
224 374
226 291
226 357
227 936
230 446
231 782
232 469
236 594
236 905
237 346
238 938
240 263
240 342
242 888
244 566
248 839
251 994
253 656
255 704
255 809
256 641
260 561
261 651
261 674
261 802
262 428
262 789
263 944
265 815
266 313
266 834
267 833
268 346
268 981
273 708
277 308
281 324
281 326
281 755
282 287
283 444
285 768
286 684
287 887
290 619
291 861
292 769
296 580
298 519
299 986
301 352
302 368
302 854
303 677
303 715
304 472
305 603
305 895
307 531
308 320
312 642
313 440
313 992
314 630
317 574
318 389
319 781
319 849
321 647
322 636
323 351
323 536
325 987
327 382
328 357
328 532
329 698
331 379
331 612
333 569
333 959
334 392
335 575
338 461
338 849
339 701
339 758
340 343
340 727
340 851
341 999
343 659
346 641
347 683
347 760
348 886
349 954
351 694
352 779
354 545
357 793
359 604
359 819
360 509
364 963
365 690
365 747
366 448
367 503
369 991
371 660
371 795
373 952
374 622
375 643
382 651
383 388
385 874
390 665
392 858
393 707
394 511
395 410
396 475
396 865
401 848
403 501
404 410
404 549
405 552
406 814
407 668
407 694
407 858
409 538
410 430
410 604
410 964
412 487
414 549
414 779
416 473
419 613
423 914
424 933
425 655
426 999
428 939
429 760
430 950
431 783
437 639
437 695
440 992
442 813
446 860
448 486
450 729
450 839
454 925
460 730
460 937
461 867
461 891
461 946
463 553
466 590
466 732
467 861
470 936
471 528
471 638
479 480
479 663
483 588
486 770
487 845
488 978
490 613
490 792
497 514
497 535
502 933
504 852
505 608
507 627
509 629
509 971
522 790
526 811
530 539
532 663
532 889
537 565
537 779
542 743
546 968
546 974
546 991
549 739
550 888
555 621
556 839
557 918
559 621
559 828
559 849
564 661
566 592
566 717
568 706
571 950
572 703
574 590
574 619
574 963
574 996
575 794
576 729
576 966
577 701
577 946
578 696
578 835
578 863
579 664
580 994
581 826
582 874
583 956
589 904
601 779
604 633
604 674
611 628
616 651
619 761
624 854
634 772
636 740
636 753
641 703
644 995
647 726
650 657
653 981
655 771
658 912
663 978
668 927
674 748
677 682
686 808
687 712
690 772
691 758
695 914
697 800
700 876
706 850
709 932
710 781
715 716
723 987
737 900
740 831
746 862
747 910
752 917
761 996
763 911
766 959
770 893
772 836
774 778
778 895
791 818
797 853
798 835
801 956
802 878
803 935
808 983
809 908
810 869
810 899
816 836
823 882
825 829
825 928
831 838
832 880
833 839
837 861
838 930
838 950
839 917
842 996
847 953
872 919
877 972
882 948
896 907
923 965
943 983
950 961
975 978