100
526
0 24
0 61
0 63
0 67
0 72
0 77
0 86
0 87
0 95
1 4
1 5
1 8
1 30
1 53
1 81
1 91
1 97
1 99
2 5
2 19
2 21
2 36
2 47
2 62
2 85
2 89
2 99
3 17
3 25
3 34
3 35
3 52
3 62
3 68
3 75
3 77
3 80
3 92
4 6
4 7
4 8
4 12
4 23
4 53
4 67
4 80
5 7
5 8
5 13
5 24
5 33
5 43
5 54
5 55
5 71
5 92
5 93
5 94
6 8
6 17
6 20
6 28
6 35
6 37
6 42
6 46
6 54
6 58
6 61
6 76
6 82
6 89
7 29
7 35
7 50
7 74
7 75
7 89
8 13
8 19
8 20
8 24
8 39
8 49
8 62
8 67
8 78
8 89
8 93
9 21
9 23
9 43
9 57
9 58
9 59
9 62
9 89
9 91
9 95
10 13
10 24
10 33
10 40
10 49
10 51
10 57
10 60
10 65
10 78
10 98
11 15
11 17
11 37
11 38
11 54
11 76
11 83
11 85
12 32
12 54
12 63
12 64
13 19
13 21
13 24
13 26
13 43
13 45
13 52
13 53
13 55
13 61
13 87
13 98
14 25
14 41
14 50
14 63
14 71
14 78
15 34
15 37
15 56
15 76
15 83
16 31
16 35
16 59
16 60
17 20
17 30
17 35
17 43
17 45
17 62
17 70
17 95
18 19
18 21
18 29
18 34
18 40
18 42
18 49
18 74
18 76
18 81
19 59
19 74
19 81
19 91
19 93
20 34
20 48
20 63
20 67
20 84
20 94
20 95
20 96
20 97
21 30
21 33
21 34
21 41
21 45
21 49
21 58
21 72
21 74
21 75
21 78
22 34
22 38
22 46
22 53
22 55
22 58
22 62
22 67
22 68
22 70
22 82
22 85
22 96
22 97
23 28
23 35
23 49
23 62
23 64
23 67
23 75
23 83
23 85
23 96
24 35
24 45
24 49
24 66
24 70
24 76
24 79
24 87
24 96
25 34
25 85
25 89
26 44
26 47
26 52
26 55
26 66
26 74
26 76
26 77
26 81
26 83
26 85
26 98
27 33
27 40
27 59
27 74
27 77
27 97
28 29
28 32
28 34
28 43
28 53
28 58
28 68
28 69
28 80
28 93
28 96
29 48
29 49
29 77
29 83
29 86
29 87
29 98
30 35
30 49
30 54
30 63
30 64
30 65
30 79
30 88
30 89
31 54
31 57
31 62
31 84
31 90
31 97
32 42
32 47
32 57
32 74
32 80
32 93
33 36
33 37
33 72
33 80
33 81
33 82
33 85
33 94
33 95
34 38
34 56
34 69
34 74
34 75
34 88
34 95
35 43
35 56
35 61
35 65
35 88
35 92
36 55
36 65
36 83
36 86
36 97
37 46
37 49
37 53
37 67
37 68
37 73
37 82
37 87
37 94
38 55
38 74
38 76
39 46
39 58
39 73
39 77
39 94
40 43
40 58
40 96
40 99
41 48
41 51
41 52
41 56
41 67
41 92
42 49
42 53
42 56
42 65
42 70
42 89
42 97
42 99
43 48
43 58
43 62
43 63
43 69
43 80
43 94
44 46
44 57
44 72
44 76
44 92
45 52
45 57
45 60
45 73
45 86
45 98
46 54
46 59
46 64
46 65
46 72
46 74
46 76
46 93
47 51
47 52
47 55
47 56
47 86
47 88
47 89
48 55
48 57
48 60
48 63
48 65
48 74
48 80
48 81
49 63
49 64
50 76
50 83
50 86
50 88
50 95
51 62
51 81
51 88
51 98
52 70
52 72
52 97
52 99
53 55
53 79
55 56
55 68
55 71
55 72
55 73
55 74
55 75
55 90
55 95
55 97
56 60
56 71
57 58
57 81
57 84
57 86
57 91
57 94
58 72
58 74
58 83
58 89
58 94
59 61
59 66
59 67
59 68
59 71
59 78
59 93
59 95
60 63
60 77
60 83
60 85
60 91
60 98
61 65
61 71
61 75
61 78
61 89
61 92
62 76
62 78
62 83
62 87
63 67
63 75
63 83
63 99
64 65
64 67
64 69
64 70
64 80
64 92
65 75
65 81
65 98
66 68
66 75
66 79
67 68
67 70
67 80
67 81
67 87
67 93
68 70
68 79
68 89
69 72
69 74
69 82
69 93
70 89
70 95
70 99
71 90
71 93
72 91
72 93
72 98
73 74
75 81
75 85
76 90
76 91
77 84
77 88
77 90
77 92
78 79
78 85
78 95
79 84
79 99
80 82
80 91
80 97
81 83
81 88
81 89
81 92
81 95
82 85
82 91
82 94
85 99
86 88
86 98
89 90
89 95
89 97
89 98
91 97
94 96
96 99
97 98
98 99