100
489
0 4
0 8
0 26
0 52
0 57
0 64
0 96
1 21
1 24
1 28
1 45
1 50
1 68
1 79
1 80
1 85
1 89
1 94
2 5
2 7
2 25
2 29
2 30
2 35
2 42
2 48
2 81
2 84
3 4
3 16
3 18
3 19
3 30
3 43
3 56
3 62
3 96
4 5
4 10
4 14
4 35
4 53
4 58
5 7
5 10
5 16
5 23
5 26
5 27
5 29
5 49
5 51
5 64
5 66
5 71
5 75
5 84
5 94
5 98
6 10
6 11
6 15
6 16
6 19
6 22
6 32
6 33
6 45
6 70
6 72
6 79
6 88
6 95
7 9
7 14
7 21
7 25
7 47
7 69
7 70
7 73
7 84
7 88
8 16
8 34
8 43
8 59
8 60
8 74
8 76
8 94
9 10
9 12
9 39
9 43
9 77
9 83
9 87
9 99
10 15
10 17
10 24
10 37
10 86
10 98
11 15
11 17
11 25
11 35
11 68
11 75
11 86
11 88
11 92
11 96
11 97
11 99
12 26
12 78
12 83
12 89
13 38
13 44
13 57
13 66
13 92
14 42
14 50
14 56
14 77
14 99
15 16
15 18
15 30
15 39
15 42
15 49
15 61
15 62
15 99
16 28
16 30
16 35
16 39
16 44
16 61
16 78
16 81
16 91
16 94
17 27
17 35
17 49
17 54
17 72
17 85
18 21
18 24
18 51
18 54
18 58
18 60
18 75
18 82
18 84
18 94
18 96
19 22
19 41
19 48
19 57
19 68
19 75
19 88
20 24
20 27
20 35
20 36
20 39
20 55
20 63
20 73
20 77
20 82
20 91
20 93
20 95
21 26
21 31
21 41
21 45
21 52
21 55
21 79
21 82
21 94
21 95
22 30
22 31
22 42
22 51
22 83
22 90
22 98
23 27
23 32
23 52
23 55
23 90
24 28
24 31
24 56
24 58
24 63
24 64
24 66
24 73
24 84
24 87
24 94
25 38
25 39
25 40
25 52
25 56
25 60
25 84
25 92
25 97
26 34
26 49
26 50
26 58
26 77
26 82
27 30
27 37
27 48
27 54
27 59
28 47
28 49
28 53
28 85
29 41
29 62
29 67
29 68
29 71
29 90
29 96
30 56
30 66
30 71
30 79
31 65
31 88
31 94
32 43
32 63
32 79
32 97
33 60
33 61
33 89
34 35
34 40
34 41
34 47
34 48
34 50
34 57
34 60
34 69
34 73
34 84
34 85
34 92
34 94
35 45
35 54
35 67
36 39
36 45
36 59
36 60
36 62
36 67
36 84
36 85
36 94
37 39
37 41
37 45
37 57
37 86
37 93
37 95
38 53
38 70
38 72
38 78
38 82
38 86
39 45
39 66
39 79
39 80
39 83
39 96
39 98
40 41
40 59
40 76
40 79
40 82
40 99
41 54
41 62
41 76
41 89
42 54
42 80
42 89
42 95
42 98
43 45
43 48
43 52
43 65
43 71
43 77
43 82
43 85
43 97
44 81
44 85
44 98
45 50
45 60
45 95
46 63
46 66
46 82
46 91
46 96
46 97
47 58
47 65
47 87
47 88
47 99
48 58
48 88
48 90
49 54
49 62
49 67
49 98
50 53
50 57
50 69
50 74
50 76
50 84
50 96
51 55
51 64
51 68
51 91
51 92
52 64
52 65
52 66
52 82
52 89
52 90
52 98
52 99
53 56
53 74
53 75
53 80
54 77
54 83
54 92
55 68
55 75
55 76
55 96
56 62
56 67
56 86
57 84
57 99
58 66
58 70
58 92
59 60
59 73
59 75
59 84
60 63
60 67
60 69
60 70
60 73
60 91
60 96
62 63
63 75
63 83
63 98
64 68
64 88
64 89
64 92
64 95
65 76
65 77
65 94
65 95
66 73
66 81
66 82
66 89
66 99
67 90
67 94
68 72
68 86
68 90
68 93
68 96
68 97
69 76
70 74
70 90
70 92
70 98
71 72
71 74
71 84
71 87
71 89
71 95
72 78
72 79
72 86
73 91
74 81
74 83
74 85
74 94
74 95
75 96
76 81
76 96
77 79
77 93
78 79
78 81
78 95
79 90
79 96
80 89
80 97
82 86
83 84
83 87
83 88
83 97
84 97
85 86
85 90
86 90
87 88
88 90
88 91
89 99
90 91
90 98
91 94
91 96
92 96
92 97
92 98
93 94
94 99