100
473
0 1
0 7
0 20
0 23
0 31
0 36
0 38
0 41
0 57
0 98
1 33
1 45
1 59
1 60
1 61
1 87
1 97
2 8
2 10
2 25
2 30
2 34
2 35
2 41
2 42
2 64
2 76
2 78
2 83
2 93
2 94
3 7
3 29
3 33
3 36
3 37
3 46
3 52
3 62
3 86
3 94
3 96
4 10
4 12
4 23
4 35
4 39
4 50
4 59
4 63
4 84
5 8
5 13
5 14
5 20
5 52
5 53
5 59
5 71
5 73
5 74
6 11
6 12
6 23
6 30
6 33
6 34
6 38
6 70
6 71
6 81
7 14
7 20
7 33
7 44
7 61
7 76
7 94
7 96
8 10
8 17
8 39
8 49
8 53
8 55
8 66
8 67
8 75
8 88
8 94
8 97
9 16
9 31
9 64
9 66
9 80
9 83
10 21
10 34
10 71
10 77
11 23
11 26
11 30
11 39
11 43
11 50
11 63
11 74
11 92
12 19
12 22
12 84
12 90
12 94
13 21
13 28
13 34
13 40
13 44
13 58
13 71
13 73
13 84
14 19
14 24
14 39
14 42
14 67
14 73
14 79
14 94
14 99
15 31
15 45
15 48
15 61
15 74
15 91
16 29
16 34
16 52
16 55
16 58
16 67
16 99
17 33
17 41
17 49
17 64
17 68
17 71
17 72
17 79
17 80
17 82
17 97
18 22
18 40
18 48
18 53
18 55
18 69
18 71
18 80
18 84
18 86
19 36
19 38
19 39
19 47
19 57
19 61
19 77
19 84
20 33
20 35
20 47
20 50
20 65
20 71
20 86
20 92
20 99
21 31
21 38
21 48
21 57
21 73
21 95
22 25
22 31
22 47
22 54
22 76
23 25
23 26
23 47
23 57
23 59
23 78
23 79
23 93
24 25
24 32
24 43
24 45
24 51
24 72
24 85
24 97
25 30
25 40
25 46
25 60
25 70
25 77
25 92
26 38
26 48
26 80
26 84
27 30
27 38
27 46
27 51
27 63
27 70
27 71
27 83
28 32
28 42
28 58
28 66
28 76
29 63
29 69
29 89
29 90
29 91
30 42
30 45
30 54
30 72
30 76
30 84
30 93
30 94
31 43
31 60
31 61
31 75
31 96
32 35
32 40
32 54
32 59
32 71
33 36
33 43
33 54
33 56
33 64
33 72
33 76
33 85
33 91
34 42
34 57
34 60
34 62
34 66
34 79
35 40
35 44
35 61
35 69
35 73
35 80
35 87
35 88
35 91
36 45
36 46
36 70
36 81
36 83
36 92
37 45
37 59
37 66
37 68
37 89
38 72
38 86
38 91
39 54
39 60
39 69
40 41
40 44
40 58
40 88
40 95
41 58
41 69
41 76
41 78
41 90
41 92
42 64
42 69
42 70
42 82
43 61
43 74
43 79
43 90
43 98
44 48
44 61
44 67
44 70
44 84
44 88
45 51
45 66
45 77
45 78
45 81
45 92
46 55
46 58
46 66
46 74
46 75
46 77
46 83
46 87
47 56
47 57
47 69
47 84
47 94
48 51
48 58
48 77
48 84
48 95
48 97
49 59
49 69
49 84
49 85
49 89
50 63
50 82
50 87
50 98
50 99
51 54
51 55
51 56
51 81
51 83
51 96
52 78
52 97
53 70
53 83
53 88
53 95
54 55
54 65
54 75
54 81
54 82
54 83
55 65
55 67
55 74
55 80
55 98
56 70
56 76
56 99
57 64
57 69
57 83
57 92
57 93
58 79
58 94
58 99
59 82
60 64
60 74
60 91
60 93
60 97
61 79
61 87
61 90
61 94
62 84
62 99
63 80
64 66
64 78
64 85
64 88
64 93
65 67
65 73
65 87
65 96
65 97
66 76
66 77
66 78
66 82
66 83
66 88
67 79
67 95
68 97
69 70
69 78
69 81
69 84
69 91
69 92
70 74
70 81
70 94
70 96
72 82
72 91
72 99
73 78
73 81
73 82
73 84
73 90
74 88
74 90
74 94
74 99
75 79
75 88
75 91
77 88
78 86
78 97
79 86
80 83
80 87
80 98
81 82
81 94
82 85
82 86
82 98
83 89
84 87
84 92
85 94
86 94
86 99
89 91
90 94
90 98
91 95