100
488
0 5
0 12
0 21
0 24
0 32
0 41
0 49
0 61
0 65
0 95
1 15
1 31
1 32
1 36
1 57
1 67
1 70
1 73
1 93
2 9
2 10
2 13
2 27
2 35
2 37
2 41
2 47
2 48
2 50
2 52
2 66
2 69
2 90
2 92
2 94
3 4
3 20
3 22
3 28
3 45
3 52
3 75
3 84
3 88
3 98
4 14
4 37
4 41
4 42
4 43
4 45
4 49
4 59
4 61
4 82
5 14
5 24
5 28
5 31
5 39
5 47
5 48
5 50
5 71
5 73
5 85
5 96
6 11
6 33
6 60
6 63
6 74
6 78
7 14
7 31
7 36
7 45
7 46
7 59
7 63
7 70
7 74
7 82
7 84
7 89
8 21
8 24
8 46
8 68
8 99
9 22
9 24
9 42
9 50
9 63
9 72
9 73
9 80
9 87
9 98
10 19
10 30
10 45
10 54
10 71
10 73
10 96
11 13
11 17
11 29
11 30
11 46
11 48
11 49
11 89
11 93
12 14
12 25
12 28
12 35
12 40
12 75
12 77
12 82
12 85
12 98
13 32
13 48
13 52
13 54
13 82
13 93
13 97
14 16
14 26
14 35
14 41
14 63
14 65
14 72
14 87
15 32
15 36
15 38
15 42
15 53
15 59
15 60
15 61
15 94
15 95
15 96
16 25
16 46
16 48
16 50
16 57
16 61
16 74
16 82
16 90
17 18
17 47
17 51
17 57
17 67
17 72
17 76
18 21
18 41
18 60
18 67
18 79
18 80
18 85
18 91
18 95
19 23
19 25
19 28
19 38
19 42
19 76
19 79
19 86
20 56
20 62
20 79
20 90
21 30
21 32
21 78
21 81
21 82
21 88
21 91
21 95
21 99
22 34
22 42
22 49
22 52
22 56
22 67
22 69
22 70
22 78
22 98
23 25
23 38
23 44
23 70
23 80
23 85
24 41
24 54
24 57
25 31
25 32
25 39
25 48
25 67
25 89
26 50
26 81
26 85
26 92
27 31
27 37
27 49
27 68
27 70
27 80
27 89
27 90
27 99
28 30
28 37
28 38
28 63
28 68
28 78
28 79
28 80
29 48
29 52
29 56
29 57
29 58
29 59
29 62
29 71
29 75
29 82
29 85
30 49
30 76
30 80
31 38
31 39
31 44
31 59
31 89
31 93
31 94
32 36
32 37
32 53
32 83
32 85
33 41
33 70
33 78
33 81
33 86
34 49
34 54
34 57
34 81
34 84
34 87
34 90
34 93
35 43
35 74
35 77
35 83
36 58
36 73
36 86
36 88
36 94
37 44
37 52
37 53
37 60
37 82
37 86
37 87
37 88
38 46
38 62
38 64
38 77
38 80
38 97
39 59
39 70
39 71
39 75
39 78
39 79
39 91
40 41
40 56
40 72
40 80
40 95
41 62
41 75
41 76
41 87
41 95
42 66
42 78
42 83
43 48
43 52
43 66
43 68
43 74
43 78
43 79
43 86
43 95
43 99
44 47
44 58
44 59
44 60
44 64
44 96
45 62
45 71
45 92
46 51
46 61
46 65
46 79
46 84
46 92
46 96
47 61
47 80
47 84
47 87
48 57
48 73
49 50
49 79
49 81
49 98
50 57
50 59
50 60
50 65
50 71
50 89
50 94
51 63
51 69
51 86
52 56
52 62
52 72
52 88
53 54
53 65
53 68
53 76
53 90
54 60
54 66
54 67
54 68
54 73
54 86
54 93
55 56
55 59
55 64
55 70
55 81
55 87
55 97
56 57
56 71
56 75
56 76
56 97
57 80
58 60
58 76
58 98
59 74
59 78
59 81
59 85
59 94
59 97
60 67
60 70
60 71
60 72
60 77
61 67
62 64
62 72
63 75
64 67
64 68
64 70
64 78
64 81
64 83
64 96
65 73
65 75
65 78
65 83
65 91
66 83
66 99
67 70
67 85
67 96
68 71
68 94
69 70
69 83
69 90
69 96
69 97
70 94
70 97
70 98
71 82
71 95
72 76
72 79
73 86
74 90
74 91
74 94
74 99
75 78
75 84
75 86
75 89
75 90
75 91
75 96
76 95
76 98
77 80
77 91
78 85
78 87
78 89
79 82
79 91
80 95
81 82
81 99
82 89
83 97
84 95
85 87
85 99
86 93
87 92
89 96
90 91
91 96
95 96
95 97
96 97
97 99