100
469
0 5
0 8
0 9
0 11
0 37
0 76
0 84
1 5
1 6
1 15
1 17
1 41
1 45
1 58
1 69
1 82
1 83
1 87
1 93
1 95
2 7
2 11
2 16
2 18
2 35
2 45
2 70
2 83
2 84
2 87
2 97
3 11
3 23
3 26
3 69
3 74
3 80
3 93
3 96
4 13
4 20
4 41
4 45
4 46
4 49
4 55
4 63
4 87
4 88
4 91
5 21
5 48
5 51
5 69
5 76
5 77
5 84
5 94
5 97
5 99
6 21
6 31
6 48
6 49
6 65
6 70
6 80
7 13
7 18
7 34
7 37
7 38
7 41
7 45
7 56
7 72
7 81
8 50
8 51
8 56
8 62
8 76
8 96
9 11
9 44
9 50
9 58
9 69
9 71
9 86
9 95
10 19
10 34
10 54
10 62
10 64
10 84
10 85
10 93
11 15
11 22
11 24
11 36
11 37
11 39
11 41
11 44
11 51
11 52
11 91
12 33
12 34
12 50
12 53
12 61
12 71
12 93
13 43
13 55
13 59
13 65
13 68
13 80
13 83
13 92
13 95
13 99
14 37
14 51
14 73
14 77
14 79
15 24
15 34
15 39
15 49
15 65
15 77
15 79
15 90
15 93
15 94
15 99
16 32
16 60
16 78
16 86
16 99
17 41
17 81
17 89
17 96
18 28
18 33
18 43
18 45
18 48
18 69
18 81
18 94
18 96
19 35
19 51
19 58
19 74
19 88
19 94
20 27
20 43
20 90
20 91
21 27
21 38
21 41
21 46
21 57
21 69
21 72
21 74
21 86
21 89
21 90
21 92
22 32
22 40
22 61
22 62
22 81
22 98
23 32
23 37
23 42
23 61
23 64
23 69
23 78
24 35
24 48
24 61
24 69
24 80
24 85
24 92
25 29
25 30
25 49
25 56
25 59
25 70
25 83
25 93
25 95
26 54
26 57
26 73
26 81
26 82
26 84
27 31
27 32
27 46
27 51
27 71
27 75
27 96
28 32
28 36
28 47
28 61
28 72
28 75
28 81
29 30
29 32
29 42
29 57
29 66
29 91
29 93
29 97
30 44
30 56
30 94
31 36
31 51
31 55
31 61
31 89
31 91
32 41
32 43
32 54
32 67
32 82
33 38
33 81
33 86
33 90
33 97
34 48
34 59
34 78
35 66
35 68
35 71
35 73
35 82
35 88
35 91
36 72
36 75
36 81
36 82
36 85
37 57
37 73
37 78
37 87
37 88
37 90
37 93
37 94
37 99
38 48
38 56
38 64
38 68
38 72
38 86
39 45
39 49
39 63
39 64
39 73
39 83
39 95
40 51
40 53
40 64
40 66
40 69
40 70
40 73
40 90
40 95
40 99
41 44
41 58
41 62
41 75
41 92
41 94
41 99
42 48
42 78
42 86
43 51
43 61
43 73
43 78
43 81
43 91
43 98
44 50
44 54
44 61
44 67
44 88
44 91
44 93
45 51
45 67
45 70
45 78
46 53
46 69
46 73
46 76
46 83
46 88
46 89
46 92
47 54
47 66
47 70
47 79
48 66
48 80
48 82
49 70
49 78
49 80
49 87
49 91
49 95
50 78
51 75
51 86
51 99
52 54
52 61
52 74
52 79
52 93
52 96
53 62
53 76
53 86
53 95
54 61
54 62
54 65
54 80
54 87
54 88
55 57
55 67
55 71
55 83
55 92
56 59
56 60
56 64
56 72
56 88
57 58
57 65
57 82
57 92
57 96
58 59
58 64
58 72
58 95
58 96
59 61
59 73
59 77
59 85
59 94
61 66
61 71
61 81
61 83
62 63
62 80
62 82
62 83
62 94
63 68
63 69
63 97
64 65
64 67
64 84
64 88
64 89
65 71
65 78
65 92
66 75
66 84
66 85
67 70
67 95
67 98
68 91
69 89
71 84
71 92
71 98
72 89
73 77
73 84
73 91
73 92
73 95
74 75
74 77
75 77
75 96
76 79
76 83
76 85
76 88
77 83
77 85
77 98
78 79
78 80
79 83
80 99
81 96
82 86
82 94
83 90
84 87
84 93
84 94
85 88
85 92
85 97
86 89
87 89
87 98
87 99
90 95
93 95
97 99