100
496
0 8
0 9
0 36
0 77
0 82
0 97
1 3
1 11
1 27
1 32
1 41
1 43
1 46
1 48
1 50
1 59
1 66
1 70
1 74
1 83
1 84
2 15
2 16
2 21
2 26
2 37
2 39
2 40
2 55
2 62
2 85
2 93
3 12
3 13
3 26
3 29
3 30
3 34
3 44
3 53
3 57
3 66
3 79
3 81
3 86
4 7
4 22
4 23
4 38
4 45
4 50
4 56
4 57
4 60
4 76
4 91
4 96
5 7
5 8
5 13
5 15
5 19
5 28
5 33
5 37
5 62
5 78
5 93
6 12
6 20
6 22
6 26
6 30
6 31
6 35
6 42
6 56
6 85
6 87
6 90
6 94
7 11
7 14
7 16
7 58
7 59
7 63
7 99
8 14
8 17
8 25
8 27
8 29
8 30
8 35
8 47
8 51
8 75
8 77
8 81
8 82
8 84
8 89
8 96
9 12
9 23
9 42
9 59
9 84
10 21
10 24
10 41
10 42
10 46
10 51
10 54
10 62
10 77
10 82
10 90
11 19
11 47
11 49
11 51
12 32
12 43
12 45
12 51
12 64
12 67
12 68
12 80
12 81
13 18
13 28
13 29
13 50
13 66
13 76
13 81
14 20
14 38
14 50
14 58
14 66
14 68
14 94
15 16
15 23
15 26
15 36
15 40
15 45
15 48
15 82
15 84
16 25
16 35
16 71
16 72
17 25
17 32
17 38
17 42
17 57
17 59
17 73
17 97
18 29
18 30
18 35
18 42
18 78
18 98
19 29
19 33
19 34
19 42
19 45
19 48
19 53
19 58
19 61
19 63
19 83
19 90
20 26
20 29
20 37
20 43
20 74
20 75
20 95
21 26
21 34
21 38
21 43
21 49
21 52
21 62
21 75
21 80
21 87
21 98
22 25
22 29
22 49
22 51
22 60
22 61
22 66
22 79
22 81
22 99
23 79
24 37
24 40
24 49
24 54
24 77
24 82
24 93
24 96
25 34
25 47
25 52
25 67
25 79
25 94
25 96
25 97
26 41
26 45
26 47
26 73
26 97
27 37
27 57
27 64
27 71
27 76
27 93
27 96
28 44
28 61
28 63
28 72
28 77
28 78
28 88
28 96
29 41
29 50
29 57
29 58
29 99
30 33
30 38
30 41
30 48
30 67
30 77
30 90
30 98
31 40
31 41
31 49
31 52
31 63
31 70
31 91
32 37
32 88
32 90
33 36
33 38
33 47
33 93
34 49
34 50
34 51
34 58
34 67
34 88
34 91
35 39
35 45
35 47
35 49
35 73
35 79
35 82
35 86
35 93
36 37
36 45
36 62
36 72
36 78
36 83
36 95
37 39
37 42
37 46
37 57
37 64
37 68
37 70
37 73
37 82
37 86
38 90
38 98
39 48
39 49
39 55
39 56
39 84
39 90
39 93
40 53
40 58
40 62
40 78
40 91
41 49
41 68
41 69
41 72
41 87
41 89
42 48
42 65
42 69
42 84
42 93
42 95
42 96
43 58
43 76
43 94
44 50
44 60
44 63
44 67
44 84
44 91
45 46
45 48
45 79
45 80
45 83
45 85
45 88
46 48
46 52
46 54
46 58
46 78
46 84
46 97
47 68
47 76
47 87
47 90
48 56
48 71
48 80
48 97
49 65
49 71
49 76
49 83
49 93
49 95
50 64
50 72
50 73
50 77
50 78
50 87
50 90
51 58
51 73
51 92
51 97
52 57
52 78
52 85
53 70
53 81
53 85
53 92
53 99
54 79
54 80
54 95
55 64
55 68
55 94
56 65
56 72
57 82
57 83
57 87
58 79
59 88
59 89
59 98
60 62
60 63
60 66
60 77
60 87
61 73
61 88
61 89
61 93
62 63
62 72
62 76
62 85
62 89
63 73
63 76
63 85
63 88
63 97
64 66
64 76
64 78
64 80
64 82
64 88
64 89
64 97
64 98
65 74
65 78
65 97
66 77
66 86
66 92
66 95
67 68
67 83
67 84
67 92
67 93
68 78
68 81
68 87
68 96
68 98
69 84
71 79
71 89
71 91
71 93
71 94
72 73
72 88
72 89
72 93
73 77
74 80
74 93
74 96
74 97
75 93
75 95
76 86
77 84
78 83
79 83
79 86
79 94
80 96
82 86
82 97
83 86
83 88
84 86
84 94
84 98
85 98
86 88
87 92
87 94
87 97
87 99
88 98
90 97
90 98
91 97
96 97