100
505
0 27
0 43
0 44
0 55
0 62
0 76
0 90
0 91
1 34
1 37
1 44
1 51
1 53
1 63
1 69
1 85
1 92
1 96
1 98
2 42
2 47
2 55
2 56
2 71
3 26
3 31
3 36
3 52
3 54
3 59
4 15
4 26
4 30
4 37
4 41
4 51
4 56
4 60
4 66
4 67
4 89
4 97
5 6
5 7
5 11
5 20
5 21
5 39
5 44
5 46
5 48
5 50
5 52
5 67
5 69
5 75
5 81
5 97
6 13
6 20
6 26
6 37
6 47
6 48
6 53
6 75
6 84
7 21
7 31
7 35
7 39
7 48
7 69
7 80
7 83
7 90
8 20
8 37
8 49
8 60
8 69
8 71
8 92
8 93
8 95
8 97
9 31
9 38
9 40
9 66
9 69
9 76
9 82
9 87
10 16
10 21
10 24
10 53
11 47
11 51
11 55
11 58
11 63
11 64
11 71
11 73
11 79
12 33
12 37
12 45
12 50
12 58
12 67
12 70
12 80
12 90
12 95
13 26
13 29
13 30
13 35
13 47
13 71
13 84
13 85
13 86
14 25
14 45
14 47
14 55
14 61
14 71
14 72
14 83
15 20
15 35
15 42
15 48
15 58
15 78
15 80
15 82
15 84
15 86
15 89
15 95
16 30
16 34
16 39
16 42
16 63
16 75
16 79
16 87
17 23
17 28
17 35
17 43
17 60
17 71
17 75
17 87
17 91
17 99
18 33
18 37
18 61
18 62
18 83
18 88
18 90
18 95
19 28
19 31
19 34
19 53
19 56
19 82
19 88
19 89
19 90
19 96
20 21
20 25
20 35
20 49
20 63
20 68
20 83
20 85
20 93
21 46
21 60
21 62
21 70
21 86
21 96
22 24
22 38
22 40
22 67
22 71
22 92
23 31
23 49
23 61
23 65
23 67
23 74
24 28
24 42
24 54
24 57
24 58
24 65
24 71
24 77
24 94
24 95
24 98
25 40
25 50
25 58
25 74
25 79
25 89
26 27
26 33
26 34
26 35
26 39
26 40
26 46
26 50
26 51
26 54
26 58
26 67
26 68
26 89
26 90
26 92
27 49
27 60
27 62
27 83
27 92
27 94
27 95
27 97
28 30
28 31
28 33
28 42
28 44
28 47
28 48
28 53
28 59
28 68
28 69
28 70
28 71
28 75
28 81
28 83
28 92
29 54
29 59
29 68
29 76
29 93
29 94
29 97
29 98
30 33
30 34
30 40
30 54
30 63
30 75
30 81
30 84
31 32
31 35
31 69
31 77
31 78
31 81
31 82
31 83
31 93
31 99
32 57
32 78
32 82
32 93
33 34
33 36
33 51
33 60
33 63
33 71
33 93
34 62
34 95
34 98
34 99
35 45
35 53
35 90
35 91
35 93
35 96
36 51
36 52
36 53
36 57
36 78
36 91
36 99
37 41
37 56
37 59
37 87
38 40
38 45
38 46
38 60
38 61
38 82
39 61
39 81
39 82
40 51
40 55
40 58
40 65
40 76
40 88
41 43
41 68
41 71
41 82
41 94
41 98
42 72
42 81
42 98
43 65
43 67
43 72
43 83
44 55
44 59
44 62
44 79
44 82
45 57
45 69
45 73
45 82
45 83
46 52
46 58
46 69
46 75
46 77
46 87
47 59
47 62
47 80
47 84
47 92
47 97
47 98
48 51
48 52
48 54
48 80
48 98
49 66
49 78
50 61
50 73
50 86
50 95
50 98
51 56
51 65
51 91
52 83
52 93
52 97
53 78
53 81
53 87
54 56
54 66
54 69
54 83
54 89
54 92
55 70
55 71
55 72
56 57
56 67
56 68
56 78
56 88
56 91
57 80
57 88
57 92
58 70
58 91
59 64
59 77
59 82
59 83
59 84
59 95
59 98
59 99
60 69
60 82
60 89
60 98
61 86
61 87
61 95
61 96
62 63
62 73
62 99
63 66
63 83
63 84
63 99
64 72
64 90
64 97
65 71
65 76
65 82
65 84
66 76
66 91
66 96
67 70
67 76
67 80
67 85
67 94
67 99
68 69
68 74
69 73
69 78
69 87
69 99
70 71
70 74
70 85
70 91
71 84
71 85
71 87
71 99
72 74
72 87
73 76
73 91
74 76
75 77
75 88
75 90
76 77
76 83
76 98
77 83
78 82
78 98
80 83
80 84
80 85
80 86
81 82
81 89
81 94
85 91
85 95
86 99
89 90
90 91
90 99
92 93
92 95
92 99
93 94
93 95
94 98
95 96
96 98