100
517
0 5
0 14
0 19
0 37
0 39
0 41
0 58
0 61
0 65
0 67
0 72
0 73
0 74
0 78
1 24
1 26
1 28
1 32
1 46
1 54
1 55
1 60
1 63
1 66
1 68
1 69
1 71
1 84
2 13
2 21
2 37
2 54
2 58
2 69
2 71
2 75
2 89
2 97
3 10
3 12
3 57
3 73
3 77
3 88
4 6
4 9
4 25
4 50
4 54
4 61
4 79
4 90
4 96
4 98
5 7
5 12
5 20
5 26
5 35
5 44
5 51
5 59
5 62
5 69
5 75
6 17
6 18
6 20
6 35
6 39
6 51
6 74
6 87
7 21
7 26
7 29
7 31
7 45
7 48
7 55
7 57
7 62
7 70
7 71
7 89
7 99
8 27
8 34
8 48
8 62
8 68
8 74
8 75
8 84
9 31
9 75
9 80
9 87
9 89
9 94
10 11
10 22
10 26
10 51
10 54
10 70
10 72
10 86
11 18
11 42
11 54
11 63
11 65
11 76
11 93
11 97
12 19
12 23
12 30
12 33
12 37
12 44
12 49
12 55
12 60
12 72
12 87
12 88
12 89
13 16
13 19
13 21
13 26
13 27
13 46
13 49
13 60
13 77
13 80
13 82
13 87
13 88
14 26
14 33
14 34
14 61
14 64
14 67
14 78
14 80
14 86
14 93
14 96
15 21
15 29
15 31
15 51
15 77
15 96
16 17
16 40
16 46
16 51
16 56
16 60
16 63
16 74
17 18
17 26
17 49
17 56
17 61
17 63
17 66
17 73
17 89
17 91
18 19
18 26
18 42
18 63
18 84
18 89
18 91
18 92
18 97
19 41
19 46
19 49
19 57
19 83
19 91
20 27
20 32
20 48
20 71
20 72
20 90
21 22
21 23
21 25
21 44
21 51
21 58
22 34
22 36
22 68
22 85
22 98
23 32
23 40
23 49
23 71
23 81
23 93
23 99
24 36
24 40
24 46
24 56
24 82
25 28
25 29
25 30
25 36
25 49
25 66
25 82
25 90
25 93
26 28
26 32
26 33
26 35
26 43
26 89
26 92
26 96
27 30
27 52
27 56
27 74
27 79
27 80
28 35
28 37
28 46
28 47
28 60
28 65
28 68
28 95
29 38
29 46
29 48
29 58
29 59
29 64
29 89
29 95
29 97
30 33
30 35
30 39
30 47
30 57
30 90
30 92
31 33
31 36
31 41
31 44
31 48
31 50
31 56
31 58
31 77
31 85
31 87
32 62
32 65
32 81
32 87
32 97
33 49
33 51
33 55
33 65
33 70
33 88
33 93
33 98
34 35
34 44
34 97
34 99
35 55
35 75
36 46
36 56
36 62
36 85
37 51
37 56
37 61
37 88
37 92
38 44
38 48
38 50
38 57
38 63
38 68
38 75
38 91
38 92
39 81
39 86
39 99
40 41
40 43
40 44
40 46
40 47
40 69
40 74
40 89
41 47
41 49
41 54
41 58
41 77
41 80
41 91
42 45
42 46
42 53
42 60
42 63
42 67
42 73
42 84
42 87
42 91
42 97
43 78
44 53
44 65
44 66
44 78
45 51
45 56
45 58
45 61
45 67
45 68
45 70
45 77
45 80
45 94
45 99
46 62
46 85
47 48
47 52
47 76
47 81
47 83
47 90
47 95
47 98
48 60
48 68
48 77
48 81
48 91
48 96
48 98
49 53
49 72
49 86
49 89
49 92
49 95
50 64
50 83
50 85
51 55
51 62
51 73
51 78
51 82
51 84
51 91
52 58
52 68
52 82
52 95
52 98
53 54
53 60
53 67
53 75
53 77
54 59
54 65
54 74
54 75
54 77
54 85
54 94
55 65
55 67
55 68
55 72
55 82
55 88
55 97
55 98
56 58
56 63
56 88
56 99
57 67
57 89
58 75
58 85
59 66
59 74
59 83
59 85
59 89
59 99
60 63
60 97
61 62
61 68
61 69
61 70
61 74
61 75
61 86
61 94
62 73
62 78
63 74
63 75
63 86
63 95
64 92
64 96
64 99
65 74
65 90
65 97
65 98
66 81
66 97
67 68
67 88
67 91
67 97
67 98
68 74
68 83
68 84
68 97
69 99
70 85
71 85
71 86
71 96
72 75
72 77
72 78
72 88
72 98
73 74
73 75
73 79
73 81
73 83
73 86
73 98
73 99
74 76
74 83
74 89
74 95
75 79
75 80
78 89
79 82
79 84
79 91
80 88
80 99
81 84
81 94
81 99
82 83
82 90
82 91
82 93
83 85
83 90
83 98
84 92
85 90
85 97
88 89
88 99
89 91
91 92
92 93
95 98
97 98