100
462
0 5
0 32
0 46
0 58
0 88
0 90
0 92
0 95
1 9
1 30
1 35
1 36
1 39
1 49
1 54
1 62
1 70
1 85
1 97
2 13
2 17
2 19
2 41
2 59
2 73
2 76
2 89
2 94
2 99
3 25
3 37
3 53
3 61
3 73
3 77
3 78
3 94
4 21
4 23
4 31
4 36
4 41
4 69
4 75
5 19
5 23
5 49
5 53
5 57
5 65
5 72
5 92
5 93
6 9
6 15
6 25
6 26
6 31
6 33
6 36
6 64
6 66
6 67
6 87
7 20
7 24
7 35
7 64
7 69
7 78
7 85
7 87
8 13
8 22
8 29
8 48
8 49
8 58
8 82
8 84
9 26
9 40
9 43
9 50
9 57
9 62
9 75
9 90
10 17
10 32
10 45
10 49
10 64
10 81
10 87
10 91
10 94
11 25
11 33
11 42
11 43
11 46
11 48
11 54
11 58
11 63
11 67
11 85
11 91
12 30
12 32
12 43
12 45
12 50
12 72
12 75
13 22
13 23
13 34
13 42
13 43
13 53
13 67
13 81
13 82
13 94
14 17
14 24
14 33
14 35
14 49
14 63
14 78
14 93
15 18
15 62
16 31
16 38
16 51
16 74
16 81
16 92
17 18
17 44
17 47
17 54
17 61
17 66
17 71
17 73
17 75
17 82
17 84
17 93
18 33
18 35
18 50
18 56
18 80
18 83
18 89
18 94
19 50
19 54
19 64
19 65
19 74
19 94
20 52
20 61
20 70
20 77
20 88
21 26
21 29
21 33
21 34
21 44
21 60
21 66
21 67
21 69
21 70
21 82
21 93
21 99
22 28
22 38
22 54
22 57
22 60
22 63
22 82
22 89
22 90
23 35
23 45
23 51
23 79
23 89
24 29
24 37
24 55
24 65
24 73
24 75
24 81
24 82
24 93
24 97
24 99
25 40
25 46
25 49
25 58
25 72
25 85
25 93
25 95
26 34
26 53
26 60
26 65
26 73
26 80
26 84
27 28
27 31
27 49
27 53
27 55
27 85
28 30
28 44
28 54
28 73
29 36
29 39
29 65
29 79
30 33
30 37
30 39
30 65
30 92
30 96
31 40
31 49
31 50
31 57
31 66
31 71
31 93
31 94
32 33
32 40
32 48
32 50
32 58
32 62
32 76
32 78
32 85
32 89
33 39
33 41
33 49
33 58
33 93
34 50
34 79
34 80
34 83
34 87
34 98
35 51
35 57
35 61
35 64
35 96
36 37
36 41
36 50
36 71
36 75
36 76
36 79
36 82
36 90
36 97
36 99
37 63
37 72
37 74
37 93
37 96
37 99
38 52
38 72
38 76
38 82
39 48
39 58
39 81
39 86
40 55
40 73
40 74
40 84
40 87
41 53
41 60
41 72
41 90
41 92
42 52
42 53
42 66
42 77
42 83
42 92
42 93
42 97
43 83
43 88
43 94
44 49
44 75
44 84
45 48
45 55
45 61
45 76
45 78
45 89
46 50
46 53
46 54
46 61
46 77
46 85
46 92
47 53
47 61
47 72
47 77
47 85
47 91
47 92
48 55
48 61
48 66
48 75
48 80
48 93
49 50
49 58
49 63
49 73
49 86
49 95
50 54
50 56
50 81
50 89
50 98
51 64
51 70
51 88
52 83
52 93
52 98
53 70
53 90
54 57
54 80
54 87
54 97
55 65
55 86
56 59
56 61
56 62
57 61
57 65
57 67
57 95
57 99
58 80
58 89
58 94
59 60
59 64
60 71
60 72
60 75
60 78
60 84
60 90
61 86
61 96
62 67
62 98
63 76
63 78
63 80
63 88
64 67
64 84
64 89
65 66
65 79
65 91
65 98
66 71
66 75
66 79
66 83
67 76
67 87
68 77
68 92
68 93
68 97
70 74
71 72
71 78
71 87
72 73
72 77
72 86
73 78
73 82
73 90
75 90
75 94
76 86
76 89
76 95
76 96
78 84
78 86
78 97
80 93
80 96
81 89
81 95
81 96
82 86
82 89
83 85
83 89
83 92
84 90
84 93
84 96
85 99
86 94
90 91
90 98
91 96
97 98