100
469
0 3
0 22
0 29
0 48
0 65
0 98
1 3
1 4
1 10
1 18
1 22
1 28
1 34
1 62
1 65
1 81
1 97
2 43
2 56
2 60
2 73
2 80
3 7
3 34
3 35
3 37
3 54
3 55
3 67
3 70
3 77
3 81
4 18
4 32
4 35
4 38
4 50
4 58
4 61
4 62
4 89
4 96
5 12
5 20
5 29
5 36
5 49
5 67
5 70
5 74
5 76
5 78
5 88
5 93
5 94
6 9
6 50
6 60
6 71
6 72
6 82
6 84
6 99
7 20
7 51
7 57
7 65
7 76
7 79
7 95
8 11
8 17
8 22
8 27
8 33
8 45
8 49
8 52
8 58
8 70
8 72
8 85
9 16
9 23
9 33
9 52
9 61
9 68
9 85
10 21
10 23
10 47
10 54
10 74
10 82
11 18
11 24
11 32
11 39
11 43
11 53
11 76
11 79
11 87
11 89
11 99
12 19
12 42
12 46
12 61
12 76
13 18
13 21
13 68
13 70
13 73
13 76
13 78
13 95
13 96
13 99
14 15
14 28
14 35
14 88
14 99
15 36
15 40
15 55
15 60
15 61
15 67
15 75
15 76
15 82
16 21
16 34
16 35
16 42
16 47
16 52
16 94
16 96
16 99
17 18
17 26
17 37
17 61
17 62
17 81
17 98
18 29
18 31
18 37
18 38
18 45
18 71
18 72
18 73
18 99
19 20
19 21
19 38
19 55
19 94
20 59
20 72
20 81
20 82
20 91
21 33
21 34
21 45
21 51
21 90
21 91
21 97
22 50
22 55
22 58
22 65
22 71
22 76
22 88
22 93
23 26
23 29
23 40
23 55
23 58
23 76
23 78
23 86
24 41
24 71
24 73
24 77
24 80
24 84
24 90
25 27
25 35
25 48
25 58
25 75
26 31
26 41
26 62
26 66
26 82
26 90
26 93
26 98
27 29
27 61
27 71
27 79
27 80
27 90
27 97
28 37
28 48
28 64
28 74
28 93
29 51
29 57
29 62
29 64
29 67
29 75
29 82
30 39
30 65
30 80
30 82
30 98
31 37
31 47
31 48
31 50
31 53
31 79
31 84
31 96
32 33
32 36
32 38
32 53
32 80
32 89
32 95
32 96
32 99
33 34
33 41
33 57
33 68
33 76
33 81
33 84
33 92
34 51
34 60
34 66
34 75
34 90
34 93
34 97
35 37
35 52
35 53
35 69
35 74
35 80
35 87
35 96
35 99
36 43
36 51
36 57
36 59
36 76
36 82
36 93
37 46
37 47
37 61
37 98
38 45
38 46
38 54
38 61
38 67
38 74
38 94
38 96
39 64
39 67
39 68
39 74
39 89
39 99
40 43
40 52
40 63
40 68
40 91
41 42
41 46
41 59
41 84
41 89
41 90
41 97
42 49
42 50
43 54
43 67
43 85
43 95
44 63
45 55
45 84
46 55
46 63
46 92
47 50
47 53
47 60
47 66
47 73
47 75
47 91
47 95
47 96
47 99
48 54
48 71
48 79
48 80
49 55
49 59
49 86
49 93
50 51
50 64
50 77
51 53
51 57
51 87
52 56
52 71
52 89
52 98
53 57
53 65
53 69
53 71
53 76
54 66
54 68
54 69
54 73
54 75
54 82
54 85
54 87
55 60
55 64
55 94
56 61
56 62
56 77
56 88
57 67
57 80
57 81
57 90
57 93
58 75
58 79
58 89
58 93
58 94
59 65
59 67
59 84
59 88
59 96
60 71
60 78
60 92
61 63
61 77
61 87
61 99
62 71
62 91
62 98
63 64
63 80
63 94
63 98
64 70
64 74
64 80
64 87
64 91
65 72
65 73
65 75
65 83
65 97
66 87
66 99
67 80
67 98
68 70
68 81
68 86
68 94
69 72
69 91
70 84
70 92
71 87
71 91
71 98
72 77
72 81
74 87
75 77
75 79
75 80
75 88
75 92
75 95
76 87
76 91
76 94
77 90
77 93
78 79
78 85
79 81
79 85
79 88
80 88
82 89
82 96
82 97
83 95
84 88
84 92
84 95
85 91
86 90
86 96
87 96
89 90
89 99
90 92
90 96
91 92
93 96
94 96
95 96
95 99