100
490
0 27
0 29
0 44
0 55
0 57
0 66
0 72
0 77
0 90
1 6
1 13
1 16
1 31
1 43
1 48
1 49
1 58
1 74
1 85
1 96
1 97
2 7
2 16
2 29
2 41
2 48
2 49
2 52
2 58
2 66
2 67
2 74
2 81
2 87
2 93
2 98
3 7
3 17
3 26
3 44
3 48
3 60
3 91
3 94
3 95
4 7
4 11
4 16
4 42
4 48
4 62
4 71
4 79
5 7
5 10
5 13
5 19
5 20
5 23
5 28
5 31
5 33
5 40
5 87
5 94
5 95
6 19
6 42
6 51
6 52
6 54
6 67
6 73
6 74
6 77
6 78
7 14
7 16
7 21
7 43
7 55
7 89
7 94
8 9
8 36
8 84
8 93
9 13
9 33
9 42
9 61
9 77
9 90
9 92
10 12
10 14
10 18
10 20
10 28
10 29
10 49
10 70
10 78
10 93
10 95
11 27
11 34
11 36
11 42
11 43
11 47
11 57
11 86
11 90
11 92
11 97
12 79
12 88
13 14
13 18
13 19
13 36
13 47
13 77
13 87
13 92
14 18
14 34
14 45
14 61
14 63
14 74
14 76
14 80
14 81
14 82
14 85
14 95
14 96
15 33
15 48
15 54
15 59
15 60
15 66
15 67
15 70
15 78
15 90
16 18
16 21
16 22
16 32
16 58
16 69
16 76
16 87
16 92
17 25
17 28
17 37
17 56
17 62
17 67
17 79
17 85
17 91
17 95
17 98
18 21
18 39
18 43
18 58
18 79
19 33
19 42
19 45
19 53
19 67
19 82
19 99
20 31
20 48
20 51
20 62
20 64
20 68
20 69
20 84
20 90
20 95
21 57
21 66
21 75
21 76
21 79
21 92
22 24
22 32
22 35
22 38
22 69
22 87
23 25
23 49
23 53
23 66
23 84
23 87
23 88
23 89
23 98
24 29
24 31
24 37
24 41
24 44
24 54
24 69
24 75
24 79
25 29
25 30
25 39
25 43
25 47
25 57
25 58
25 59
25 60
25 65
25 70
25 82
25 85
25 94
26 27
26 43
26 57
26 58
26 66
26 73
26 78
26 96
27 60
27 62
27 83
27 93
27 97
27 99
28 36
28 42
28 75
28 76
28 80
28 81
28 90
29 39
29 58
29 63
29 91
29 94
29 97
29 99
30 56
30 62
30 72
30 86
30 95
31 51
31 54
31 64
31 65
31 67
31 76
31 88
31 89
32 38
32 43
32 56
32 82
32 86
32 96
33 56
33 81
33 84
33 94
34 47
34 51
34 52
34 57
34 59
34 75
34 77
34 81
34 87
35 36
35 48
35 67
35 69
35 79
35 86
35 98
36 57
36 71
36 77
36 83
36 94
37 41
37 59
37 66
37 68
37 78
37 79
37 83
37 87
38 44
38 46
38 74
38 89
38 94
39 41
39 49
39 51
39 53
39 63
39 65
39 69
39 70
39 79
39 96
40 55
40 68
40 71
40 75
40 78
40 88
40 93
40 98
41 49
41 54
41 64
41 66
41 82
41 94
42 45
42 53
42 61
42 65
42 76
43 50
43 57
43 63
43 88
43 95
43 99
44 52
44 65
44 68
44 75
44 76
44 92
44 95
45 48
45 65
45 92
45 98
46 49
46 50
46 54
46 79
46 82
47 57
47 61
47 63
47 96
48 55
48 60
48 83
48 84
48 97
48 98
49 63
49 66
49 82
49 85
50 66
50 70
50 80
50 85
50 91
51 74
51 79
51 83
51 85
52 76
52 91
52 93
52 95
53 63
53 66
53 82
54 55
54 63
54 65
54 79
54 94
54 96
55 78
55 79
55 99
57 67
57 68
57 83
57 99
58 61
58 62
58 80
59 67
59 68
59 76
59 83
59 96
60 66
60 73
60 77
61 69
61 79
61 86
61 88
61 91
62 70
62 88
63 71
63 72
63 92
64 85
64 97
65 66
65 77
65 83
65 91
65 92
65 94
66 88
66 89
66 90
67 75
67 82
68 72
68 79
68 85
68 86
69 79
70 71
70 89
70 90
70 97
71 80
71 95
72 87
72 92
74 89
74 90
74 98
75 92
75 93
76 99
77 80
77 82
78 79
78 97
79 95
79 97
80 87
80 90
80 91
80 97
81 88
82 85
82 95
84 90
84 91
85 86
85 99
86 93
88 93
90 91
90 94
97 98
98 99