100
481
0 6
0 41
0 51
0 52
0 65
0 74
0 83
0 85
0 98
1 5
1 13
1 16
1 21
1 44
1 62
1 74
1 78
1 89
1 99
2 17
2 19
2 24
2 30
2 49
2 55
2 64
2 65
2 72
2 73
2 77
3 6
3 14
3 18
3 27
3 39
3 53
3 69
3 81
3 90
4 7
4 11
4 21
4 52
4 54
4 65
4 80
4 83
4 91
4 93
4 95
5 13
5 23
5 41
5 42
5 44
5 61
5 71
5 72
5 86
6 29
6 34
6 35
6 43
6 62
6 63
6 67
6 68
6 75
6 81
6 82
6 88
6 90
7 11
7 15
7 21
7 27
7 42
7 46
7 53
7 68
7 71
7 73
7 79
7 94
8 36
8 41
8 44
8 67
8 76
8 82
9 13
9 27
9 45
9 53
9 77
10 21
10 35
10 39
10 52
10 99
11 28
11 33
11 35
11 43
11 49
11 61
11 63
11 76
11 86
11 97
12 23
12 26
12 27
12 50
12 51
12 56
12 62
12 78
12 88
13 25
13 34
13 37
13 39
13 85
13 91
13 93
14 17
14 23
14 33
14 45
14 49
14 53
14 60
14 65
14 95
15 21
15 25
15 45
15 53
15 54
15 59
15 61
15 82
15 88
15 94
16 19
16 21
16 24
16 31
16 36
16 49
16 59
16 73
16 74
16 89
16 90
16 99
17 19
17 23
17 27
17 34
17 60
17 64
17 80
17 85
18 30
18 31
18 41
18 53
18 57
18 61
18 66
18 94
19 41
19 53
19 54
19 75
19 87
20 28
20 29
20 46
20 51
20 56
20 60
20 71
20 79
20 94
21 23
21 28
21 29
21 30
21 33
21 54
21 65
22 24
22 40
22 75
22 76
22 77
22 96
23 29
23 45
23 80
23 87
23 98
24 27
24 53
24 56
24 82
24 89
25 39
25 67
25 82
25 95
26 30
26 31
26 50
26 59
26 67
26 70
26 73
26 97
27 33
27 45
27 59
27 60
27 69
27 73
27 81
28 29
28 34
28 36
28 54
28 61
28 95
28 97
29 44
29 59
29 62
29 66
29 68
29 77
29 93
29 98
30 67
30 70
30 93
30 96
31 33
31 34
31 39
31 52
31 66
31 67
31 95
32 46
32 48
32 49
32 60
32 69
32 77
32 80
32 93
33 49
33 59
33 60
33 66
33 91
34 36
34 49
34 52
34 89
34 93
35 51
35 53
35 58
35 66
35 74
35 84
35 85
35 97
36 39
36 46
36 59
36 64
36 76
36 83
36 85
36 90
37 38
37 39
37 47
37 48
37 60
37 73
37 91
38 49
38 55
38 73
38 92
39 91
39 93
39 95
40 46
40 59
40 72
40 77
40 84
40 87
40 90
40 95
41 43
41 76
41 84
42 48
42 56
42 71
42 74
42 76
42 92
43 66
43 70
43 79
43 84
43 94
44 68
44 76
44 87
45 64
45 69
45 72
45 74
45 75
45 86
45 93
45 97
45 98
46 56
46 57
46 62
46 93
46 98
47 51
47 56
47 60
47 66
47 90
47 99
48 56
48 61
48 62
48 63
48 82
48 85
49 50
49 58
49 64
49 66
49 80
50 58
50 66
50 68
50 70
50 71
50 72
50 78
50 85
51 54
51 58
51 68
51 70
51 80
52 80
52 81
52 96
53 58
53 59
53 72
53 74
53 82
54 70
54 77
54 81
54 83
54 87
55 58
55 85
55 86
56 58
56 65
56 71
56 73
56 90
56 92
56 98
57 59
57 78
57 81
57 85
58 65
58 75
58 90
59 67
59 83
59 86
59 90
60 72
60 78
60 81
60 86
60 89
61 67
61 72
61 78
61 82
61 92
62 70
62 73
62 77
62 84
62 95
63 91
63 93
64 67
64 73
65 98
66 71
66 76
66 87
66 91
66 95
67 76
67 80
68 69
68 92
69 90
69 92
69 93
69 95
69 96
70 87
70 96
71 78
71 79
71 82
72 77
72 93
73 74
73 75
74 76
74 88
75 89
76 77
76 81
76 89
78 94
78 98
78 99
79 85
80 81
80 87
80 94
80 99
81 92
82 85
83 84
84 96
85 88
85 97
85 98
86 98
87 88
87 95
87 97
90 93
90 99
92 93
92 99
93 98
96 98
98 99