100
479
0 13
0 15
0 16
0 17
0 18
0 48
0 49
0 59
0 61
0 65
0 66
0 74
0 95
1 3
1 16
1 42
1 58
1 87
1 88
2 8
2 27
2 36
2 40
2 60
2 64
2 86
2 91
2 97
3 29
3 52
3 57
3 59
3 70
3 72
3 79
3 84
3 91
3 96
3 99
4 12
4 52
4 55
4 61
4 68
4 80
4 92
4 97
5 29
5 50
5 64
5 67
5 70
5 80
5 88
5 99
6 12
6 15
6 26
6 29
6 50
6 53
6 71
6 74
6 83
6 86
6 93
6 98
7 8
7 18
7 20
7 27
7 29
7 40
7 44
7 52
7 65
7 69
7 72
7 75
7 77
7 95
8 29
8 57
8 75
8 76
8 79
8 95
8 97
8 98
9 12
9 14
9 37
9 42
9 45
9 62
9 65
9 70
9 92
9 99
10 12
10 49
10 80
10 84
10 86
10 93
11 17
11 21
11 31
11 37
11 48
11 56
11 61
11 67
11 80
12 19
12 24
12 26
12 30
12 36
12 38
12 41
12 70
12 88
13 31
13 35
13 37
13 57
13 59
13 60
13 62
13 66
13 80
13 82
14 37
14 72
14 82
14 88
15 27
15 28
15 51
15 59
15 61
15 66
15 79
15 96
16 25
16 40
16 43
16 44
16 55
16 56
16 57
16 64
16 72
16 80
16 83
16 84
16 87
16 89
16 99
17 26
17 33
17 50
17 84
17 89
18 25
18 27
18 36
18 45
18 59
18 75
18 85
18 90
18 96
18 98
19 20
19 24
19 28
19 40
19 47
20 25
20 27
20 33
20 38
20 46
20 61
20 68
20 80
20 96
20 98
20 99
21 33
21 36
21 54
21 55
21 90
22 28
22 35
22 44
22 49
22 53
22 65
22 66
22 77
22 81
22 82
22 86
22 92
23 61
23 73
23 80
23 90
24 29
24 40
24 42
24 63
24 74
24 89
24 98
25 40
25 44
25 46
25 63
25 82
25 94
26 47
26 55
26 67
27 36
27 52
27 53
27 54
27 56
27 60
27 66
27 68
27 74
27 77
27 97
28 45
28 53
28 60
28 63
28 75
28 80
28 91
28 96
29 31
29 43
29 49
29 74
29 76
29 88
30 35
30 51
30 61
30 86
30 89
30 93
30 99
31 34
31 40
31 55
31 60
32 35
32 52
32 55
32 59
32 62
32 69
32 71
32 76
32 81
33 51
33 65
33 85
33 88
33 95
34 41
34 46
34 54
34 83
35 44
35 55
35 84
35 87
35 95
36 45
36 47
36 57
36 59
36 80
36 88
37 49
37 58
37 77
37 80
37 82
37 86
38 50
38 79
39 70
39 79
39 83
39 87
39 90
40 49
40 56
40 79
40 81
41 55
41 60
41 66
41 68
41 87
41 92
41 93
42 46
42 50
42 51
42 58
42 65
42 79
42 80
42 81
42 84
42 88
42 90
42 93
42 98
43 54
43 61
43 99
44 53
44 57
44 79
44 95
44 97
45 48
45 70
45 88
45 99
46 73
46 76
46 86
46 87
46 93
47 67
47 79
47 87
48 59
48 88
48 94
49 59
49 81
49 84
49 91
50 52
50 64
50 69
50 77
50 88
51 56
51 60
51 63
51 80
51 92
52 59
52 66
52 73
52 83
52 87
52 88
52 99
53 54
53 66
53 86
53 93
53 95
53 99
54 63
54 70
54 77
54 79
54 93
54 94
54 96
55 66
56 58
56 68
56 76
56 84
56 91
57 75
57 84
57 85
57 86
58 59
58 85
58 97
59 95
60 67
60 70
60 81
60 93
60 96
61 67
61 68
61 69
61 91
62 70
62 75
62 84
62 98
63 64
63 76
63 80
63 86
63 87
64 75
64 77
65 87
65 90
66 75
66 83
66 85
66 95
66 97
66 99
67 93
68 74
68 83
68 86
68 98
69 73
70 71
70 80
71 78
71 85
71 90
71 94
72 74
72 75
72 77
73 99
74 75
74 76
74 87
75 83
75 85
75 94
76 97
77 82
77 86
77 88
77 98
78 93
78 95
78 99
79 86
79 95
80 88
81 89
81 93
81 95
82 95
82 96
84 96
85 98
86 95
86 99
87 88
87 95
89 97
90 99
92 95
93 98
93 99
98 99