100
463
0 21
0 28
0 46
0 47
0 63
0 67
0 72
0 79
1 13
1 16
1 29
1 48
1 52
1 82
1 83
1 93
1 98
2 5
2 17
2 25
2 31
2 32
2 38
2 44
2 48
2 71
2 73
2 81
2 87
2 89
3 7
3 14
3 18
3 25
3 42
3 61
3 71
3 86
3 88
3 90
3 92
4 86
4 96
5 19
5 28
5 43
5 53
5 61
5 79
5 84
5 90
5 98
6 9
6 25
6 27
6 29
6 39
6 40
6 55
6 65
7 15
7 31
7 36
7 42
7 57
7 86
8 14
8 25
8 42
8 45
8 46
8 48
8 63
8 74
8 81
8 89
8 90
8 91
9 31
9 42
9 45
9 58
9 82
9 85
9 98
10 12
10 18
10 25
10 39
10 49
10 66
10 96
11 29
11 30
11 38
11 44
11 53
11 59
11 69
11 71
11 72
11 94
11 97
11 99
12 27
12 36
12 46
12 72
12 80
12 89
12 93
12 94
13 51
13 61
13 68
13 87
13 88
14 19
14 38
14 45
14 47
14 54
14 79
14 93
15 40
15 47
15 48
15 50
15 52
15 55
15 56
15 77
15 91
15 99
16 19
16 20
16 38
16 47
16 53
16 61
16 64
16 69
16 77
16 78
16 79
16 83
16 88
16 89
16 95
17 45
17 48
17 64
17 67
17 76
17 80
17 95
18 25
18 62
18 73
18 86
18 91
18 93
18 95
19 59
19 62
19 70
19 74
19 82
19 96
19 99
20 23
20 24
20 25
20 27
20 30
20 33
20 48
20 74
21 51
21 58
21 70
21 85
21 87
21 99
22 35
22 37
22 45
22 70
22 76
22 97
23 26
23 65
23 74
23 78
23 80
23 85
23 87
23 94
24 52
24 64
25 47
25 60
25 77
25 83
25 89
25 91
25 93
25 98
26 34
26 52
26 76
26 85
26 89
26 93
27 43
27 46
27 48
27 50
27 53
27 78
27 83
27 84
27 96
28 36
28 37
28 54
28 55
28 66
28 79
28 81
28 85
29 68
29 85
29 97
30 31
30 41
30 46
30 49
30 63
30 68
30 92
30 94
31 43
31 55
31 75
31 89
31 97
32 45
32 55
32 65
32 72
32 86
33 47
33 56
33 73
33 76
33 78
33 79
33 81
33 82
33 91
33 96
34 47
34 54
34 57
34 63
34 66
34 69
34 71
34 81
34 96
35 53
35 54
35 60
35 63
35 90
36 41
36 53
36 68
36 80
36 84
36 91
37 48
37 73
37 77
38 44
38 57
38 76
38 81
38 85
39 51
39 65
39 79
39 80
39 81
40 43
40 58
40 73
40 78
40 79
40 98
41 56
41 60
41 83
41 86
41 87
41 95
41 96
41 98
42 43
42 67
42 72
43 46
43 60
44 45
44 83
44 85
44 92
44 93
45 46
45 58
45 61
45 87
45 98
46 65
46 85
47 59
47 71
48 69
48 70
48 84
48 95
49 60
49 65
49 68
49 79
49 95
50 54
50 59
50 63
50 66
50 68
50 70
50 85
51 67
51 73
51 82
51 88
51 89
52 54
52 61
52 75
52 76
52 90
52 98
53 55
53 67
53 78
53 80
53 82
53 90
53 95
53 98
54 66
54 69
55 61
55 64
55 70
55 92
56 72
56 81
56 84
56 89
56 96
56 99
57 64
57 74
57 99
58 68
58 71
58 73
58 75
58 81
58 85
58 94
59 83
59 93
59 97
60 72
60 92
60 94
61 66
61 73
61 79
61 91
62 69
62 76
62 82
62 88
62 92
63 65
63 74
63 81
64 83
64 94
65 72
65 88
66 76
66 78
66 85
66 98
67 68
67 76
67 84
68 72
68 73
68 77
68 86
68 91
69 73
69 79
69 99
70 77
70 81
70 99
71 84
71 97
72 95
73 75
73 88
73 91
74 75
74 87
74 94
75 76
75 80
75 87
76 77
76 90
77 89
77 92
77 93
77 95
78 96
79 83
79 84
79 86
79 91
79 93
79 94
80 84
80 97
84 92
85 88
85 94
86 88
86 91
88 89
89 92
91 96
91 97
92 93
94 98