100
521
0 10
0 19
0 23
0 24
0 27
0 33
0 45
0 97
1 11
1 21
1 38
1 48
1 82
1 86
1 90
2 14
2 15
2 23
2 33
2 65
2 90
3 15
3 17
3 34
3 63
3 67
3 71
3 76
3 88
3 92
3 97
4 20
4 21
4 25
4 38
4 41
4 43
4 63
4 76
5 6
5 10
5 20
5 44
5 50
5 61
5 68
5 73
5 86
5 99
6 8
6 20
6 31
6 35
6 38
6 44
6 58
6 61
6 85
7 8
7 25
7 56
7 59
7 89
7 90
8 15
8 18
8 26
8 28
8 35
8 47
8 49
8 63
8 68
8 91
8 92
8 94
9 15
9 34
9 54
9 55
9 72
9 81
9 92
10 24
10 27
10 29
10 34
10 48
10 63
10 66
10 68
10 70
10 80
10 97
11 16
11 24
11 30
11 43
11 48
11 50
11 57
11 72
11 79
11 91
12 21
12 24
12 39
12 40
12 43
12 44
12 47
12 56
12 74
12 97
13 32
13 33
13 39
13 68
13 73
13 83
13 94
14 24
14 40
14 41
14 43
14 45
14 49
14 59
14 60
14 97
15 28
15 32
15 33
15 39
15 42
15 47
15 55
15 81
15 84
15 92
16 18
16 28
16 31
16 33
16 53
16 73
16 76
16 93
17 55
17 66
17 67
17 74
17 75
18 28
18 47
18 48
18 56
18 73
18 74
18 75
18 88
18 95
19 34
19 41
19 43
19 50
19 52
19 57
19 67
19 78
19 82
19 86
19 88
19 95
19 97
19 98
20 50
20 64
20 70
20 98
21 30
21 32
21 49
21 58
21 60
21 87
21 95
22 33
22 41
22 49
22 52
22 60
22 69
22 81
22 82
22 84
22 90
23 24
23 25
23 27
23 37
23 43
23 46
23 48
23 54
23 55
24 37
24 55
24 74
25 28
25 40
25 45
25 51
25 58
25 71
25 74
25 97
25 98
26 40
26 73
26 76
26 80
26 99
27 32
27 37
27 40
27 66
27 77
28 29
28 34
28 42
28 46
28 51
28 52
28 59
28 60
28 71
28 75
28 95
29 34
29 48
29 60
29 68
29 76
29 79
29 80
29 89
30 42
30 46
30 47
30 52
30 53
30 59
30 66
30 70
30 76
30 80
30 81
30 93
30 99
31 52
31 55
31 60
31 61
31 93
31 95
31 96
32 48
32 52
32 53
32 69
32 79
32 88
32 95
33 66
33 79
33 85
33 88
34 48
34 52
34 64
34 87
34 93
34 97
35 42
35 64
35 90
36 49
36 62
36 63
36 67
36 69
36 77
36 80
36 83
36 90
36 91
37 54
37 66
37 72
37 74
37 76
37 81
37 89
38 50
38 79
38 88
39 51
39 52
39 56
39 58
39 65
39 82
39 87
40 48
40 79
40 86
40 93
40 94
41 57
41 76
41 77
41 79
41 84
41 88
41 98
42 53
42 74
42 79
43 54
43 58
43 59
43 62
43 81
43 88
44 45
44 48
44 50
44 59
44 63
44 77
45 53
45 54
45 58
45 60
45 85
45 86
45 92
46 50
46 56
46 81
46 83
46 85
46 95
46 96
46 97
46 98
47 57
47 72
47 74
47 76
48 54
48 75
48 86
48 98
49 70
49 78
49 83
49 84
49 86
49 90
49 99
50 61
50 65
50 69
50 80
50 85
50 87
51 52
51 53
51 54
51 58
51 69
51 73
51 74
51 75
51 92
52 71
52 89
53 59
53 77
53 79
53 89
53 91
53 97
54 56
54 60
54 70
54 75
54 94
54 95
55 75
55 78
55 80
55 81
56 62
56 65
56 71
56 81
56 84
56 91
56 93
56 95
57 60
57 61
57 71
57 74
57 81
57 85
57 92
57 99
58 70
58 72
58 84
58 86
58 92
59 64
59 82
59 87
59 91
59 95
60 68
60 89
60 90
60 92
61 64
61 94
62 77
62 78
62 89
62 91
62 93
62 96
63 65
63 94
64 82
64 91
64 99
65 73
65 77
65 79
65 82
65 86
65 91
66 67
66 71
66 83
66 89
66 93
66 98
67 69
67 71
67 84
67 85
67 95
68 74
69 86
69 91
69 96
69 97
70 87
70 94
71 74
71 78
71 81
71 90
71 97
72 79
72 92
73 76
73 78
73 84
73 88
73 93
74 85
74 91
75 79
75 85
75 93
76 83
76 85
76 86
76 98
77 80
77 86
77 92
77 93
77 99
78 79
78 94
78 99
80 81
80 98
81 82
81 90
82 97
82 99
83 97
84 86
84 96
84 99
85 86
85 87
85 96
87 93
87 99
89 91
90 91
91 92
92 98
93 97