100
486
0 29
0 49
0 69
0 75
0 80
0 85
1 3
1 9
1 13
1 14
1 16
1 20
1 38
1 48
1 60
1 65
1 68
1 70
1 84
1 87
2 5
2 10
2 13
2 61
2 72
2 76
3 10
3 19
3 21
3 22
3 32
3 52
3 56
3 68
4 11
4 17
4 27
4 35
4 36
4 37
4 58
4 74
4 78
4 79
4 88
4 91
5 7
5 24
5 25
5 29
5 30
5 31
5 36
5 44
5 49
5 51
5 60
5 61
5 67
5 68
5 73
5 75
5 78
5 86
6 17
6 24
6 31
6 32
6 43
6 50
6 51
6 55
6 74
6 80
6 86
6 97
7 12
7 19
7 21
7 30
7 46
7 48
7 60
7 75
7 97
8 12
8 28
8 40
8 76
8 84
8 88
8 91
8 99
9 21
9 30
9 38
9 43
9 55
9 58
9 64
9 86
10 45
10 56
10 60
10 66
10 93
11 14
11 15
11 29
11 33
11 43
11 44
11 63
11 73
11 87
11 96
12 19
12 29
12 39
12 43
12 45
12 48
12 49
13 14
13 24
13 29
13 38
13 52
13 86
14 18
14 28
14 36
14 49
14 61
14 68
14 78
14 80
15 16
15 23
15 37
15 40
15 58
15 63
15 69
15 75
15 79
15 88
15 98
16 24
16 44
16 45
16 52
16 57
16 62
16 67
16 72
16 75
16 78
17 21
17 25
17 33
17 37
17 38
17 39
17 50
17 58
17 62
17 89
17 93
18 24
18 36
18 40
18 45
18 57
18 60
18 63
18 71
18 87
18 88
18 98
19 25
19 32
19 40
19 51
19 54
19 80
20 36
20 40
20 56
20 82
21 27
21 38
21 61
21 63
21 72
21 81
21 94
22 23
22 36
22 41
22 51
22 56
22 78
22 85
23 47
23 54
23 59
23 63
23 79
23 87
23 89
23 90
24 25
24 45
24 54
24 56
24 64
24 65
24 75
24 83
24 91
24 99
25 42
25 52
25 54
25 65
25 75
25 84
25 85
26 54
26 66
26 78
26 86
27 38
27 48
27 50
27 63
27 70
27 74
28 44
28 62
28 66
28 78
28 79
28 83
28 98
29 41
29 43
29 64
29 69
29 75
29 80
29 88
30 41
30 54
30 59
30 73
30 74
30 90
30 98
31 40
31 55
31 63
31 71
31 86
32 80
32 81
32 91
32 99
33 42
33 44
33 48
33 55
33 61
33 81
34 38
34 59
34 62
34 63
34 79
34 89
34 93
35 53
35 76
35 96
36 40
36 45
36 51
36 53
36 67
36 71
36 73
36 94
37 46
37 60
37 68
37 75
37 83
37 88
38 45
38 89
38 91
38 92
38 98
39 41
39 42
39 58
39 59
39 94
40 42
40 53
40 60
40 72
40 86
40 93
41 65
41 81
41 82
41 84
41 89
41 92
41 94
41 99
42 53
42 61
42 65
42 68
42 77
42 78
42 83
42 87
43 51
43 57
43 60
43 86
43 98
44 64
44 65
44 70
44 71
44 76
44 86
44 88
44 94
45 47
45 59
45 60
45 64
45 65
45 75
45 83
45 93
46 48
46 64
46 79
46 84
46 98
47 50
47 62
47 66
47 68
47 78
47 82
47 91
48 56
48 61
48 70
48 73
48 91
48 94
49 67
50 57
50 61
50 73
50 77
50 80
50 94
50 96
51 61
51 72
51 83
51 90
51 97
52 62
52 64
53 59
53 94
53 95
53 97
54 71
54 76
54 84
55 64
55 68
55 78
55 82
55 83
55 86
55 93
55 99
56 61
56 64
56 65
56 82
56 84
56 92
57 62
57 69
57 85
58 68
58 71
58 80
58 93
58 95
59 75
59 78
59 89
59 94
60 67
60 77
60 86
60 90
60 94
60 98
61 67
61 75
61 98
62 64
62 67
62 77
62 81
62 92
62 99
63 64
63 77
64 80
65 66
65 76
65 78
65 92
65 94
65 99
66 70
66 81
66 90
67 69
67 73
67 85
67 89
67 98
68 75
68 86
68 96
68 98
69 82
69 84
70 93
71 91
71 93
71 96
72 86
73 80
74 78
74 85
74 94
75 80
75 98
75 99
76 87
76 89
76 94
77 79
77 97
78 83
79 89
79 96
81 90
81 91
84 86
86 93
86 99
87 93
87 97
90 97
93 96
95 97