100
488
0 2
0 4
0 12
0 19
0 46
0 62
0 74
0 78
0 86
0 88
0 89
1 5
1 14
1 15
1 19
1 35
1 42
1 55
1 58
1 60
1 68
1 71
1 85
1 86
2 19
2 26
2 49
2 65
2 72
2 79
2 85
2 94
2 96
3 11
3 14
3 15
3 29
3 35
3 38
3 48
3 55
3 68
3 78
3 98
4 7
4 17
4 23
4 24
4 26
4 27
4 50
4 60
4 64
4 81
4 91
4 95
5 12
5 22
5 27
5 28
5 35
5 36
5 42
5 49
5 71
5 74
5 82
5 83
6 12
6 25
6 52
6 53
6 71
7 10
7 14
7 22
7 26
7 28
7 32
7 34
7 41
7 65
7 67
7 78
7 95
8 31
8 63
8 73
8 76
8 99
9 16
9 18
9 27
9 36
9 52
9 59
9 65
9 90
9 94
9 98
10 22
10 24
10 50
10 67
10 98
11 15
11 38
11 41
11 46
11 47
11 51
11 54
11 55
11 60
11 61
11 74
12 21
12 28
12 36
12 47
12 86
12 93
13 15
13 19
13 21
13 23
13 27
13 33
13 79
14 15
14 52
14 54
14 66
15 16
15 30
15 33
15 35
15 38
15 51
15 52
15 53
15 62
15 74
15 82
15 87
16 34
16 35
16 48
16 59
16 68
16 88
16 98
17 33
17 47
17 59
17 69
18 23
18 30
18 44
18 62
18 68
18 71
18 75
18 88
18 89
19 28
19 36
19 40
19 58
19 70
19 73
19 76
20 25
20 53
20 61
20 65
20 77
20 84
20 96
21 26
21 40
21 43
21 44
21 46
21 47
21 57
21 68
21 77
21 82
22 23
22 28
22 32
22 38
22 41
22 78
22 87
22 90
23 42
23 54
23 69
23 77
23 80
23 86
23 93
23 96
24 32
24 39
24 54
24 62
24 70
24 77
24 81
24 82
24 86
24 91
24 96
25 38
25 67
25 88
25 92
25 98
25 99
26 28
26 39
26 43
26 46
26 51
26 55
26 58
26 84
26 99
27 32
27 41
27 51
27 62
27 64
27 66
27 68
27 77
27 88
28 34
28 41
28 55
28 56
28 60
28 62
28 74
28 81
28 90
28 98
29 40
29 54
29 69
29 82
29 88
30 47
30 49
30 61
30 62
30 66
30 74
30 76
30 81
30 87
30 89
31 32
31 65
31 83
31 93
31 99
32 33
32 34
32 73
32 75
32 98
33 38
33 41
33 64
33 74
33 93
34 35
34 53
34 72
34 79
34 83
35 40
35 42
35 64
35 83
36 37
36 58
36 62
36 63
36 65
36 76
36 85
36 90
36 92
36 99
37 49
37 56
37 70
37 88
38 40
38 43
38 48
38 55
38 79
38 86
38 87
39 50
39 63
39 71
39 74
39 80
39 86
40 45
40 48
40 52
40 62
41 42
41 48
41 55
41 62
41 67
41 83
41 85
41 92
42 43
42 44
42 54
42 57
42 60
42 67
42 83
43 46
43 78
44 46
44 47
44 51
44 59
44 72
44 75
44 76
44 91
45 75
46 55
46 57
46 76
46 85
46 88
46 89
47 58
47 67
47 89
48 56
48 61
48 69
48 82
49 60
49 65
49 70
49 72
49 80
50 51
50 67
50 71
50 73
50 98
51 60
51 92
51 93
51 97
52 57
52 77
52 81
52 82
53 63
53 69
53 72
53 75
53 80
53 87
53 91
53 95
53 99
54 55
54 69
54 71
54 79
54 81
54 89
55 68
55 72
55 77
55 84
55 89
55 94
55 96
55 99
56 64
56 66
56 87
56 90
57 62
57 73
57 75
58 59
58 60
58 67
58 68
58 88
58 96
59 60
59 61
59 95
60 63
60 65
60 68
60 84
61 62
61 82
61 85
61 93
61 94
61 97
62 66
62 80
62 99
63 79
63 89
64 78
64 89
65 67
65 74
65 86
65 91
65 93
66 70
66 81
66 91
66 99
67 69
67 71
67 73
67 91
68 73
69 95
69 99
70 77
70 86
70 99
71 72
71 73
71 88
72 95
72 97
73 86
73 94
74 79
74 86
74 90
76 87
78 90
78 93
78 95
79 87
80 85
82 86
82 89
83 95
84 87
84 89
84 93
84 95
84 98
84 99
85 96
86 96
87 90
88 91
88 99
89 93
90 93
91 92
91 93
93 98
97 99