100
495
0 5
0 7
0 23
0 24
0 25
0 38
0 60
0 71
0 77
0 91
0 96
1 3
1 6
1 14
1 33
1 44
1 46
1 75
1 82
1 91
1 92
2 29
2 32
2 50
2 63
2 73
2 75
2 78
2 98
3 7
3 8
3 20
3 21
3 27
3 29
3 32
3 36
3 37
3 41
3 44
3 46
3 52
3 56
3 68
3 90
3 99
4 16
4 17
4 38
4 50
4 52
4 77
4 97
5 38
5 41
5 42
5 45
5 56
5 63
5 67
5 74
5 86
6 10
6 19
6 22
6 36
6 58
6 68
6 80
6 90
7 13
7 32
7 43
7 61
7 66
7 69
7 93
8 35
8 47
8 75
8 91
9 13
9 25
9 29
9 33
9 47
9 54
9 55
9 58
9 63
9 70
9 73
9 89
10 19
10 22
10 46
10 50
10 62
10 64
10 69
10 77
10 83
10 90
10 99
11 26
11 27
11 28
11 30
11 53
11 68
11 82
11 84
11 85
12 18
12 20
12 27
12 30
12 65
12 83
12 84
13 33
13 44
13 46
13 50
13 59
13 72
13 99
14 24
14 32
14 47
14 49
14 53
14 56
14 61
14 80
14 81
14 82
14 84
14 91
14 97
15 20
15 24
15 26
15 35
15 38
15 39
15 43
15 69
15 78
15 95
16 28
16 30
16 64
16 65
16 73
16 81
16 85
16 93
16 97
17 67
17 68
17 81
18 30
18 40
18 48
18 59
18 66
18 78
18 79
18 83
18 84
19 27
19 29
19 51
19 62
19 72
19 86
19 87
19 96
20 42
20 65
20 67
20 74
20 85
20 86
20 97
21 48
21 54
21 69
21 85
21 89
21 97
21 98
22 24
22 26
22 31
22 37
22 41
22 44
22 52
22 56
22 78
22 79
22 95
23 37
23 48
23 57
23 94
24 57
24 61
24 90
24 98
25 32
25 35
25 42
25 57
25 64
25 72
25 79
25 85
26 35
26 46
26 52
26 53
26 54
26 74
26 77
26 78
26 80
26 97
27 31
27 33
27 51
27 55
27 57
27 76
27 77
27 82
27 94
28 29
28 45
28 56
28 67
28 70
28 74
28 75
28 97
29 53
29 65
29 70
29 86
29 88
29 91
30 41
30 48
30 63
30 87
31 38
32 59
32 60
32 66
32 70
32 72
32 81
32 82
33 54
33 72
33 78
33 86
33 87
34 51
34 62
34 66
34 69
35 36
35 58
35 67
35 72
35 74
35 94
35 95
36 38
36 51
36 53
36 63
36 74
36 88
37 39
37 56
37 57
37 72
37 73
37 77
37 80
37 90
37 97
38 46
38 60
38 84
38 87
38 88
38 89
39 40
39 51
39 52
39 69
40 57
40 92
40 97
41 47
41 49
41 50
41 53
41 59
41 74
41 76
41 81
41 90
42 48
42 54
42 57
42 77
42 83
42 84
42 99
43 60
43 64
43 71
43 84
44 45
44 54
44 61
44 67
44 69
44 94
44 95
45 52
45 55
45 56
45 60
45 76
45 77
45 92
45 95
46 49
46 52
46 54
46 56
46 60
46 61
47 50
47 54
47 70
47 74
47 78
47 81
48 56
48 57
48 72
48 73
48 74
48 76
48 79
48 85
48 86
49 55
49 91
50 54
50 59
50 61
50 74
50 76
50 78
50 79
51 53
51 58
51 71
51 79
51 93
51 96
52 64
52 80
53 55
53 64
53 66
53 74
53 92
54 58
54 76
54 77
54 82
54 83
55 62
55 63
55 66
55 69
55 71
55 86
55 97
56 67
56 76
56 91
56 95
56 98
57 72
57 89
58 69
58 79
58 83
59 60
59 65
59 80
59 81
59 86
59 88
59 95
59 96
59 97
60 69
60 87
61 64
61 68
61 76
61 79
61 85
61 91
61 98
62 97
63 65
63 72
63 81
63 94
64 69
64 85
65 71
65 84
65 99
66 73
66 77
66 78
66 84
67 72
67 78
67 83
67 91
68 94
69 74
69 87
69 88
69 91
70 82
70 83
70 84
70 90
71 84
72 83
72 89
72 95
72 96
72 99
73 82
74 80
74 86
74 94
74 98
75 77
75 83
76 88
78 99
79 94
79 95
80 91
80 93
80 94
81 92
81 93
82 84
82 86
82 95
83 86
83 88
83 91
83 93
83 98
85 86
85 89
85 96
87 92
90 92
90 93
90 96
90 98
92 94
95 98
96 97