100
467
0 7
0 10
0 16
0 20
0 28
0 36
0 37
0 41
0 45
0 56
0 59
0 73
0 87
0 96
1 14
1 21
1 34
1 39
1 40
1 54
1 75
1 87
2 8
2 9
2 10
2 18
2 21
2 48
2 61
2 69
2 81
2 91
2 96
2 99
3 7
3 9
3 21
3 31
3 46
3 48
3 59
3 69
3 75
3 81
3 87
4 5
4 16
4 35
4 51
4 60
4 81
5 7
5 9
5 28
5 33
5 43
5 70
5 77
5 79
6 10
6 27
6 34
6 38
6 58
6 61
6 63
6 66
6 79
6 80
6 92
7 9
7 16
7 26
7 28
7 32
7 35
7 41
7 55
7 88
7 99
8 10
8 32
8 45
8 47
8 51
8 59
8 67
8 71
8 79
9 10
9 15
9 19
9 22
9 25
9 35
9 52
9 59
9 61
9 63
9 74
9 75
9 78
10 21
10 32
10 43
10 61
10 73
10 79
10 84
10 85
10 86
10 93
11 20
11 22
11 24
11 41
11 46
11 50
11 52
11 66
11 77
11 84
11 97
12 26
12 44
12 45
12 59
12 66
12 84
13 37
13 44
13 63
13 82
13 84
13 87
14 24
14 27
14 40
14 76
15 35
15 36
15 42
15 43
15 51
15 53
15 64
15 73
15 74
15 84
15 85
16 21
16 44
16 51
16 53
16 55
16 56
16 58
16 62
16 65
16 77
16 85
16 87
16 93
16 97
17 20
17 34
17 38
17 42
17 45
17 51
17 63
17 79
17 82
18 24
18 33
18 36
18 37
18 44
18 71
18 77
18 89
19 22
19 24
19 35
19 40
19 46
19 49
19 58
19 71
19 91
20 36
20 60
20 69
20 80
21 31
21 41
21 52
21 55
21 64
21 72
21 90
22 34
22 42
22 57
22 83
23 26
23 56
23 57
23 58
23 60
23 61
23 79
23 89
23 90
23 92
24 35
24 41
24 43
24 67
24 74
24 79
24 85
24 93
24 99
25 35
25 44
25 49
25 86
25 88
26 50
26 51
26 55
26 99
27 48
27 63
27 67
27 72
27 81
27 90
28 65
28 72
28 96
28 99
29 45
29 54
29 77
29 82
30 47
30 59
30 65
30 86
31 38
31 47
31 48
31 49
31 61
31 63
31 67
31 71
31 77
31 80
31 87
31 95
31 96
31 98
32 38
32 53
32 55
32 70
32 85
33 40
33 74
33 76
33 79
33 86
34 56
34 71
34 76
34 79
34 81
35 53
35 54
35 61
35 73
36 53
36 65
36 72
36 83
36 95
36 96
36 98
37 39
37 40
37 46
37 47
37 50
37 51
37 53
37 74
38 48
38 67
38 73
38 75
38 80
38 84
39 45
39 46
39 48
39 53
39 55
39 63
39 67
39 74
39 79
39 94
40 59
40 74
40 78
40 94
41 46
41 54
41 68
41 77
41 84
41 92
42 49
42 50
42 56
42 68
43 47
43 57
43 62
43 73
43 88
44 48
44 49
44 51
44 96
45 85
46 67
46 90
47 50
47 55
47 65
47 73
47 90
47 94
48 77
48 79
48 86
48 90
49 57
49 70
49 89
50 52
50 71
50 90
50 91
51 57
51 63
51 72
51 78
51 86
51 90
51 95
52 90
53 60
53 71
53 85
53 89
54 62
54 79
54 80
54 84
55 60
55 80
55 94
56 66
56 78
56 92
56 94
57 75
57 79
57 81
57 94
58 62
58 68
58 84
58 91
58 93
59 91
59 96
60 74
60 84
60 93
61 71
61 74
61 77
61 98
63 72
63 78
64 65
64 89
65 67
65 92
66 68
66 75
66 88
66 89
66 97
67 78
67 80
67 86
68 75
68 76
68 80
69 72
70 76
70 77
70 89
70 92
70 94
71 79
71 89
71 90
71 98
71 99
72 75
72 80
72 81
74 91
75 79
75 86
76 95
77 78
77 81
77 83
77 91
78 80
78 84
78 87
78 94
79 89
79 98
80 99
81 82
81 84
81 86
81 95
82 88
82 94
83 86
83 91
83 93
83 96
83 99
84 88
84 93
87 97
88 97
89 93
89 99
90 93
92 94
94 96
95 96
95 98