100
482
0 8
0 24
0 60
0 62
0 63
0 67
0 78
0 86
0 93
0 96
0 98
1 4
1 13
1 23
1 25
1 28
1 38
1 40
1 43
1 44
1 46
1 52
1 55
1 79
1 90
1 93
2 36
2 41
2 43
2 56
2 63
2 65
2 94
3 13
3 15
3 27
3 64
3 79
3 82
4 9
4 13
4 15
4 19
4 27
4 48
4 64
4 69
4 88
5 14
5 19
5 21
5 25
5 57
5 87
6 23
6 27
6 37
6 47
6 50
6 51
6 59
6 60
6 62
6 71
6 73
6 80
6 95
7 22
7 29
7 94
8 12
8 17
8 28
8 38
8 45
8 51
8 67
8 87
8 95
8 96
9 14
9 16
9 25
9 27
9 30
9 53
9 59
9 68
9 72
9 87
10 11
10 22
10 29
10 38
10 48
10 65
10 86
10 88
10 98
11 54
11 65
11 69
11 70
12 13
12 20
12 23
12 27
12 32
12 62
12 64
12 68
12 85
12 95
12 97
12 98
12 99
13 18
13 20
13 27
13 33
13 46
13 50
13 54
13 83
13 92
14 23
14 33
14 34
14 47
14 61
14 63
14 92
14 97
15 25
15 35
15 47
15 48
15 73
15 75
15 77
15 90
15 98
16 28
16 48
16 56
16 60
16 80
16 83
16 96
17 25
17 37
17 46
17 49
17 50
17 55
17 56
17 63
17 69
17 70
17 71
17 91
17 96
18 30
18 58
18 60
18 61
18 65
18 79
18 84
19 31
19 56
19 63
19 64
19 67
19 75
19 82
19 93
20 22
20 36
20 57
20 62
20 70
20 78
20 81
20 83
20 88
20 90
21 31
21 67
21 70
21 79
21 85
21 90
21 91
21 94
22 27
22 54
22 64
22 66
22 78
22 91
23 68
23 72
23 79
23 82
23 88
23 90
24 43
24 45
24 56
24 65
25 46
25 48
25 60
25 74
25 75
25 84
25 91
25 99
26 52
26 66
26 77
27 28
27 31
27 38
27 58
27 60
27 61
27 63
27 71
27 80
27 82
28 33
28 34
28 54
28 57
28 88
28 89
28 90
28 98
29 99
30 64
30 86
30 87
30 98
31 33
31 53
31 76
31 89
31 97
32 45
32 47
32 87
32 99
33 36
33 43
33 59
33 65
33 83
33 97
34 36
34 41
34 53
34 63
34 81
34 88
34 89
34 94
34 99
35 55
35 63
35 83
35 91
35 92
36 38
36 39
36 46
36 48
36 53
36 55
36 62
36 63
36 65
36 73
36 77
36 85
36 99
37 46
37 53
37 58
37 59
37 63
37 72
37 75
37 81
37 89
37 90
38 45
38 47
38 58
38 84
38 97
39 51
39 54
39 81
39 87
39 97
40 42
40 53
40 56
40 59
40 61
40 62
40 64
40 67
40 71
40 92
41 44
41 47
41 75
41 82
42 45
42 69
42 80
42 86
43 57
43 74
43 85
43 92
44 50
44 56
44 70
45 54
45 63
45 84
45 99
46 47
46 49
46 56
46 68
46 88
47 48
47 52
47 54
47 59
47 62
47 78
47 84
48 68
48 98
49 54
49 62
49 68
49 83
49 91
50 70
50 85
50 92
51 54
51 57
51 74
51 75
51 84
51 90
52 69
52 70
52 81
52 83
52 92
53 57
53 67
53 69
53 71
53 78
53 79
53 89
53 99
54 73
54 80
54 90
55 58
55 59
55 82
56 60
56 64
56 66
56 67
56 78
56 80
56 90
57 68
57 69
57 73
57 74
57 91
58 79
58 87
58 89
58 91
59 60
59 65
59 70
59 79
59 95
60 63
60 83
61 65
61 88
62 74
62 89
62 93
63 64
63 75
63 82
63 84
63 85
63 89
63 99
64 66
65 66
65 67
65 68
65 77
65 89
65 98
66 73
66 96
66 97
67 81
67 88
67 96
68 70
68 72
68 79
68 80
68 92
68 99
69 78
69 79
69 87
69 90
69 95
70 75
70 76
70 81
70 86
70 91
71 96
72 74
72 76
72 97
72 99
73 83
73 85
74 96
76 83
76 87
76 88
78 79
79 97
80 86
81 86
82 98
83 90
84 92
84 98
85 89
85 98
86 89
86 91
86 95
87 94
87 95
88 95
88 98
90 98
91 94
91 96
92 93
93 94
97 98
97 99