100
475
0 2
0 4
0 17
0 20
0 33
0 87
0 96
1 11
1 19
1 24
1 36
1 43
1 47
1 60
1 65
1 69
1 72
1 77
1 79
2 7
2 9
2 12
2 30
2 34
2 38
2 41
2 47
2 48
2 49
2 73
2 75
2 80
2 86
3 6
3 16
3 20
3 42
3 54
3 61
3 82
3 83
3 87
3 99
4 9
4 16
4 30
4 33
4 45
4 54
4 63
4 65
4 84
4 86
4 89
4 99
5 13
5 18
5 27
5 32
5 52
5 63
5 73
5 85
5 90
5 91
5 94
6 10
6 24
6 29
6 45
6 56
6 77
6 85
6 94
7 13
7 35
7 36
7 38
7 49
7 50
7 51
7 57
7 68
7 83
7 92
7 96
8 15
8 30
8 44
8 52
8 60
8 80
8 83
8 84
8 98
9 16
9 24
9 45
9 49
9 54
9 62
9 87
9 88
9 92
10 51
10 55
10 62
10 71
11 14
11 26
11 30
11 48
11 64
11 66
11 90
11 95
11 96
11 97
12 22
12 32
12 33
12 62
12 69
12 70
12 89
12 98
13 20
13 37
13 47
13 72
13 74
13 86
13 93
13 95
14 35
14 36
14 79
14 84
14 98
15 25
15 26
15 31
15 37
15 42
15 43
15 45
15 49
15 86
15 95
16 23
16 30
16 34
16 45
16 53
16 55
16 57
16 74
16 77
16 87
16 91
16 96
16 98
17 34
17 57
17 66
17 77
17 79
18 28
18 30
18 33
18 43
18 65
18 76
19 39
19 41
19 67
19 81
19 92
20 23
20 59
20 60
20 69
20 74
21 37
21 77
21 82
21 83
21 85
21 88
21 94
21 97
22 33
22 44
22 46
22 54
22 58
22 82
22 96
23 54
23 55
23 86
23 89
23 90
23 95
24 25
24 26
24 35
24 41
24 68
24 78
24 94
24 98
24 99
25 43
25 49
25 54
25 59
25 62
25 67
25 72
25 73
25 75
25 92
26 55
26 68
26 72
26 79
26 80
26 84
27 42
27 48
27 49
27 56
27 58
27 61
27 65
27 72
27 78
27 79
27 85
27 99
28 34
28 44
28 45
28 48
28 98
29 61
29 72
29 74
29 79
29 81
29 91
29 95
30 36
30 40
30 44
30 50
30 76
30 83
30 95
30 98
31 34
31 44
31 70
31 81
31 98
32 49
32 78
33 34
33 53
34 63
34 68
34 73
34 74
34 87
34 99
35 57
35 64
35 79
35 81
35 82
36 37
36 42
36 51
36 66
36 69
36 79
36 81
37 53
37 57
37 65
37 70
37 83
37 93
38 42
38 58
38 66
38 68
38 73
38 93
39 40
39 45
39 51
39 54
39 55
39 56
39 60
39 62
39 69
39 74
39 78
39 84
39 85
39 86
39 88
39 89
40 59
40 74
40 82
40 87
40 93
41 46
41 64
41 66
41 74
41 84
41 91
41 94
42 44
42 48
42 54
42 62
42 72
42 74
42 91
43 57
43 70
43 84
44 45
44 67
44 69
44 71
44 81
44 83
45 52
45 53
46 74
46 80
46 82
47 85
48 59
48 65
48 69
48 84
48 96
49 52
49 74
49 77
49 93
49 95
50 55
50 62
50 68
50 85
50 88
51 59
51 86
51 90
52 54
52 65
52 87
53 55
53 83
54 62
54 68
54 92
54 97
55 61
55 69
55 73
55 76
55 77
55 94
56 60
56 89
57 65
57 80
57 88
57 97
58 63
58 66
58 70
58 72
58 79
58 98
59 67
59 77
59 96
60 62
60 76
60 99
61 67
61 72
61 74
61 90
63 68
63 71
63 78
63 80
63 89
65 78
65 79
65 85
65 86
65 89
66 72
66 77
66 78
66 81
66 88
66 95
67 71
67 94
68 72
68 84
68 94
68 99
69 70
69 74
69 76
69 79
69 99
70 73
70 84
70 86
70 97
70 98
71 72
71 88
72 81
72 84
72 95
73 77
73 89
73 92
74 85
74 88
74 89
74 90
74 94
75 83
76 77
76 83
77 78
77 95
78 84
79 86
79 90
79 99
80 87
80 90
81 84
81 87
81 96
82 93
83 96
84 88
84 98
85 95
86 90
86 97
90 91
90 96
91 98
95 96