100
491
0 11
0 21
0 28
0 40
0 46
0 51
0 70
0 77
0 97
1 9
1 15
1 18
1 34
1 38
1 53
1 56
1 65
1 67
1 74
1 87
1 96
2 5
2 12
2 17
2 33
2 41
2 44
2 54
2 57
2 62
2 74
2 93
2 95
3 16
3 20
3 34
3 36
3 59
3 66
3 70
3 76
3 79
3 85
4 13
4 28
4 58
4 66
4 72
5 11
5 23
5 40
5 45
5 49
5 50
5 82
5 90
5 94
6 14
6 30
6 78
6 84
6 97
7 21
7 43
7 45
7 53
7 73
7 78
8 13
8 15
8 37
8 40
8 44
8 89
8 97
9 13
9 40
9 78
9 84
10 18
10 19
10 25
10 56
10 59
10 68
10 72
10 90
11 42
11 57
11 61
11 73
12 21
12 28
12 42
12 51
12 52
12 64
12 78
12 80
12 83
12 87
12 98
13 21
13 27
13 64
13 69
13 86
14 28
14 33
14 59
14 63
14 86
14 95
15 31
15 36
15 40
15 42
15 56
15 58
15 59
15 90
15 97
16 21
16 22
16 25
16 33
16 45
16 52
16 55
16 57
16 86
16 94
16 98
17 31
17 46
17 52
17 58
17 74
17 83
18 24
18 30
18 40
18 55
18 59
18 62
18 66
18 85
18 96
18 98
19 20
19 21
19 40
19 54
19 59
19 67
19 70
19 87
19 90
19 94
20 23
20 28
20 32
20 35
20 41
20 46
20 70
20 73
20 93
20 98
21 22
21 24
21 34
21 51
21 77
21 84
21 91
22 37
22 71
22 84
22 96
23 43
23 58
23 63
24 30
24 32
24 33
24 37
24 41
24 44
24 46
24 55
24 58
24 71
24 81
24 93
25 27
25 30
25 34
25 48
25 53
25 68
25 70
25 75
26 30
26 34
26 78
26 81
26 82
27 32
27 45
27 53
27 63
27 64
27 72
27 88
27 92
28 31
28 39
28 43
28 45
28 49
28 66
28 67
28 80
28 89
29 41
29 50
29 53
29 67
29 74
29 79
29 91
29 98
30 37
30 66
30 68
30 72
30 78
31 34
31 43
31 48
31 73
31 78
31 93
31 99
32 36
32 42
32 47
32 51
32 58
32 66
32 68
32 69
32 74
32 75
32 85
33 48
33 52
33 56
33 79
33 87
34 39
34 44
34 55
34 60
34 62
34 66
34 79
34 90
35 40
35 41
35 73
35 91
35 92
36 46
36 56
36 77
36 79
36 97
37 46
37 50
37 51
37 52
37 70
37 72
37 79
37 90
38 39
38 41
38 49
38 50
38 53
38 67
38 83
38 89
39 46
39 48
39 52
39 63
39 73
39 86
39 89
40 51
40 69
40 73
40 89
40 92
40 99
41 54
41 69
41 70
41 75
41 78
41 87
41 91
41 95
42 43
42 46
42 49
42 50
42 55
42 66
42 76
42 99
43 47
43 48
43 54
43 97
44 48
44 66
44 71
44 73
44 74
44 79
44 85
44 98
44 99
45 66
45 82
45 90
46 53
46 59
46 62
46 67
46 90
46 94
47 49
47 62
47 64
47 65
47 69
47 75
47 83
47 87
47 91
47 99
48 68
48 80
49 53
49 58
49 62
49 70
49 80
49 84
50 58
50 61
50 67
50 82
50 85
50 88
50 93
50 94
50 95
51 59
51 70
51 78
51 84
51 88
52 72
52 77
52 80
52 89
52 92
53 64
53 75
53 83
53 89
53 94
53 97
54 55
54 59
54 61
54 62
54 64
54 66
54 73
55 56
55 62
55 67
55 73
55 79
55 86
55 90
55 94
56 65
56 66
56 73
56 83
56 85
57 88
58 69
58 72
58 74
58 78
58 80
58 82
58 96
59 67
59 72
59 74
60 63
60 68
60 74
60 94
61 82
61 83
62 79
62 81
62 99
63 70
63 74
63 85
63 93
64 68
64 74
64 77
64 78
64 95
64 97
64 98
65 74
65 81
65 94
65 97
66 77
67 84
67 89
68 70
68 90
69 70
69 72
71 72
71 74
71 82
71 88
71 96
72 86
72 95
72 96
73 78
73 79
73 83
74 79
74 83
75 86
75 96
76 80
77 96
78 87
79 82
79 93
81 86
81 87
81 92
82 84
82 89
82 98
83 87
83 91
83 97
87 96
87 99
89 90
89 92
90 92
91 99
92 96
93 96
94 96
95 96
97 98