100
509
0 1
0 7
0 20
0 21
0 22
0 23
0 32
0 38
0 70
0 79
0 83
0 93
1 7
1 18
1 19
1 32
1 35
1 46
1 79
1 91
2 14
2 32
2 33
2 37
2 51
2 52
2 56
2 59
2 71
2 74
2 88
3 23
3 52
3 60
3 76
3 88
3 96
4 22
4 29
4 32
4 39
4 52
4 67
4 70
4 72
4 92
4 96
5 8
5 26
5 28
5 31
5 60
5 88
5 89
6 9
6 25
6 36
6 54
6 59
6 72
6 75
6 86
7 25
7 33
7 37
7 47
7 50
7 66
7 80
7 89
8 16
8 40
8 45
8 47
8 51
8 55
8 65
8 83
8 85
8 87
8 94
8 95
9 24
9 40
9 62
9 72
9 96
10 26
10 55
10 70
10 85
10 97
11 12
11 14
11 17
11 26
11 37
11 46
11 48
11 52
11 55
11 56
11 65
11 84
11 93
11 94
12 18
12 38
12 46
12 49
12 57
12 66
12 71
12 87
12 90
12 93
13 14
13 19
13 20
13 22
13 25
13 34
13 36
13 39
13 47
13 50
13 60
13 71
13 72
14 15
14 17
14 25
14 33
14 38
14 39
14 52
14 57
14 70
14 81
14 82
14 86
14 87
14 93
15 17
15 19
15 21
15 35
15 36
15 42
15 49
15 50
15 54
15 59
15 63
15 68
15 71
15 78
15 91
15 98
16 25
16 33
16 35
16 46
16 54
16 55
16 66
16 91
16 98
17 23
17 28
17 47
17 50
17 58
17 60
17 70
17 73
17 86
18 32
18 56
18 64
18 67
18 85
18 94
18 98
19 29
19 31
19 34
19 63
19 81
19 91
20 33
20 42
20 45
20 48
20 67
20 79
20 89
20 93
20 96
20 99
21 24
21 46
22 25
22 26
22 27
22 35
22 49
22 58
22 71
22 72
22 89
22 96
22 97
23 34
23 37
23 39
23 45
23 57
23 60
23 65
23 82
24 25
24 30
24 34
24 40
24 44
24 46
24 48
24 57
24 70
24 75
24 84
24 90
24 94
24 99
25 32
25 34
25 45
25 47
25 54
25 55
25 71
26 34
26 37
26 48
26 55
26 60
26 90
26 91
26 92
27 34
27 39
27 45
27 51
27 71
28 33
28 42
28 46
28 63
28 65
28 74
28 89
29 34
29 36
29 38
29 60
29 71
29 76
29 80
30 36
30 43
30 60
30 76
30 77
30 82
31 53
31 76
31 80
31 87
31 92
32 36
32 37
32 69
32 88
32 93
32 97
32 99
33 35
33 43
33 47
33 99
34 48
34 63
34 70
34 80
34 88
34 90
34 94
34 96
34 98
35 48
35 57
35 60
35 64
35 68
35 71
35 75
35 81
35 88
36 52
36 61
36 65
36 66
36 71
36 76
36 78
36 80
36 90
37 54
37 55
37 61
37 84
37 87
38 67
38 76
38 85
38 87
38 93
39 42
39 51
39 52
39 73
39 83
39 86
39 94
39 96
40 45
40 57
40 68
40 71
40 81
40 86
41 52
41 60
41 62
41 74
42 52
42 62
42 70
42 83
42 90
42 99
43 47
43 54
43 64
43 81
43 84
43 85
43 89
43 92
43 97
43 99
44 62
44 63
44 64
44 97
45 56
45 71
45 73
45 84
45 94
46 52
46 54
46 56
46 75
46 93
46 97
47 51
47 52
47 55
47 58
47 64
47 74
47 75
47 82
47 83
47 85
47 89
48 64
48 76
48 80
48 87
48 94
49 62
49 76
49 79
49 89
50 75
50 78
50 86
51 61
51 62
51 65
51 77
51 78
51 92
52 53
52 56
52 72
52 76
52 91
52 94
53 59
53 65
53 67
53 98
54 69
54 92
55 57
55 61
55 62
55 73
55 78
55 79
56 60
56 65
56 68
56 74
56 84
56 94
57 65
57 77
57 88
58 59
58 65
58 66
58 68
58 76
58 83
58 89
59 71
59 99
60 67
60 71
60 74
60 76
60 83
60 93
60 98
61 71
61 78
61 91
61 95
62 66
62 74
63 78
63 90
64 71
64 87
64 98
65 68
66 80
66 85
66 87
67 70
67 75
67 89
67 92
67 96
68 72
69 80
70 75
70 87
70 88
71 79
71 88
71 93
71 95
71 98
72 91
73 77
73 83
73 87
73 96
74 77
74 85
74 98
75 81
75 88
75 89
75 91
76 85
76 98
77 86
77 97
78 97
79 80
80 83
81 96
83 89
84 92
86 97
88 92
89 96
89 99
91 97
93 96
93 98
94 99