100
477
0 33
0 38
0 59
0 67
0 87
0 88
1 5
1 6
1 9
1 22
1 54
1 60
1 70
1 78
2 3
2 41
2 52
2 56
2 60
2 66
2 74
3 9
3 15
3 18
3 29
3 41
3 58
3 69
4 27
4 44
4 51
4 56
4 58
4 65
4 66
4 98
5 6
5 16
5 20
5 24
5 34
5 48
5 69
5 74
5 95
6 13
6 20
6 25
6 42
6 43
6 44
6 46
6 57
6 65
6 70
6 72
6 78
6 85
7 15
7 45
7 62
7 82
7 85
8 22
8 24
8 31
8 32
8 44
8 46
8 66
8 79
8 84
8 92
8 96
9 13
9 15
9 24
9 52
9 60
9 62
9 76
9 88
9 91
9 96
10 17
10 24
10 30
10 37
10 46
10 53
10 58
10 67
10 80
10 90
10 91
10 98
11 24
11 26
11 55
11 80
11 94
12 22
12 27
12 56
12 74
12 80
12 84
12 88
12 95
13 24
13 25
13 42
13 43
13 45
13 49
13 59
13 77
13 85
13 93
13 97
14 22
14 24
14 42
14 61
14 65
14 85
14 87
15 22
15 30
15 47
15 50
15 63
15 75
15 94
16 23
16 28
16 53
16 59
16 62
16 69
17 20
17 28
17 29
17 43
17 55
17 73
17 83
17 86
17 90
18 21
18 31
18 47
18 48
18 78
18 83
18 99
19 21
19 28
19 30
19 37
19 46
19 59
19 74
20 25
20 34
20 53
20 55
20 60
21 57
21 65
21 76
21 82
21 86
21 97
22 53
22 65
22 78
22 80
22 81
23 34
23 47
23 61
23 62
23 72
23 75
23 77
23 80
23 81
24 31
24 39
24 42
24 63
24 81
24 85
24 89
25 33
25 39
25 43
25 54
25 58
25 73
25 88
26 30
26 66
26 70
26 77
26 79
26 82
26 86
26 96
26 99
27 52
27 55
27 56
27 83
27 86
27 92
27 94
27 99
28 32
28 36
28 46
28 60
28 71
28 84
28 87
29 39
29 55
29 65
29 74
30 43
30 49
30 56
30 63
30 72
30 74
30 78
30 92
30 98
31 39
31 50
31 82
31 88
31 89
31 93
31 95
32 50
32 51
32 65
32 83
32 89
33 40
33 49
33 64
33 75
33 78
33 80
33 84
33 99
34 40
34 61
34 64
34 90
34 95
34 99
35 65
35 66
35 69
35 96
36 51
36 64
36 76
36 78
36 86
36 90
37 42
37 49
37 52
37 67
37 72
37 75
37 87
37 95
38 46
38 52
38 93
38 95
39 46
39 54
39 61
39 64
39 69
39 80
39 85
39 91
39 93
40 41
40 43
40 47
40 58
40 62
40 88
41 50
41 60
41 71
41 78
41 81
41 97
42 46
42 52
42 54
42 56
42 57
42 64
42 82
42 93
43 51
43 56
43 57
43 66
43 68
44 61
44 75
45 52
45 64
45 95
45 97
46 52
46 65
46 69
47 50
47 67
47 84
47 87
47 96
48 50
48 51
48 53
48 63
48 80
48 96
49 61
49 98
50 52
50 53
50 58
50 59
50 60
50 75
50 82
50 91
50 99
51 52
51 57
51 61
51 71
51 83
51 85
51 87
51 93
52 54
52 65
52 71
52 74
52 80
52 85
52 88
52 91
53 70
53 72
53 73
53 77
53 94
53 98
54 57
54 73
54 76
54 78
54 88
54 96
55 61
55 64
55 72
55 75
55 86
55 89
56 59
56 61
56 69
56 95
56 96
56 98
57 70
57 87
57 95
57 98
59 67
59 78
59 79
59 80
59 82
59 91
60 73
60 77
60 88
60 91
61 77
61 91
62 85
62 92
62 98
63 64
63 86
63 87
63 90
63 99
64 74
64 77
64 82
64 90
64 97
65 85
65 99
66 84
66 89
66 93
66 95
67 74
68 73
68 80
69 71
69 80
69 85
69 95
69 98
70 78
71 80
71 82
72 73
72 74
72 75
72 81
72 95
73 82
73 84
74 88
74 97
74 99
75 93
75 96
76 81
76 83
76 97
77 82
77 94
77 95
77 97
77 98
78 91
80 99
81 90
81 98
83 89
83 92
83 93
83 95
83 96
84 94
87 89
87 90
87 95
90 92
90 94
90 97
91 93
92 96
94 96