100
509
0 1
0 17
0 19
0 30
0 48
0 49
0 61
0 63
0 71
0 76
0 79
0 97
1 43
1 54
1 74
1 76
2 10
2 15
2 16
2 18
2 20
2 28
2 30
2 32
2 42
2 47
2 55
2 69
2 72
2 86
3 14
3 25
3 36
3 42
3 45
3 54
3 57
3 58
3 82
3 84
3 90
3 91
3 99
4 17
4 20
4 21
4 31
4 39
4 52
4 56
4 57
4 68
4 74
4 78
4 86
4 95
5 11
5 16
5 20
5 21
5 35
5 44
5 46
5 71
5 83
5 91
5 94
6 23
6 30
6 46
6 48
6 65
6 68
6 74
6 91
6 96
7 44
7 46
7 50
7 72
7 76
7 96
8 24
8 33
8 34
8 38
8 60
8 63
8 66
8 70
8 80
8 82
8 87
8 92
8 94
8 96
9 10
9 14
9 38
9 44
9 56
9 71
10 12
10 23
10 31
10 50
10 68
10 71
10 75
10 80
10 94
11 16
11 27
11 29
11 31
11 36
11 38
11 41
11 48
11 55
11 63
11 66
11 87
11 96
12 16
12 39
12 42
12 50
12 73
12 84
12 86
12 87
12 88
13 27
13 31
13 41
13 50
13 58
13 65
13 66
13 70
13 77
13 82
13 87
14 19
14 31
14 45
14 46
14 60
14 63
14 67
14 72
14 79
14 81
14 95
15 67
15 97
15 98
16 19
16 25
16 43
16 44
16 49
16 54
16 57
16 64
16 66
16 70
16 76
16 98
17 34
17 73
17 82
17 98
18 29
18 47
18 48
18 54
18 66
18 81
18 86
18 95
19 27
19 45
19 47
19 50
19 69
19 87
19 92
19 94
20 21
20 22
20 24
20 34
20 50
20 52
20 54
20 58
20 80
21 55
21 91
21 97
22 24
22 26
22 32
22 37
22 38
22 57
22 59
22 71
22 78
22 97
23 82
23 94
24 26
24 28
24 65
24 68
24 94
24 96
25 29
25 36
25 56
25 89
26 32
26 38
26 43
26 58
26 66
26 72
26 78
26 84
26 85
27 29
27 44
27 45
27 51
27 56
27 73
27 74
27 75
27 81
27 93
28 29
28 55
28 64
28 65
28 67
28 79
28 88
28 98
29 30
29 41
29 70
29 71
29 81
29 85
29 91
29 95
30 37
30 38
30 39
30 56
30 72
30 73
30 81
30 86
30 88
30 92
30 96
30 97
31 59
31 62
31 64
31 68
31 69
31 89
31 93
32 34
32 36
32 78
32 79
32 83
33 58
33 84
33 96
34 35
34 40
34 50
34 60
34 61
34 66
34 74
34 76
34 85
34 88
35 38
35 55
35 56
35 62
35 71
35 79
35 81
36 51
36 54
36 56
36 57
36 64
36 77
36 83
37 44
37 53
37 64
37 70
37 73
37 86
37 91
37 96
38 40
38 76
38 84
39 59
39 75
39 88
39 93
40 89
41 62
41 71
41 73
41 81
41 85
41 86
41 92
41 95
41 96
42 44
42 55
42 57
42 67
42 78
42 81
42 98
43 49
43 68
43 75
43 88
43 92
44 57
44 64
44 76
44 84
44 85
44 86
44 91
44 93
44 94
44 97
45 48
45 50
45 65
45 75
45 82
45 85
45 92
45 94
46 56
46 58
46 62
46 69
46 70
46 71
46 74
46 93
46 96
47 50
47 55
47 62
47 91
47 94
47 99
48 51
48 60
48 63
48 71
48 73
48 78
48 97
49 54
49 83
50 52
51 52
51 70
51 77
51 88
51 91
52 57
52 63
52 64
52 75
52 91
52 92
53 55
53 56
53 58
53 60
53 61
53 67
53 69
53 88
53 93
54 55
54 60
54 72
54 73
54 74
54 85
54 92
55 75
55 82
55 91
56 65
56 70
56 79
56 90
56 93
57 58
57 59
57 69
57 78
57 87
58 87
59 67
59 74
59 94
60 79
60 98
61 62
61 63
61 66
61 85
62 67
62 76
62 79
62 82
62 91
63 64
63 66
63 80
63 84
63 90
63 95
64 68
64 76
64 94
64 99
65 68
65 95
65 96
65 97
66 75
66 81
67 95
68 71
68 85
69 87
69 89
69 90
69 95
70 78
70 85
71 73
71 75
71 76
71 79
71 88
71 93
71 95
72 75
72 81
73 83
74 90
74 92
74 99
75 82
75 90
76 88
76 99
79 89
79 91
79 99
80 84
80 85
80 89
80 97
81 84
82 90
83 96
83 99
84 97
86 92
86 93
87 92
87 96
88 99
89 96
90 92
90 96
90 97
95 99