100
502
0 3
0 23
0 50
0 56
0 57
0 65
1 22
1 28
1 31
1 41
1 45
1 59
1 64
1 75
1 76
1 78
1 79
1 85
1 86
1 87
1 89
1 91
1 93
1 98
2 8
2 12
2 13
2 24
2 25
2 27
2 52
2 87
2 96
3 11
3 48
3 75
3 85
3 91
3 93
4 9
4 26
4 43
4 56
4 84
4 86
4 90
5 8
5 12
5 17
5 18
5 22
5 23
5 27
5 60
5 63
5 77
5 96
6 15
6 34
6 44
6 45
6 92
7 16
7 29
7 31
7 34
7 35
7 66
7 71
7 73
7 76
7 97
7 99
8 26
8 42
8 69
8 71
8 74
8 75
8 77
8 89
9 12
9 18
9 24
9 36
9 38
9 52
9 64
10 17
10 18
10 34
10 49
10 50
10 53
10 71
10 80
10 90
10 95
11 38
11 57
11 90
11 93
11 96
12 26
12 38
12 43
12 44
12 57
12 62
12 65
12 70
12 91
13 15
13 20
13 32
13 40
13 47
13 62
13 69
13 85
13 95
14 19
14 38
14 59
14 83
15 22
15 29
15 38
15 40
15 41
15 47
15 59
15 72
15 73
15 77
15 80
16 23
16 44
16 45
16 52
16 65
16 67
16 91
17 29
17 32
17 42
17 54
17 60
17 67
17 83
17 84
17 91
17 92
18 32
18 39
18 44
18 51
18 56
18 59
18 68
18 95
19 20
19 22
19 27
19 28
19 32
19 33
19 36
19 56
19 57
19 64
19 82
19 83
19 86
19 96
20 27
20 31
20 45
20 54
20 59
20 64
20 71
20 78
20 81
20 82
20 98
21 25
21 36
21 52
21 60
21 73
21 79
21 88
21 94
22 27
22 34
22 35
22 44
22 67
22 68
22 76
22 84
22 94
23 43
23 64
23 66
23 73
23 82
24 30
24 32
24 40
24 63
24 86
24 92
25 27
25 52
25 53
25 60
25 61
25 69
26 33
26 44
26 46
26 58
26 67
26 68
26 76
26 77
27 32
27 47
27 55
27 72
27 77
27 94
27 99
28 53
28 60
28 62
28 68
28 71
28 86
29 32
29 50
29 57
29 63
29 64
29 75
29 85
29 90
29 92
30 32
30 63
30 76
30 80
30 98
31 39
31 40
31 42
31 46
31 48
31 68
31 90
32 40
32 47
32 56
32 60
32 70
32 75
32 81
33 37
33 82
33 89
34 40
34 54
34 59
34 69
34 72
35 50
35 64
35 70
35 88
35 93
35 96
36 38
36 61
36 67
36 71
36 99
37 41
37 52
37 57
37 62
37 82
37 90
38 39
38 45
38 47
38 50
38 83
38 89
39 46
39 50
39 53
39 70
39 92
40 55
40 60
40 70
40 76
40 95
41 51
41 54
41 77
41 83
41 95
42 44
42 48
42 69
42 80
42 90
42 91
43 45
43 46
43 52
43 55
43 66
43 70
43 90
43 94
44 46
44 55
44 56
44 57
44 60
44 74
44 84
44 91
44 98
45 48
45 53
45 60
45 79
46 50
46 54
46 62
46 79
46 83
46 92
47 70
47 94
48 55
48 63
48 64
48 73
48 78
48 80
48 90
49 56
49 64
49 67
49 76
49 96
50 54
50 68
50 73
50 84
50 90
51 52
51 68
51 75
51 78
51 88
51 94
51 96
51 99
52 53
52 62
52 73
52 76
52 77
53 54
53 61
53 62
53 78
53 84
53 88
54 58
54 78
54 99
55 65
55 94
55 99
56 58
56 62
56 66
56 90
56 93
57 66
57 70
57 71
57 91
58 61
58 73
58 74
58 83
58 91
58 97
58 99
59 62
59 66
59 71
59 72
59 74
59 77
59 81
60 67
60 83
60 84
60 85
60 98
61 76
61 92
62 70
62 75
62 88
63 67
63 69
63 74
63 84
63 97
64 74
64 78
64 88
64 90
64 92
65 73
65 84
65 86
65 89
66 68
66 81
66 95
66 99
67 69
67 73
67 74
67 87
67 89
67 93
68 72
68 88
69 76
69 95
70 72
70 74
70 81
70 99
71 78
71 88
71 94
72 80
72 84
72 86
72 89
73 74
73 92
73 93
73 95
73 97
73 98
73 99
74 82
74 86
75 93
76 78
77 93
78 79
78 91
78 98
79 99
80 83
81 82
81 87
82 86
83 90
85 97
86 92
86 93
86 94
86 97
86 98
87 91
87 96
88 95
88 97
89 91
89 92
89 99
90 97
92 93
93 96
95 96