100
485
0 8
0 18
0 48
0 51
0 54
0 57
0 66
0 67
0 71
0 80
0 82
0 84
0 87
0 88
1 14
1 18
1 24
1 34
1 44
1 58
1 71
1 73
1 90
1 94
1 95
2 5
2 13
2 18
2 19
2 25
2 52
2 64
2 76
2 77
2 92
2 94
3 24
3 53
3 56
3 78
3 87
3 98
4 16
4 36
4 44
4 49
4 56
4 86
5 8
5 31
5 39
5 60
5 66
5 71
5 73
5 77
5 78
5 79
5 85
6 7
6 11
6 13
6 25
6 36
6 38
6 56
6 77
6 82
6 84
6 90
6 92
6 94
7 9
7 21
7 25
7 42
7 47
7 68
7 74
7 76
7 84
7 86
7 87
8 34
8 43
8 44
8 52
8 72
8 83
8 99
9 10
9 22
9 39
9 52
9 57
9 67
9 70
9 73
10 12
10 17
10 38
10 42
10 70
10 73
10 80
10 89
10 99
11 24
11 28
11 30
11 39
11 40
11 56
11 72
11 75
11 76
11 99
12 16
12 24
12 36
12 52
12 72
12 74
12 84
12 95
13 35
13 36
13 53
13 84
14 29
14 30
14 43
14 48
14 59
14 71
14 76
14 81
14 88
14 90
15 31
15 55
15 59
15 62
15 64
15 67
15 81
15 87
15 89
16 18
16 29
16 34
16 41
16 56
16 72
16 78
16 93
17 32
17 68
17 75
17 95
18 20
18 43
18 53
18 58
18 68
18 78
18 84
19 22
19 37
19 41
19 55
19 60
19 72
19 75
19 78
19 92
20 33
20 39
20 43
20 44
20 53
20 55
20 57
20 60
20 67
20 89
20 91
20 97
21 29
21 61
21 66
21 70
21 71
21 79
21 84
22 26
22 35
22 41
22 60
22 62
22 65
22 75
22 77
22 90
22 97
23 34
23 49
23 52
23 68
23 77
23 81
23 82
23 91
23 94
24 28
24 31
24 56
24 68
24 70
24 83
24 89
24 92
25 37
25 39
25 53
25 72
25 74
25 77
26 35
26 36
26 45
26 57
26 62
26 69
27 30
27 31
27 43
27 60
27 69
27 89
27 92
28 30
28 36
28 45
28 56
28 75
28 81
28 83
28 87
28 90
29 39
29 69
29 72
29 91
30 43
30 72
30 82
30 92
31 40
31 57
31 60
31 70
31 73
32 47
32 48
32 56
32 61
32 69
33 57
33 77
33 79
33 94
34 45
34 59
34 65
34 74
34 77
34 79
34 84
35 36
35 43
35 44
35 58
35 59
35 74
35 75
35 91
35 96
36 51
36 68
36 76
36 93
37 44
37 46
37 51
37 53
37 59
37 61
38 48
38 50
38 61
38 78
38 81
38 95
39 55
39 78
39 91
39 99
40 43
40 62
40 73
40 80
40 87
41 76
41 89
42 61
42 65
42 70
42 77
42 78
43 44
43 49
43 64
43 80
43 82
43 84
44 51
44 53
44 56
44 71
44 77
44 88
44 89
44 93
44 99
45 49
45 66
45 76
45 83
45 84
46 47
46 63
46 70
46 76
46 88
47 49
47 83
47 91
48 62
48 63
48 74
48 80
48 88
48 94
49 54
49 62
49 66
49 73
49 74
49 78
49 87
50 57
50 59
50 71
50 74
50 80
50 95
51 56
51 60
51 64
51 76
51 84
51 87
52 55
52 66
52 72
52 76
52 88
52 98
53 65
53 88
53 94
54 63
54 79
55 65
55 74
55 80
55 95
55 97
55 98
55 99
56 71
56 82
56 85
57 61
58 65
58 83
58 86
58 90
58 95
58 96
58 98
59 76
59 77
59 78
59 79
59 81
59 92
60 63
60 70
60 71
60 76
60 85
61 97
62 76
62 83
62 94
62 96
63 72
63 96
64 79
64 84
65 91
65 98
66 72
66 75
66 78
66 82
66 85
66 95
67 68
67 81
67 90
67 93
67 96
68 89
68 99
69 89
69 90
69 97
70 80
70 86
70 94
70 99
71 72
71 74
71 82
71 90
71 92
71 99
72 73
72 77
72 91
73 75
73 80
73 93
73 98
74 81
74 82
74 86
74 95
75 79
75 90
77 85
78 84
79 87
79 96
79 98
81 84
83 91
83 93
85 87
86 97
86 98
87 88
87 93
87 96
87 99
88 89
88 90
89 91
89 93
92 99
93 98
94 95