100
489
0 31
0 36
0 45
0 54
0 69
0 75
1 7
1 10
1 29
1 37
1 55
1 78
1 92
2 14
2 15
2 24
2 31
2 33
2 36
2 41
2 50
2 56
2 63
2 69
2 91
3 4
3 8
3 12
3 45
3 47
3 53
3 57
3 70
3 72
3 87
4 15
4 28
4 46
4 63
4 93
4 99
5 7
5 8
5 11
5 25
5 28
5 40
5 53
5 57
5 59
5 72
5 74
5 85
5 86
5 92
5 99
6 22
6 31
6 37
6 42
6 47
6 50
6 55
6 79
6 85
6 88
6 93
6 95
7 10
7 24
7 28
7 36
7 42
7 55
7 56
7 62
7 72
7 76
8 19
8 43
8 46
8 77
8 78
8 80
8 85
8 91
8 93
9 15
9 18
9 33
9 35
9 41
9 44
9 45
9 66
9 90
10 17
10 32
10 35
10 43
10 49
10 71
10 73
10 82
10 88
11 13
11 19
11 29
11 31
11 36
11 43
11 45
11 76
11 79
11 80
11 82
11 83
11 86
11 95
12 16
12 47
12 51
12 60
12 98
13 26
13 41
13 42
13 49
13 57
13 60
13 82
13 93
13 99
14 17
14 19
14 36
14 57
14 85
14 97
14 98
15 59
15 73
15 89
16 32
16 35
16 90
17 22
17 34
17 44
17 66
17 70
17 71
17 81
17 92
17 99
18 28
18 37
18 40
18 43
18 69
18 70
18 78
18 80
18 83
19 26
19 33
19 47
19 64
19 67
19 74
19 78
19 93
20 26
20 37
20 42
20 46
20 63
20 69
20 79
20 94
21 43
21 44
21 69
21 72
21 78
21 79
21 94
21 99
22 27
22 29
22 34
22 39
22 44
22 45
22 46
22 49
22 57
22 81
22 87
22 92
22 94
23 27
23 31
23 35
23 42
23 43
23 49
23 69
23 70
23 80
23 82
24 28
24 35
24 79
24 83
24 84
24 86
24 96
24 97
25 34
25 37
25 40
25 60
25 64
25 70
25 78
25 80
25 95
26 40
26 48
26 53
26 68
26 77
26 89
26 92
26 95
27 30
27 38
27 39
27 66
27 77
27 96
27 98
28 48
28 75
28 99
29 53
29 64
29 65
29 68
29 72
29 89
29 95
30 54
30 75
30 79
30 80
30 84
30 92
31 33
31 35
31 36
31 39
31 46
31 49
31 62
31 68
31 70
31 85
32 34
32 55
32 72
32 77
33 35
33 88
33 91
34 40
34 42
34 45
34 55
34 83
34 90
34 93
34 98
35 46
35 52
35 61
35 68
35 84
35 94
36 71
36 90
36 92
37 38
37 69
37 73
37 83
37 89
37 96
38 44
38 48
38 52
38 62
38 66
38 70
38 81
38 88
38 91
38 98
38 99
39 49
39 60
39 66
39 73
39 80
39 89
39 94
40 41
40 60
40 65
40 84
40 87
40 88
40 90
40 95
41 56
41 59
41 64
41 77
41 81
41 93
41 94
41 98
42 50
42 59
42 67
42 93
43 67
43 78
43 80
43 89
43 91
43 97
44 46
44 50
44 59
44 64
44 65
44 79
45 63
45 82
45 83
45 97
46 55
46 58
46 61
46 80
46 85
46 88
46 91
46 99
47 48
47 69
47 75
47 76
47 87
47 88
47 94
48 63
48 64
48 74
48 88
49 54
49 59
49 61
49 78
49 88
49 92
50 58
50 75
50 81
50 87
50 98
50 99
51 57
51 62
51 64
51 65
51 72
51 73
51 77
51 97
52 59
52 68
52 72
52 85
52 92
53 77
53 78
53 93
54 58
54 67
54 78
55 77
55 97
56 61
56 77
56 78
56 82
56 94
57 63
57 69
57 82
57 90
57 92
57 93
58 73
58 83
58 84
58 90
59 61
59 68
59 73
59 78
59 79
60 78
61 68
61 76
61 94
61 98
62 65
62 70
62 76
63 74
63 76
64 76
64 83
64 94
64 98
65 99
66 78
67 70
68 84
68 91
69 70
70 78
70 79
70 89
70 99
71 77
71 82
72 80
72 85
72 93
72 97
73 93
74 77
75 79
75 83
75 97
75 99
76 80
76 81
76 90
76 92
76 99
79 88
79 89
79 92
80 81
80 88
80 92
82 84
82 88
82 95
83 96
84 95
84 99
85 89
85 96
86 99
88 94
89 93
89 94
89 99
90 92
90 93
93 99
94 95