100
494
0 4
0 5
0 8
0 14
0 38
0 51
0 72
0 76
0 90
0 94
1 3
1 29
1 31
1 37
1 44
1 57
1 58
1 85
1 86
2 22
2 28
2 29
2 32
2 33
2 35
2 38
2 45
2 55
2 68
2 69
2 74
2 85
2 90
3 26
3 29
3 42
3 45
3 48
3 58
3 63
3 75
3 90
3 94
3 98
4 5
4 11
4 18
4 32
4 35
4 46
4 75
4 98
5 8
5 10
5 42
5 44
5 64
5 65
5 68
5 75
5 79
5 81
5 85
5 91
6 11
6 14
6 25
6 31
6 35
6 38
6 39
6 60
6 76
6 90
7 11
7 74
7 93
7 98
8 30
8 31
8 48
8 50
8 60
8 62
8 64
9 13
9 33
9 40
9 44
9 45
9 53
9 64
9 69
9 81
10 11
10 22
10 26
10 30
10 39
10 40
10 43
10 48
10 66
10 94
10 98
11 13
11 22
11 29
11 39
11 60
11 70
11 84
11 93
11 98
12 22
12 25
12 26
12 52
12 69
12 75
12 83
12 84
12 87
12 92
12 94
13 42
13 59
13 63
13 72
13 81
13 84
13 98
14 20
14 28
14 33
14 34
14 41
14 52
14 73
14 85
14 87
14 89
14 99
15 16
15 18
15 33
15 38
15 62
15 70
15 71
15 76
15 80
15 86
16 25
16 35
16 37
16 40
16 70
16 81
17 35
17 51
17 57
17 69
17 89
18 21
18 23
18 39
18 44
18 48
18 84
18 85
18 96
19 28
19 29
19 34
19 39
19 80
19 86
19 97
20 39
20 45
20 52
20 53
20 61
20 68
20 82
20 94
21 22
21 26
21 27
21 40
21 56
21 61
21 68
21 78
21 90
21 93
21 99
22 25
22 26
22 30
22 40
22 55
22 86
23 30
23 44
23 48
23 66
23 81
24 43
24 50
24 51
24 86
25 35
25 52
25 54
25 68
25 74
25 97
26 27
26 28
26 39
26 54
26 63
26 70
26 71
26 82
26 84
27 28
27 36
27 38
27 45
27 52
27 55
27 65
27 68
27 83
27 96
28 54
28 63
28 89
29 31
29 33
29 42
29 44
29 45
29 79
29 88
30 48
30 63
30 67
30 75
30 80
30 95
30 98
31 32
31 48
31 58
31 65
31 75
31 78
32 34
32 44
32 61
32 80
32 81
32 82
32 83
32 90
32 95
33 34
33 43
33 54
34 45
34 47
34 52
34 54
34 58
34 63
34 64
34 76
34 80
34 82
34 92
34 93
34 99
35 38
35 40
35 45
35 57
35 67
35 95
36 43
36 46
36 62
36 64
37 53
37 55
37 68
37 85
37 86
37 89
38 41
38 59
38 66
38 84
38 89
38 90
39 49
39 62
39 74
39 78
39 85
39 86
40 52
40 55
40 57
40 89
41 56
41 60
41 69
41 75
41 91
42 46
42 50
42 66
42 70
42 75
42 90
42 95
43 44
43 75
43 87
43 94
44 51
44 62
44 69
44 74
44 83
45 46
45 47
45 59
45 72
45 76
45 85
45 86
45 96
45 99
46 56
46 82
46 88
47 48
47 51
47 52
47 56
47 57
47 62
47 78
47 81
48 57
48 58
48 76
48 96
49 64
49 70
49 83
49 87
49 90
49 97
50 59
50 66
50 70
50 96
51 52
51 57
51 61
51 65
51 69
51 86
51 94
51 98
52 61
52 75
52 81
52 88
52 91
52 95
53 66
53 87
53 93
54 55
54 64
54 66
54 69
54 71
54 74
54 99
55 59
55 60
55 70
55 77
55 89
55 91
56 67
56 82
56 86
57 71
57 75
57 97
58 69
58 97
59 69
59 85
59 88
60 62
60 82
61 63
61 66
61 74
62 70
62 71
62 74
62 98
62 99
63 88
63 95
63 98
64 85
64 88
64 95
64 98
65 83
65 87
65 90
65 95
65 99
66 68
66 72
67 76
67 83
67 85
68 74
68 76
68 82
68 83
68 94
69 71
69 80
69 89
70 78
70 82
70 90
71 80
71 82
71 91
72 78
72 81
72 82
72 87
72 94
73 86
73 92
73 93
74 88
74 89
74 96
74 97
75 84
75 86
75 92
76 88
76 96
76 98
77 91
78 82
78 85
79 83
79 85
79 86
80 85
80 90
81 96
82 86
82 96
83 93
86 98
88 91
88 92
88 97
89 99
90 94
91 99
92 97
94 99