100
491
0 14
0 28
0 35
0 41
0 47
0 68
0 70
0 79
0 82
1 10
1 12
1 28
1 30
1 45
1 75
1 79
1 89
1 99
2 4
2 9
2 12
2 24
2 25
2 27
2 29
2 33
2 44
2 45
2 64
2 98
3 8
3 24
3 26
3 31
3 34
3 58
3 81
3 87
4 6
4 24
4 33
4 53
4 63
4 72
4 80
5 10
5 41
5 57
5 77
5 94
6 27
6 48
6 51
6 58
6 89
7 33
7 81
7 87
7 92
7 97
7 99
8 25
8 32
8 37
8 53
8 54
8 63
8 67
8 71
8 73
8 80
8 81
8 83
8 93
9 14
9 15
9 28
9 46
9 48
9 51
9 57
9 80
9 84
10 16
10 23
10 35
10 40
10 43
10 85
10 86
10 88
10 97
11 43
11 51
11 55
11 63
12 23
12 60
12 71
12 72
12 80
13 17
13 20
13 28
13 38
13 49
13 51
13 77
13 87
13 91
14 20
14 33
14 43
14 49
14 99
15 19
15 36
15 38
15 61
15 62
15 72
15 99
16 17
16 20
16 32
16 41
16 44
16 45
16 47
16 52
16 67
16 80
16 84
16 88
16 94
17 21
17 22
17 34
17 38
17 40
17 44
17 49
17 56
17 70
17 71
17 72
17 86
17 93
18 26
18 37
18 40
18 91
19 31
19 36
19 43
19 62
19 68
19 69
19 70
19 72
19 93
20 28
20 29
20 33
20 38
20 54
20 55
20 67
20 68
20 76
20 83
20 84
20 92
20 93
20 98
21 44
21 50
21 61
21 81
21 82
21 87
21 96
21 97
22 42
22 51
22 78
22 80
22 86
23 27
23 31
23 35
23 39
23 47
23 55
23 76
23 85
23 86
23 93
23 99
24 29
24 55
24 76
24 85
24 97
25 29
25 31
25 37
25 47
25 49
25 56
25 67
25 75
25 77
25 86
25 89
25 98
26 34
26 50
26 51
26 53
26 58
26 62
26 71
26 80
26 95
27 32
27 36
27 39
27 41
27 44
27 47
27 51
27 56
27 60
27 67
27 68
27 87
28 38
28 41
28 67
28 70
28 77
29 31
29 33
29 51
29 52
29 75
29 83
29 88
29 91
29 93
29 95
30 50
30 53
30 56
30 67
30 83
30 99
31 46
31 53
31 65
31 67
31 88
31 99
32 45
32 50
32 58
32 65
32 71
32 77
32 83
33 34
33 63
33 67
33 88
34 50
34 51
34 78
34 94
35 45
35 77
35 97
36 44
36 46
36 50
36 52
36 74
36 89
37 40
37 43
37 58
37 59
37 65
37 68
37 70
37 78
37 80
37 93
38 43
38 50
38 64
38 82
38 91
38 96
39 41
39 48
39 72
40 75
40 87
40 88
40 99
41 55
41 57
41 70
41 72
41 74
42 46
42 60
42 68
42 70
42 80
42 83
42 98
43 52
43 55
43 65
43 68
43 69
43 71
43 79
43 81
43 83
43 90
43 94
43 99
44 50
44 65
44 66
44 77
44 87
44 94
45 48
45 65
45 72
45 74
45 80
46 50
46 78
47 62
47 67
47 76
47 79
47 83
48 58
48 78
48 83
48 86
49 58
49 62
49 70
49 75
49 78
49 90
49 91
50 65
50 72
50 74
50 77
50 90
50 92
50 97
51 74
52 70
52 74
53 63
53 65
53 71
54 63
54 75
54 83
54 86
55 65
55 71
55 75
55 83
56 57
56 67
56 70
56 72
56 88
56 91
56 98
57 60
57 70
57 71
57 79
57 93
57 99
58 62
58 65
58 68
58 88
58 93
59 77
59 99
60 62
60 66
60 82
60 91
60 92
60 93
60 94
61 63
61 65
61 70
61 74
61 79
61 82
61 95
62 63
62 72
62 75
62 79
63 65
63 74
63 84
63 87
63 89
64 66
65 92
65 94
65 96
66 81
66 90
67 73
67 78
67 85
67 88
67 99
68 80
68 82
68 86
69 81
69 99
70 74
70 77
70 79
70 82
70 84
70 88
70 99
71 72
72 96
73 87
73 89
73 90
73 96
74 95
74 99
75 89
75 91
75 96
77 78
77 80
77 81
77 98
78 89
78 91
78 92
78 93
79 82
79 83
79 84
79 88
80 91
80 93
80 97
80 99
82 89
82 99
83 86
84 85
84 98
85 93
87 88
88 91
88 94
89 90
91 92
92 93
92 96