100
491
0 13
0 22
0 28
0 37
0 42
0 50
0 54
0 58
0 66
0 88
0 89
0 93
1 9
1 11
1 15
1 48
1 50
1 53
1 63
1 64
1 70
1 81
1 93
1 94
2 10
2 30
2 45
2 63
2 65
2 71
2 86
2 90
2 91
2 99
3 4
3 6
3 8
3 25
3 29
3 37
3 39
3 60
3 67
3 69
3 74
3 87
3 90
4 24
4 40
4 50
4 64
4 79
4 80
4 81
5 12
5 23
5 29
5 45
5 59
5 72
5 91
6 28
6 31
6 34
6 40
6 44
6 64
6 65
6 67
6 77
6 79
6 84
6 86
6 99
7 29
7 42
7 46
7 67
7 71
7 73
7 82
7 87
8 27
8 45
8 50
8 57
8 58
8 65
8 93
9 10
9 18
9 26
9 58
9 61
9 66
9 69
9 77
9 94
10 16
10 17
10 26
10 55
10 68
10 81
11 15
11 21
11 32
11 59
11 64
11 76
11 77
11 81
11 89
11 94
12 13
12 15
12 26
12 36
12 39
12 56
13 20
13 41
13 55
13 57
13 59
13 60
13 71
13 78
13 80
13 85
13 89
13 98
14 22
14 28
14 31
14 48
14 58
14 69
14 74
15 21
15 46
15 85
16 20
16 49
16 56
16 60
16 80
17 21
17 30
17 35
17 42
17 45
17 59
17 74
17 98
18 58
18 84
18 85
18 95
19 25
19 44
19 54
19 56
19 67
19 72
19 86
19 88
19 96
20 23
20 43
20 58
20 66
20 67
20 69
20 73
20 88
20 92
21 40
21 43
21 54
21 71
21 76
21 79
21 80
21 97
22 34
22 68
22 70
22 86
22 89
22 91
22 98
23 33
23 41
23 42
23 66
23 73
23 89
23 91
23 93
24 27
24 29
24 45
24 56
24 63
24 80
24 91
25 26
25 34
25 47
25 60
25 70
25 77
25 87
25 89
26 33
26 43
26 56
26 93
27 33
27 49
27 52
27 60
27 65
27 69
27 73
27 99
28 63
28 67
28 81
28 88
28 93
29 30
29 40
29 44
29 57
29 62
29 69
29 73
29 75
29 78
29 79
29 81
29 88
29 95
30 34
30 38
30 56
30 78
30 93
30 95
31 40
31 51
31 52
31 64
31 67
31 75
31 79
31 95
31 97
31 98
32 51
32 58
32 59
32 63
32 66
32 70
32 83
33 46
33 59
33 60
33 77
33 92
33 94
34 50
34 51
34 52
34 57
34 68
34 76
34 77
35 46
35 50
35 60
35 66
35 71
35 81
35 82
35 88
35 97
36 39
36 45
36 48
36 64
36 71
36 82
36 91
36 99
37 44
37 57
37 70
37 71
37 85
37 97
38 54
38 57
38 61
38 73
38 83
38 92
38 97
39 68
39 73
39 80
39 88
40 42
40 44
40 64
40 74
40 87
40 95
40 98
41 46
41 49
41 62
41 64
41 66
41 79
41 85
41 90
41 91
41 92
43 67
43 85
44 63
44 67
44 71
44 89
44 90
44 99
45 58
45 64
45 67
45 74
45 84
46 67
46 70
46 73
46 83
46 86
46 87
47 66
47 79
47 81
47 82
47 91
48 59
48 60
48 61
48 62
48 69
48 76
49 62
49 63
49 83
50 60
50 62
50 68
50 74
50 75
50 77
50 84
51 55
51 62
51 73
51 74
51 87
52 62
52 64
52 67
52 93
53 55
53 81
53 83
53 90
54 55
54 67
54 68
54 79
54 80
54 95
55 73
55 76
55 78
55 87
55 88
55 91
56 60
56 66
56 83
56 88
56 96
57 77
57 80
57 92
58 70
58 88
58 91
58 97
59 60
59 65
59 66
59 68
59 75
59 87
60 66
60 69
60 71
60 72
60 84
60 97
61 67
61 83
61 94
62 66
62 71
62 72
62 83
62 87
62 88
63 76
63 94
64 68
64 74
64 75
64 79
64 80
65 67
65 78
65 81
65 96
66 68
66 84
66 87
66 99
67 74
67 83
67 85
67 92
68 71
68 88
68 89
68 93
69 71
69 82
69 86
70 83
70 95
71 86
71 87
72 82
72 88
72 91
72 95
72 99
73 84
73 87
74 75
74 82
74 83
75 85
75 89
76 85
76 89
76 96
77 86
78 81
78 93
78 97
79 94
80 84
80 97
82 89
83 86
83 91
83 98
83 99
91 92
94 99
95 96
95 99