100
496
0 1
0 4
0 10
0 11
0 21
0 29
0 56
0 61
0 65
0 70
0 82
1 30
1 43
1 48
1 67
1 80
1 89
1 97
2 25
2 30
2 31
2 32
2 99
3 28
3 51
3 59
3 64
3 70
3 79
3 80
3 82
3 95
4 26
4 31
4 33
4 66
4 68
4 94
4 99
5 13
5 16
5 21
5 32
5 36
5 65
5 68
5 72
5 81
5 84
5 95
5 96
6 9
6 15
6 36
6 37
6 51
6 65
6 81
6 97
7 62
7 85
7 88
7 91
7 97
8 24
8 35
8 47
8 58
8 61
8 64
8 67
8 90
9 16
9 21
9 23
9 57
9 61
9 76
9 79
9 85
9 97
10 17
10 54
10 67
10 68
10 71
10 75
10 80
10 95
11 25
11 32
11 41
11 53
11 54
11 56
11 86
12 16
12 17
12 18
12 21
12 31
12 32
12 50
12 52
12 65
12 73
12 75
12 86
12 94
12 96
13 25
13 33
13 36
13 45
13 70
13 87
14 24
14 27
14 29
14 32
14 40
14 52
14 53
14 56
14 84
15 32
15 34
15 60
15 63
15 72
15 75
16 29
16 63
16 66
16 72
16 82
16 84
17 18
17 35
17 39
17 51
17 54
17 57
17 61
17 70
17 81
18 32
18 48
18 49
18 54
18 63
18 69
18 80
18 84
18 87
18 88
18 90
19 20
19 28
19 31
19 32
19 33
19 39
19 48
19 86
19 90
20 37
20 44
20 45
20 59
20 64
20 65
20 75
20 79
20 90
20 91
20 93
21 25
21 29
21 45
21 47
21 55
21 71
21 75
21 76
22 25
22 41
22 51
22 81
22 91
23 24
23 37
23 38
23 74
23 79
23 82
23 90
24 46
24 79
24 87
24 89
24 96
25 38
25 56
25 59
25 74
25 76
25 79
26 39
26 40
26 56
26 65
26 67
26 68
26 70
26 74
26 79
26 81
26 88
26 89
26 91
26 95
26 97
27 31
27 37
27 47
27 69
27 73
27 85
27 88
27 98
28 55
28 63
28 68
28 73
28 83
28 88
28 92
28 99
29 44
29 54
29 64
29 72
29 96
30 38
30 43
30 50
30 54
30 56
30 69
30 85
31 43
31 44
31 51
31 52
31 60
31 62
31 73
31 85
31 91
32 39
32 41
32 54
32 56
32 57
32 79
32 85
32 94
33 36
33 49
33 76
33 77
33 82
34 52
34 64
34 80
34 82
34 86
35 39
35 41
35 66
35 69
35 73
35 83
36 43
36 44
36 46
36 51
36 56
36 74
37 41
37 50
37 71
37 76
37 98
38 39
38 51
38 90
39 41
39 81
40 52
40 55
40 56
40 61
40 70
40 79
40 86
40 90
40 98
41 49
41 55
41 64
41 65
41 71
41 73
41 80
41 93
42 51
42 52
42 53
42 67
42 72
42 87
42 91
42 92
42 93
43 45
43 50
43 58
43 61
43 80
44 64
44 70
44 80
44 98
45 49
45 52
45 65
45 71
45 96
46 64
46 77
46 79
46 85
46 89
47 55
47 63
47 68
47 82
47 90
48 49
48 57
48 63
48 68
48 73
48 88
48 91
48 94
48 95
49 72
49 97
50 52
50 56
50 57
50 83
50 86
50 91
51 86
51 89
52 56
52 66
52 72
52 83
52 84
52 85
52 94
53 64
53 70
53 75
53 80
54 61
54 72
54 73
54 74
54 78
54 90
54 94
55 58
55 64
55 66
55 76
55 81
55 90
55 92
56 58
56 60
56 91
57 58
57 59
57 65
57 90
57 93
58 67
58 73
58 83
58 97
59 72
59 80
59 92
60 73
61 79
61 89
61 91
61 94
62 71
62 76
62 77
62 83
62 96
62 98
63 68
63 69
63 76
63 88
63 90
63 98
64 69
64 71
64 76
64 84
64 91
64 95
64 97
64 98
64 99
65 73
65 98
66 74
66 80
66 97
66 98
67 92
67 95
67 97
68 88
68 97
69 74
69 81
69 82
69 83
69 90
69 97
70 77
70 85
70 96
71 84
71 85
71 91
72 82
72 99
73 80
73 95
74 83
75 96
75 99
76 82
76 96
77 79
77 81
77 86
78 98
79 85
79 96
80 83
82 85
82 87
82 88
82 94
84 85
84 92
84 95
85 87
85 94
86 91
87 88
87 89
89 91
89 95
90 95
91 94
92 94
92 96
92 99
93 98
93 99
98 99