100
528
0 11
0 31
0 75
0 85
0 87
0 90
1 6
1 11
1 12
1 18
1 31
1 33
1 39
1 40
1 47
1 59
1 61
1 69
1 75
1 77
1 82
1 90
1 97
2 4
2 6
2 7
2 8
2 16
2 41
2 50
2 56
2 73
2 74
3 4
3 7
3 9
3 31
3 40
3 47
3 54
3 55
3 56
3 63
3 70
3 79
3 87
3 98
4 19
4 20
4 26
4 44
4 61
4 68
4 83
4 96
5 39
5 42
5 48
5 62
5 67
5 69
5 74
6 14
6 21
6 32
6 38
6 75
6 77
6 78
6 84
7 14
7 21
7 24
7 30
7 37
7 47
7 56
7 57
7 80
7 84
7 93
8 9
8 16
8 18
8 21
8 26
8 27
8 42
8 54
8 79
8 89
8 93
9 20
9 27
9 44
9 45
9 50
9 62
9 73
9 99
10 14
10 33
10 37
10 39
10 42
10 43
10 54
10 61
10 76
10 80
10 91
10 99
11 26
11 33
11 42
11 49
11 59
11 72
11 81
11 86
11 97
12 35
12 55
12 80
12 84
12 87
12 92
12 96
12 98
13 19
13 33
13 39
13 45
13 46
13 47
13 59
13 62
13 85
13 87
13 88
13 90
13 95
13 96
14 21
14 27
14 31
14 34
14 37
14 39
14 40
14 45
14 72
14 73
14 77
14 80
14 90
14 96
15 35
15 36
15 49
15 65
15 74
15 85
15 86
15 92
16 17
16 22
16 25
16 30
16 38
16 50
16 51
16 58
16 61
16 67
16 74
16 78
16 84
16 89
16 92
16 95
17 20
17 23
17 29
17 36
17 37
17 50
17 53
17 57
17 60
17 69
17 82
17 83
17 87
17 88
17 92
18 21
18 32
18 46
18 60
18 68
18 84
18 96
19 35
19 40
19 54
19 59
19 64
19 70
19 74
19 82
20 39
20 49
20 71
20 86
21 49
21 57
21 76
21 77
21 91
22 23
22 39
22 51
22 61
22 64
22 79
22 99
23 46
23 53
23 59
23 61
23 69
23 74
23 80
23 84
23 91
23 92
24 30
24 33
24 59
24 63
24 64
24 66
24 74
24 86
24 89
24 92
24 99
25 41
25 43
25 48
25 68
25 73
25 75
25 79
25 84
25 89
26 29
26 32
26 55
26 58
26 60
26 61
26 63
26 73
26 88
26 96
26 97
26 99
27 29
27 30
27 41
27 46
27 51
27 55
27 63
27 81
27 96
28 30
28 40
28 43
28 65
28 75
28 84
28 94
29 32
29 34
29 40
29 51
29 57
29 78
29 87
30 31
30 34
30 36
30 43
30 44
30 47
30 54
30 72
30 77
30 80
30 84
31 62
31 87
31 97
32 46
32 52
32 54
32 57
32 82
33 50
33 63
33 85
33 88
33 93
33 95
34 39
34 45
34 58
34 84
34 86
35 39
35 59
35 60
35 66
35 76
35 85
36 41
36 45
36 47
36 53
36 55
36 77
37 53
37 59
37 65
37 97
38 55
38 56
38 57
38 63
38 65
38 79
38 86
38 94
39 41
39 45
39 49
39 50
39 58
39 66
39 68
39 81
39 92
39 97
40 46
40 47
40 61
40 68
40 89
40 97
40 98
40 99
41 53
41 61
41 71
41 82
41 86
41 97
42 43
42 45
42 46
42 71
42 82
42 86
42 87
42 88
42 89
42 91
43 45
43 62
43 65
43 81
44 49
44 52
44 77
44 80
45 54
45 58
45 68
45 83
46 82
46 88
47 62
47 64
47 73
47 74
48 60
48 65
48 84
48 93
50 61
50 64
50 73
50 81
51 57
51 65
51 71
51 77
51 79
52 55
52 60
52 66
52 73
52 83
53 68
53 77
53 94
54 78
54 80
54 93
54 95
54 98
55 59
55 70
55 84
55 85
55 88
56 71
57 60
57 77
57 82
58 60
58 66
58 69
58 90
59 60
59 70
59 73
59 88
59 93
59 95
60 64
60 74
60 85
61 62
61 75
61 99
62 83
62 84
62 95
62 99
63 65
63 70
64 65
64 70
64 78
64 79
64 83
64 89
65 76
65 86
65 95
66 70
66 71
66 75
66 80
66 84
66 88
66 99
67 76
67 83
67 94
67 96
68 69
68 71
68 73
68 76
68 81
68 87
68 96
68 98
69 96
69 99
70 78
70 87
71 82
71 83
71 88
71 99
72 75
72 82
72 87
73 81
73 97
75 96
76 81
76 92
76 93
76 95
76 97
77 78
77 82
77 86
77 92
77 96
78 84
79 98
79 99
80 92
80 97
81 83
81 91
82 85
82 86
82 92
83 95
84 85
85 88
86 94
86 97
86 99
87 94
88 94
90 94
94 96
94 97