100
469
0 5
0 14
0 18
0 27
0 30
0 42
0 55
0 66
0 83
0 91
0 94
0 97
1 24
1 28
1 46
1 71
1 74
1 91
1 98
2 14
2 45
2 47
2 55
2 58
2 86
3 21
3 33
3 35
3 57
3 69
3 79
3 82
3 85
3 95
4 6
4 7
4 10
4 20
4 27
4 42
4 47
4 51
4 53
4 61
4 62
4 86
4 94
5 7
5 15
5 25
5 34
5 37
5 47
5 73
5 79
5 81
5 86
5 92
5 95
6 14
6 20
6 34
6 51
6 88
6 89
6 96
7 33
7 41
7 42
7 45
7 57
7 58
7 73
8 16
8 27
8 43
8 59
8 70
8 93
9 17
9 30
9 48
9 55
9 65
10 12
10 19
10 24
10 58
10 64
10 75
10 92
10 93
11 27
11 41
11 47
11 60
11 67
11 93
11 95
12 14
12 23
12 36
12 64
12 74
12 76
12 82
12 85
12 86
13 35
13 38
13 45
13 52
13 73
14 19
14 24
14 28
14 38
14 49
14 64
14 73
14 81
14 87
15 20
15 23
15 58
15 61
15 75
15 76
15 77
15 82
15 89
16 40
16 41
16 47
16 83
16 94
17 25
17 42
17 50
17 62
17 63
17 65
17 66
17 83
18 21
18 23
18 28
18 30
18 37
18 49
18 54
18 61
18 65
18 72
18 80
18 83
19 28
19 30
19 33
19 39
19 43
19 45
19 60
19 61
19 69
19 82
20 25
20 29
20 50
20 77
20 78
20 79
20 88
20 97
21 33
21 40
21 45
21 61
21 71
21 74
21 81
22 28
22 33
22 47
22 49
22 51
22 69
22 88
23 29
23 30
23 37
23 39
23 48
23 64
23 65
23 75
23 82
23 90
24 48
24 53
24 57
25 29
25 33
25 36
25 41
25 84
25 93
26 41
26 67
26 73
26 79
26 82
26 83
26 88
26 89
27 42
27 57
27 62
27 71
27 79
27 82
28 42
28 54
28 57
28 59
28 62
28 94
28 97
29 31
29 32
29 41
29 78
29 84
29 94
30 32
30 50
30 56
30 57
30 61
30 62
30 64
30 69
30 75
30 85
30 91
30 98
30 99
31 43
31 44
31 46
31 51
31 52
31 59
31 63
31 71
31 82
31 97
32 33
32 39
32 44
32 45
32 50
32 52
32 79
32 86
33 38
33 63
33 65
33 66
33 68
34 55
34 72
34 75
34 80
34 82
34 83
35 56
35 68
35 74
35 94
36 38
36 48
36 56
36 79
36 83
36 86
36 92
37 38
37 40
37 64
37 68
37 71
37 85
37 88
37 96
38 39
38 84
38 93
39 40
39 52
39 58
39 68
39 78
40 42
40 43
40 52
40 82
41 74
41 75
41 84
41 94
42 45
42 61
42 69
42 80
42 87
43 44
43 57
43 66
43 88
43 98
44 45
44 47
44 87
44 89
45 48
45 63
45 72
45 85
45 91
45 93
46 71
46 76
46 78
46 79
46 92
46 98
47 54
47 63
47 71
47 86
47 89
48 51
48 58
48 61
48 68
48 75
48 93
48 98
49 52
49 71
49 74
49 81
49 98
50 86
50 94
50 98
51 55
51 67
51 76
52 53
52 57
52 69
52 83
52 89
52 94
53 56
53 66
53 82
53 94
53 97
54 81
55 65
55 87
55 88
55 97
55 99
56 57
56 58
56 66
56 83
56 99
57 78
57 97
58 73
58 75
58 83
58 86
58 88
58 90
59 65
59 67
59 88
59 91
60 75
60 88
61 67
61 75
61 79
61 80
61 90
62 64
62 92
62 94
62 99
63 69
63 74
63 83
63 94
63 96
64 74
64 82
64 85
64 88
64 99
65 85
66 71
66 73
66 95
66 99
67 92
68 77
68 91
69 75
69 80
69 82
69 85
69 87
70 77
70 79
70 80
71 73
71 74
71 79
71 85
71 94
71 98
72 82
73 86
73 87
74 85
75 81
75 94
75 99
76 89
76 92
76 96
76 97
77 85
77 92
77 93
78 87
78 93
79 88
80 93
81 84
82 86
82 88
84 87
85 93
85 97
89 93
90 93
90 95
91 92
91 93
92 96
94 98
94 99