100
499
0 12
0 16
0 24
0 28
0 54
0 66
0 87
0 98
1 8
1 22
1 23
1 26
1 38
1 40
1 41
1 48
1 63
1 73
1 97
2 17
2 35
2 39
2 40
2 41
2 49
2 55
2 60
2 69
2 74
2 78
2 92
3 4
3 7
3 22
3 23
3 40
3 52
3 54
3 89
3 96
4 13
4 25
4 36
4 38
4 50
4 55
4 57
4 72
4 82
4 84
4 90
4 97
5 13
5 16
5 19
5 25
5 28
5 44
5 63
5 71
5 82
5 93
5 96
5 98
5 99
6 8
6 12
6 25
6 33
6 34
6 42
6 55
6 58
6 66
6 74
6 79
6 81
6 94
6 97
7 17
7 34
7 45
7 84
8 35
8 39
8 41
8 57
8 58
8 59
8 97
9 14
9 19
9 39
9 44
9 47
9 60
9 67
9 72
9 75
9 78
9 82
10 18
10 24
10 32
10 60
10 64
10 66
10 74
10 78
10 79
10 85
11 20
11 21
11 44
11 64
11 66
11 88
11 90
11 95
11 96
11 97
12 19
12 21
12 24
12 26
12 31
12 32
12 35
12 36
12 52
12 67
12 73
12 89
12 90
13 16
13 23
13 42
13 50
13 51
13 53
13 64
13 66
13 81
13 84
13 96
14 17
14 44
14 55
14 57
14 60
14 63
14 72
14 77
14 79
14 84
14 94
15 23
15 25
15 39
15 42
15 59
15 67
15 72
15 87
15 94
15 97
15 98
16 22
16 43
16 73
16 81
17 30
17 37
17 47
17 48
17 67
17 76
17 85
17 88
17 92
18 19
18 33
18 35
18 39
18 46
18 53
18 69
18 72
18 86
18 88
18 93
19 42
19 43
19 54
19 78
19 80
19 88
19 97
20 28
20 41
20 42
20 52
20 71
20 81
20 96
20 97
20 98
21 55
21 66
21 83
21 87
21 91
21 92
22 29
22 45
22 64
22 99
23 40
23 56
23 92
23 94
24 35
24 40
24 42
24 50
24 62
24 63
24 73
24 77
24 86
24 96
25 37
25 44
25 50
25 66
25 73
25 78
25 81
25 86
25 95
26 48
26 65
26 67
26 70
26 89
26 90
26 93
26 95
26 96
26 98
27 30
27 35
27 38
27 62
27 65
27 71
27 85
27 86
27 87
27 89
28 30
28 40
28 51
28 55
28 61
28 65
28 77
28 85
28 90
29 32
29 54
29 59
29 60
29 65
29 84
29 91
30 33
30 49
30 83
30 99
31 50
31 67
31 68
31 74
31 93
31 96
31 98
32 37
32 47
32 56
32 58
32 76
32 82
32 89
33 43
33 64
33 74
33 81
33 84
34 35
34 38
34 50
34 56
34 64
34 70
34 81
34 92
34 93
35 36
35 40
35 48
35 57
35 60
36 37
36 69
36 71
36 79
36 84
36 93
37 42
37 60
37 80
37 84
38 39
38 50
38 97
39 46
39 49
39 50
39 53
39 80
39 91
39 93
40 51
40 58
40 63
40 72
40 86
40 87
40 95
40 99
41 43
41 50
41 55
41 60
41 61
41 71
41 77
41 82
41 84
41 87
41 94
42 54
42 55
42 79
42 81
42 87
43 84
43 90
44 76
44 78
44 95
45 47
45 50
45 52
45 58
45 69
46 88
46 91
47 54
47 55
47 65
47 75
47 77
47 80
47 85
47 95
47 96
48 55
48 65
48 77
49 89
49 92
49 96
49 97
49 98
49 99
50 54
50 58
50 60
50 61
50 69
50 81
50 89
51 58
51 60
51 61
51 72
51 84
51 97
52 77
52 91
52 93
53 56
53 89
54 63
55 56
55 62
55 65
55 88
55 96
56 69
56 81
57 70
57 75
57 76
57 78
57 93
58 63
58 66
58 69
58 72
58 79
59 62
59 73
59 82
59 84
59 90
60 74
60 89
60 91
61 65
61 83
61 89
61 92
62 75
62 79
63 68
63 70
63 75
63 80
63 86
64 83
64 91
64 92
65 69
65 79
66 67
66 75
66 98
67 79
67 84
68 73
68 87
68 88
68 89
69 96
70 71
70 76
70 90
71 72
71 80
71 81
71 90
71 92
71 93
71 99
72 80
72 86
72 94
73 78
73 89
76 89
77 81
77 87
77 92
77 96
78 96
79 80
79 93
80 89
80 96
81 85
82 84
82 90
83 84
83 86
83 90
83 93
84 90
85 88
86 87
86 95
88 97
90 94
91 94
94 95
94 99
96 98