100
490
0 24
0 26
0 32
0 49
0 70
0 72
0 94
1 25
1 30
1 40
1 41
1 49
1 50
1 58
1 59
1 78
1 81
1 87
1 93
2 29
2 33
2 40
2 55
2 69
2 71
2 75
2 80
2 85
2 89
3 12
3 13
3 17
3 22
3 24
3 42
3 48
3 55
3 71
3 75
3 88
3 92
3 95
4 8
4 36
4 60
4 70
4 75
4 79
4 95
5 9
5 15
5 48
5 70
5 81
5 85
5 86
5 90
6 16
6 20
6 23
6 40
6 45
6 49
6 50
6 53
6 62
6 71
6 91
7 10
7 11
7 16
7 21
7 28
7 40
7 44
7 49
8 43
8 51
8 52
8 54
8 60
8 69
8 72
8 73
8 76
8 82
8 83
8 86
8 90
8 91
8 95
9 10
9 11
9 35
9 52
9 64
9 66
9 76
9 92
10 15
10 28
10 49
10 60
10 68
10 69
10 71
10 80
10 88
11 40
11 66
11 69
11 75
11 81
11 90
11 96
12 14
12 19
12 28
12 75
12 86
12 94
13 17
13 24
13 32
13 38
13 44
13 72
13 76
14 24
14 25
14 26
14 42
14 49
14 51
14 64
14 74
14 75
14 78
14 85
15 16
15 18
15 21
15 48
15 49
15 75
15 78
15 84
15 89
16 19
16 22
16 24
16 27
16 32
16 56
16 57
16 62
16 63
16 70
16 76
16 79
17 19
17 27
17 34
17 44
17 57
17 69
17 70
17 74
17 94
17 96
18 21
18 22
18 33
18 35
18 51
18 57
18 75
18 82
18 87
18 90
18 99
19 25
19 28
19 54
19 59
19 60
19 68
19 69
19 70
19 74
19 80
20 40
20 44
20 49
20 55
20 65
20 78
21 51
21 53
21 62
21 90
22 25
22 42
22 46
22 59
22 74
22 93
22 99
23 35
23 45
23 48
23 71
23 79
23 82
23 88
23 92
24 31
24 46
24 58
24 63
24 64
24 77
25 26
25 57
25 92
25 94
25 98
26 39
26 71
26 73
26 87
26 96
27 40
27 44
27 50
27 58
27 71
27 84
27 91
28 36
28 40
28 42
28 54
28 67
28 79
28 89
28 97
29 35
29 73
29 76
29 85
29 90
30 37
30 41
30 73
30 88
30 92
31 34
31 35
31 45
31 48
31 60
31 64
31 82
32 41
32 42
32 47
32 48
32 51
32 59
32 68
32 87
33 41
33 55
33 62
33 70
33 82
33 94
34 38
34 42
34 57
34 75
34 85
34 97
34 98
35 37
35 38
35 51
35 69
35 74
35 89
35 99
36 51
36 54
36 59
36 68
36 79
36 84
36 85
37 41
37 64
38 48
38 54
38 59
38 70
38 73
38 86
39 40
39 54
39 67
39 76
40 50
40 65
40 72
40 82
40 92
40 94
40 99
41 46
41 59
41 60
41 69
41 93
41 96
41 97
42 68
42 85
42 89
42 93
42 99
43 62
43 72
43 74
43 86
43 91
44 60
44 74
44 78
44 82
45 61
45 68
45 70
45 76
45 84
45 95
46 72
46 81
46 88
47 48
47 57
47 78
47 88
48 49
48 52
48 55
48 70
48 84
49 54
49 63
49 65
49 75
49 96
49 98
50 54
50 86
50 88
50 90
51 62
51 66
51 73
51 90
51 93
51 97
52 60
52 81
52 84
52 95
53 55
53 65
53 78
53 97
53 99
54 72
54 73
54 75
54 80
54 91
55 70
55 77
55 80
55 81
56 60
56 81
56 90
56 96
57 70
57 71
57 75
57 89
57 94
57 95
58 68
58 70
58 72
58 78
59 84
59 89
60 66
60 71
60 78
60 82
60 89
60 96
61 64
61 69
61 92
61 94
61 99
62 79
62 88
62 93
62 96
63 66
64 67
64 68
64 70
64 76
64 77
64 78
64 80
64 87
64 96
65 87
65 94
67 71
67 91
67 97
68 69
68 74
69 72
69 96
70 71
71 77
71 78
71 88
71 92
72 74
72 93
73 91
74 93
75 79
75 83
75 98
76 82
76 92
76 93
76 95
76 98
76 99
77 79
77 83
77 90
77 91
77 96
78 80
78 82
78 86
78 94
78 95
78 96
78 98
79 91
80 91
81 84
81 93
81 94
82 87
84 89
84 94
85 91
85 95
85 99
87 92
87 99
88 90
88 95
89 95
89 98
90 91
91 96