100
480
0 9
0 20
0 34
0 37
0 51
0 53
0 61
0 69
0 92
1 32
1 88
1 90
2 10
2 13
2 24
2 33
2 41
2 89
2 92
2 95
3 5
3 8
3 10
3 12
3 15
3 26
3 51
3 56
3 63
3 65
3 74
3 98
4 8
4 43
4 54
4 55
4 70
4 77
4 87
4 95
5 31
5 45
5 48
5 50
5 63
5 71
5 72
5 77
5 89
6 11
6 15
6 17
6 24
6 53
6 56
6 57
6 71
6 87
6 89
6 93
6 94
7 9
7 29
7 37
7 55
7 62
7 81
7 84
7 93
7 99
8 15
8 54
8 63
8 65
8 70
8 73
8 87
8 88
9 11
9 22
9 31
9 37
9 40
9 53
9 58
9 60
9 71
9 73
9 83
9 84
10 17
10 28
10 39
10 41
10 52
10 55
10 60
10 61
10 82
10 84
10 89
11 30
11 31
11 51
11 56
11 58
11 72
11 80
11 85
11 94
11 95
12 20
12 21
12 23
12 28
12 55
12 61
12 65
12 66
12 79
12 91
12 93
13 14
13 31
13 56
13 58
13 62
13 70
13 78
13 98
14 16
14 17
14 29
14 36
14 39
14 41
14 46
14 47
14 74
14 79
14 85
14 98
15 17
15 20
15 45
15 54
15 72
15 80
15 81
15 82
16 28
16 33
16 60
16 61
16 71
16 76
16 79
16 84
17 21
17 24
17 29
17 30
17 39
17 54
17 56
17 67
17 68
17 71
17 78
17 94
18 29
18 31
18 32
18 35
18 58
18 75
19 28
19 30
19 38
19 44
19 59
19 62
19 80
20 23
20 32
20 65
20 75
20 77
20 85
21 31
21 34
21 35
21 37
21 50
21 51
21 82
21 93
22 26
22 28
22 29
22 35
22 44
22 51
22 55
22 81
22 82
23 24
23 36
23 39
23 43
23 47
23 58
23 63
23 66
23 79
23 91
24 26
24 45
24 51
24 99
25 33
25 35
25 54
25 56
25 58
25 68
25 71
25 89
26 29
26 34
26 39
26 46
26 55
26 68
26 76
26 77
26 79
27 33
27 65
27 67
27 75
27 85
27 96
28 35
28 46
28 50
28 78
28 81
29 36
29 39
29 52
29 66
29 70
29 98
30 38
30 54
30 56
30 63
30 65
30 84
30 88
30 94
31 33
31 49
31 59
31 80
31 87
32 41
32 54
32 85
32 96
33 37
33 46
33 50
33 59
33 62
33 67
33 97
34 65
34 67
34 84
34 88
34 89
34 93
35 42
35 44
35 69
35 78
35 79
35 84
35 99
36 41
36 50
36 67
36 74
36 85
37 60
37 76
38 41
38 48
38 53
38 56
38 70
38 73
39 51
39 59
39 75
39 82
39 95
40 41
40 44
40 80
40 95
41 44
41 77
41 80
41 89
42 46
42 84
42 92
43 47
43 53
43 78
43 94
44 52
44 58
44 66
44 73
44 77
44 96
45 63
45 64
45 77
45 89
46 48
46 49
46 71
46 81
46 88
46 91
47 48
47 76
47 85
47 88
47 91
48 56
48 78
48 87
48 88
48 95
48 96
49 52
49 58
49 59
49 70
49 87
49 89
50 68
50 76
50 82
50 85
50 90
50 93
51 54
51 56
51 58
51 63
51 70
51 81
51 85
51 86
51 90
51 91
51 99
52 54
52 68
52 71
52 82
52 88
52 97
53 58
53 61
53 64
53 67
53 76
53 78
53 91
54 70
54 73
55 80
55 99
56 62
56 69
56 92
57 65
57 67
57 70
57 72
57 76
58 84
58 88
59 60
59 67
59 71
59 83
60 64
60 66
60 69
60 74
60 94
60 97
61 71
61 77
61 89
61 90
62 64
62 69
62 84
63 74
63 76
63 89
64 84
64 91
64 94
65 71
65 97
66 69
66 74
66 91
66 96
67 86
67 89
67 90
68 75
68 82
69 83
70 73
70 96
71 76
71 81
71 83
71 84
71 86
72 80
72 81
72 84
72 90
72 91
72 94
73 79
73 82
74 84
74 93
74 98
76 77
76 91
76 94
77 89
77 93
78 90
79 83
79 84
79 86
80 82
80 89
80 92
82 90
82 98
83 86
83 91
85 92
86 96
87 88
87 89
89 95
90 97
91 99
93 96
94 96
95 96