100
488
0 19
0 20
0 24
0 27
0 29
0 42
0 43
0 44
0 81
0 88
0 93
0 97
1 10
1 30
1 35
1 39
1 41
1 62
1 76
1 77
1 84
1 87
1 93
1 98
1 99
2 17
2 19
2 24
2 27
2 40
2 43
2 47
2 63
2 74
2 77
2 79
2 86
3 18
3 22
3 32
3 34
3 44
3 46
3 49
3 91
4 5
4 13
4 69
4 89
5 12
5 13
5 28
5 30
5 32
5 34
5 36
5 40
5 50
5 52
5 56
5 62
5 71
5 72
5 85
5 88
6 26
6 27
6 42
6 54
6 56
6 67
6 92
6 96
6 97
7 13
7 17
7 25
7 45
7 69
7 86
7 89
8 10
8 19
8 25
8 41
8 52
8 64
8 69
8 82
8 85
8 99
9 24
9 26
9 27
9 28
9 35
9 36
9 45
9 59
9 73
9 74
9 77
9 83
10 11
10 27
10 34
10 40
10 85
10 95
11 14
11 21
11 33
11 34
11 39
11 43
11 56
11 62
11 67
11 87
11 93
11 95
12 19
12 25
12 30
12 35
12 38
12 50
12 53
12 77
12 81
12 92
13 28
13 42
13 44
13 58
13 77
13 94
14 16
14 23
14 42
14 78
14 83
14 99
15 33
15 34
15 38
15 49
15 53
15 78
15 91
16 24
16 34
16 57
16 71
16 88
16 97
16 99
17 26
17 34
17 36
17 39
17 55
17 57
17 58
17 90
18 60
18 61
18 63
18 67
18 68
19 21
19 29
19 44
19 56
19 57
19 60
19 61
19 62
19 65
19 67
19 70
19 85
19 97
20 21
20 43
20 56
20 67
20 68
20 69
20 74
20 87
20 96
21 32
21 41
21 53
21 62
21 74
21 81
21 86
22 30
22 32
22 35
22 56
22 57
22 60
22 86
23 24
23 25
23 52
23 58
24 28
24 43
24 49
24 60
24 73
24 84
24 92
24 99
25 37
25 54
25 69
25 87
25 97
26 48
26 51
26 53
26 54
26 79
26 80
27 34
27 35
27 38
27 43
27 46
27 69
27 81
27 84
27 92
28 43
28 74
28 76
28 77
28 80
29 47
29 55
29 64
29 65
29 79
29 90
30 41
30 45
30 56
30 59
30 65
30 74
30 81
30 83
30 87
30 93
31 37
31 42
31 43
31 61
31 73
31 75
31 77
31 91
32 49
32 51
32 58
32 71
32 98
32 99
33 35
33 52
33 62
33 77
33 79
34 36
34 67
34 69
34 87
34 89
34 95
35 47
35 48
35 49
35 56
35 63
35 87
35 97
35 98
36 44
36 54
36 57
36 68
36 85
36 99
37 43
37 82
37 89
37 98
38 45
38 52
38 53
38 87
38 96
39 49
40 61
40 75
40 88
40 97
41 43
41 47
41 48
41 62
41 64
41 83
42 43
42 62
42 65
42 86
42 98
43 46
43 57
43 66
43 70
43 71
43 92
44 53
44 55
44 57
44 74
44 84
44 94
44 98
45 52
45 61
45 64
45 68
45 74
45 87
45 96
46 68
46 83
46 89
46 93
47 53
47 59
47 61
47 65
47 76
47 77
48 52
48 53
48 58
48 65
48 79
48 80
48 82
48 97
49 59
49 68
49 71
49 84
49 88
49 91
50 60
50 85
50 99
51 53
51 64
51 65
51 79
51 90
52 56
52 98
53 56
53 57
53 60
53 62
53 75
53 76
54 57
54 61
54 76
54 77
55 65
55 71
55 75
55 82
55 88
55 92
56 58
56 76
56 90
57 67
57 77
57 90
57 91
57 95
58 75
58 87
59 62
59 65
59 69
59 80
59 84
59 85
59 88
59 91
59 93
60 62
60 68
60 80
60 84
60 90
60 96
60 99
61 79
61 92
61 94
62 96
63 77
63 90
64 79
64 97
65 83
66 80
66 83
66 89
66 91
66 99
67 83
67 84
67 96
68 86
69 72
69 79
69 85
69 97
70 78
70 79
70 86
70 87
71 80
71 85
72 85
72 92
73 91
73 99
74 76
74 77
74 81
74 90
74 93
75 76
75 84
75 96
75 97
76 94
76 95
76 96
77 78
77 92
77 94
78 82
78 89
79 89
79 98
81 93
82 96
83 84
84 94
85 90
85 97
85 98
85 99
86 91
86 98
87 88
88 90
88 96
90 92
92 94
92 98
93 99
97 98