100
488
0 6
0 22
0 28
0 67
0 77
0 78
1 6
1 14
1 26
1 31
1 44
1 53
1 66
1 70
1 84
2 34
2 41
2 46
2 55
2 61
2 71
2 75
2 79
2 83
2 92
3 4
3 5
3 17
3 20
3 49
3 56
3 71
3 75
3 79
3 87
3 91
3 94
3 99
4 22
4 31
4 43
4 44
4 51
4 54
4 74
4 75
5 7
5 31
5 34
5 53
5 57
5 81
5 83
5 90
6 24
6 38
6 48
6 50
6 54
6 63
6 72
6 81
6 90
6 91
6 98
7 9
7 45
7 48
7 54
7 65
7 86
7 89
8 12
8 13
8 16
8 20
8 43
8 58
8 86
8 90
8 94
9 13
9 26
9 34
9 43
9 61
9 66
9 90
9 93
10 11
10 16
10 29
10 31
10 34
10 47
10 55
10 66
10 72
10 92
10 94
10 95
10 97
11 13
11 61
11 87
11 90
11 97
12 22
12 26
12 44
12 56
12 61
12 72
12 79
12 83
12 89
12 92
13 15
13 27
13 34
13 46
13 87
13 90
14 27
14 36
14 52
14 54
14 74
14 97
15 21
15 50
15 61
15 65
16 28
16 32
16 51
16 70
16 73
17 26
17 35
17 49
17 50
17 51
17 63
17 82
17 95
18 21
18 40
18 48
18 61
18 67
18 77
18 84
18 88
19 34
19 44
19 53
19 75
19 79
20 30
20 33
20 71
20 79
20 81
20 82
20 84
20 88
20 91
21 28
21 29
21 44
21 52
21 67
21 84
22 31
22 42
22 43
22 74
22 88
23 25
23 27
23 28
23 30
23 40
23 46
23 50
23 68
23 73
23 78
24 32
24 33
24 35
24 42
24 53
24 59
24 87
24 92
25 40
25 46
26 46
26 49
26 66
26 72
26 73
26 82
26 98
27 37
27 55
27 58
27 81
27 98
28 46
28 51
28 81
29 32
29 42
29 48
29 57
29 58
29 83
29 96
30 34
30 42
30 51
30 53
30 55
30 64
30 67
30 73
30 77
30 83
31 33
31 50
31 53
31 68
31 73
31 74
31 80
31 96
32 38
32 50
32 55
32 59
32 62
32 68
32 71
32 87
32 89
32 95
33 41
33 48
33 70
33 85
33 88
34 45
34 56
34 58
34 74
34 90
34 97
35 42
35 44
35 47
35 58
35 67
35 79
35 85
36 37
36 56
36 64
36 65
36 67
36 72
36 76
36 81
36 91
36 94
37 38
37 60
37 65
37 75
37 97
38 48
38 53
38 63
38 66
38 68
38 73
38 92
39 47
39 64
39 66
39 68
39 71
39 73
39 79
39 92
39 93
39 98
40 44
40 63
40 74
40 83
40 99
41 71
41 96
42 50
42 57
42 60
42 87
42 91
43 45
43 53
43 70
43 72
43 86
44 50
44 53
44 56
44 57
44 62
44 71
44 72
44 86
44 89
44 91
45 53
45 65
45 66
45 80
45 99
46 76
46 95
47 55
47 57
47 58
47 62
47 65
47 68
47 69
47 78
47 82
47 84
48 49
48 56
48 68
49 52
49 59
49 61
49 72
49 84
49 97
50 51
50 53
50 61
50 74
50 77
50 93
50 99
51 65
51 86
51 92
52 63
52 66
52 72
52 85
52 94
52 97
53 70
53 79
53 82
53 99
54 55
54 61
54 72
54 99
55 56
55 74
55 87
55 90
56 59
56 86
56 98
57 61
57 66
57 68
57 83
57 85
57 88
57 93
58 69
58 76
58 95
59 79
59 84
59 96
60 65
60 69
60 94
61 85
61 87
61 90
61 91
62 63
62 67
62 70
62 71
63 64
63 68
63 70
63 73
63 81
63 89
63 91
63 95
64 79
64 83
64 91
64 97
65 72
65 88
65 93
66 71
66 84
66 90
66 96
67 69
67 89
67 93
68 73
68 84
68 85
69 75
69 82
69 99
70 81
70 85
70 86
70 96
71 78
71 81
71 97
72 75
72 76
72 77
72 82
72 86
72 89
72 90
72 93
73 90
74 88
75 77
75 87
75 90
75 94
75 99
76 80
76 86
76 99
77 85
77 92
77 95
78 81
78 89
78 98
79 87
79 89
79 94
79 95
80 87
82 92
82 94
85 87
85 97
86 91
86 93
86 98
87 96
88 92
88 98
89 90
89 92
91 99
93 95
94 96
95 96
98 99