100
498
0 6
0 11
0 23
0 25
0 37
0 45
0 47
0 50
0 52
0 57
0 64
0 73
0 92
1 2
1 15
1 23
1 47
1 48
1 63
1 66
1 75
1 81
1 85
2 8
2 12
2 14
2 23
2 30
2 37
2 42
2 50
2 54
2 56
2 63
2 64
2 70
2 84
3 19
3 24
3 25
3 45
3 46
3 67
3 94
4 8
4 10
4 15
4 26
4 27
4 32
4 33
4 38
4 55
4 56
4 60
4 62
4 74
4 85
4 86
4 88
4 94
5 8
5 22
5 41
5 44
5 48
5 53
5 60
5 64
5 80
5 88
6 28
6 30
6 36
6 58
6 66
6 68
6 72
6 74
6 99
7 8
7 15
7 19
7 35
7 43
7 46
7 71
7 73
7 81
7 88
7 99
8 10
8 17
8 25
8 28
8 33
8 34
8 48
8 55
8 57
8 61
8 62
8 75
8 80
8 93
9 15
9 29
9 30
9 35
9 41
9 44
9 48
9 63
9 82
9 88
10 16
10 17
10 71
10 77
10 82
10 93
11 34
11 42
11 46
11 50
11 54
11 60
11 79
11 87
12 21
12 43
12 62
12 82
12 83
13 18
13 21
13 28
13 33
13 37
13 52
13 58
13 60
13 62
13 74
13 79
13 94
14 18
14 59
14 61
14 67
14 68
14 78
14 84
14 96
15 18
15 23
15 29
15 30
15 32
15 33
15 35
15 39
15 48
15 65
15 78
15 92
15 97
16 23
16 27
16 33
16 69
16 81
16 89
17 38
17 52
17 57
17 76
17 83
17 94
18 55
18 72
18 73
18 77
18 80
18 93
18 97
19 20
19 24
19 25
19 32
19 34
19 49
19 58
19 65
19 75
19 90
19 92
20 26
20 27
20 34
20 43
20 44
20 49
20 58
20 63
20 70
20 94
21 61
21 92
21 96
22 25
22 27
22 30
22 33
22 38
22 55
22 61
22 62
22 67
22 75
22 82
22 87
22 93
23 60
23 73
23 76
23 84
24 41
24 43
24 65
24 68
24 72
25 35
25 45
25 50
25 60
25 70
25 77
25 98
26 36
26 61
26 70
26 71
26 76
26 77
26 89
26 95
27 33
27 39
27 50
27 69
27 90
27 97
28 40
28 49
28 51
28 54
28 69
28 70
28 92
29 34
29 42
29 48
29 50
29 52
29 56
29 65
29 76
30 43
30 51
30 54
30 56
30 63
30 66
30 77
30 80
30 86
30 90
31 42
31 53
31 60
31 78
31 98
31 99
32 55
32 62
32 63
32 67
32 77
33 49
33 54
33 67
33 87
34 36
34 44
34 53
34 56
34 80
34 92
35 55
35 58
35 65
35 80
35 83
36 51
36 52
36 59
36 61
36 78
36 81
36 87
36 94
36 95
37 42
37 44
37 50
37 53
37 60
37 72
37 73
37 89
38 55
38 62
38 67
38 72
39 44
39 46
39 61
39 69
39 80
39 99
40 55
40 56
40 66
40 67
40 73
40 80
41 57
41 61
41 69
41 78
41 81
42 74
42 81
42 84
43 52
43 61
43 68
43 69
43 82
44 45
44 50
44 53
44 69
44 76
44 97
44 98
44 99
45 55
45 70
45 72
45 77
45 86
45 95
45 96
45 98
46 52
46 55
46 81
46 88
46 98
47 50
47 52
47 71
47 82
47 89
48 51
48 59
48 82
48 99
49 59
49 60
49 74
49 86
50 66
50 73
51 59
51 99
52 60
52 74
52 84
52 86
52 87
53 56
53 64
53 79
53 81
54 65
54 78
54 82
54 85
55 56
55 69
55 74
55 80
55 85
55 92
55 94
56 60
56 70
56 75
56 80
57 70
57 92
57 97
58 62
58 69
58 78
58 81
58 88
58 95
58 96
58 99
59 63
59 64
59 73
59 95
59 96
60 84
60 98
61 84
61 86
61 93
62 74
62 83
63 67
63 70
63 89
64 99
65 85
65 94
67 84
68 84
68 87
68 90
69 76
69 82
69 84
70 75
70 78
70 84
70 87
71 86
71 87
71 94
72 87
72 91
73 77
73 81
74 79
74 81
74 82
75 79
75 95
76 84
76 90
77 78
77 82
77 83
77 86
77 87
77 88
77 89
77 93
78 81
79 89
79 99
80 92
81 84
81 87
82 83
82 94
83 96
85 88
85 93
85 99
87 91
87 94
87 96
87 99
88 90
88 91
88 93
89 99
90 99
92 96
93 99
94 96